3
10
39 7720 1239 2438 8856 1798 8366 2286 451 613 
5853 8098 1142 281 535 5920 8945 6283 2997 4679 2 1 977
3 1 656
4 1 458
5 1 882
6 4 726
7 3 447
8 3 841
9 6 908
10 9 612
10
2457 868 9534 6879 8224 7888 1598 585 2213 1112 
7578 7065 7629 9402 2278 3504 4386 1648 2328 7176 2 1 332
3 1 115
4 2 929
5 1 653
6 2 338
7 5 599
8 5 98
9 8 684
10 4 261
10
2748 7376 8872 8005 6674 3153 1820 3505 240 4187 
2804 8935 3023 334 531 1391 6019 1573 5981 3960 2 1 625
3 1 570
4 3 168
5 1 250
6 3 620
7 6 701
8 4 923
9 7 812
10 1 566
