1000
13 50 49 14 10 9 12 48 11 47 8 46 52 51 
14 44 42 52 47 46 39 41 50 43 51 47 40 49 48 
10 23 3 1 27 26 21 2 20 5 24 
13 32 4 2 5 30 34 3 8 7 6 33 26 10 
16 24 23 28 25 32 29 28 30 26 26 22 27 31 25 21 33 
8 11 32 10 13 14 36 34 29 
11 27 26 22 29 28 24 23 25 26 27 21 
7 37 40 47 46 48 45 39 
18 42 44 44 45 43 46 50 51 47 49 52 40 41 48 48 46 47 45 
16 16 18 12 15 12 15 19 16 17 20 13 14 17 13 18 19 
12 32 39 28 30 34 38 36 27 33 32 34 26 
15 37 26 25 21 40 43 39 20 38 42 24 27 23 22 19 
12 9 14 48 52 51 10 11 49 46 50 13 12 
11 29 26 44 42 46 45 39 22 23 25 30 
13 44 27 49 43 19 25 46 22 50 21 48 47 45 
17 43 34 30 36 29 42 26 40 27 41 44 39 31 37 33 38 28 
16 19 45 23 20 48 18 17 46 21 49 15 51 52 16 47 22 
16 39 41 38 35 36 45 43 42 44 42 47 41 40 40 37 46 
12 49 5 50 48 51 3 2 52 47 45 1 46 
11 24 28 32 25 26 29 32 25 33 27 29 
8 14 43 13 44 16 45 47 50 
18 30 9 6 7 3 10 27 26 4 11 32 8 28 31 5 29 25 33 
12 27 23 21 22 33 28 25 30 28 29 24 31 
9 22 38 21 25 45 20 43 24 40 
10 38 40 39 35 41 36 45 34 51 44 
15 16 18 20 14 15 13 19 15 19 14 11 13 18 16 12 
8 30 13 15 34 18 27 19 32 
11 10 12 8 43 49 48 15 46 16 45 14 
11 29 13 25 30 27 28 11 15 23 22 12 
16 17 13 18 15 11 15 10 19 13 16 12 14 16 12 11 14 
10 38 36 41 45 40 41 39 46 34 47 
12 17 40 44 41 37 42 13 14 10 16 45 38 
15 34 38 32 47 44 45 48 39 51 49 36 33 52 37 40 
8 15 10 29 28 33 34 17 18 
13 39 34 12 40 6 35 11 4 9 10 8 32 36 
10 31 32 29 30 33 31 37 35 34 36 
16 22 16 18 28 17 20 21 22 23 26 23 27 15 24 21 19 
17 40 24 30 47 39 43 28 45 32 31 29 25 26 44 41 42 27 
9 35 32 33 40 48 51 38 43 47 
9 27 29 26 23 31 28 43 24 25 
10 24 22 25 23 29 10 8 21 11 13 
14 19 37 20 18 39 21 23 22 35 42 15 41 40 17 
15 22 21 31 28 23 19 25 24 26 20 35 34 33 27 27 
8 33 34 15 37 16 36 30 13 
9 24 25 22 27 21 17 22 20 23 
11 12 8 6 46 13 48 52 11 49 51 10 
13 42 33 37 44 41 30 38 46 35 34 40 32 38 
8 23 31 33 25 22 27 30 26 
14 20 17 18 23 18 14 19 15 17 16 12 20 13 16 
15 33 30 11 27 15 10 35 12 16 34 13 31 32 29 28 
9 20 30 19 21 15 28 31 35 14 
18 33 41 32 40 36 45 30 37 42 46 29 34 48 47 44 31 35 43 
13 18 22 16 26 18 15 13 25 12 17 23 24 20 
12 20 16 18 21 22 13 14 19 19 12 17 14 
10 38 47 34 32 36 33 42 45 41 46 
11 51 50 38 39 35 42 34 36 48 52 49 
17 35 48 46 51 39 36 49 52 45 37 47 40 34 44 38 33 50 
9 17 23 21 18 25 10 24 20 19 
18 40 13 41 17 20 45 39 44 42 14 16 18 43 38 19 15 21 46 
9 32 39 33 38 34 35 36 40 37 
18 19 16 22 18 23 21 20 33 30 34 35 32 17 29 37 31 15 36 
12 48 34 41 50 39 42 51 36 40 37 38 52 
16 32 34 39 40 45 39 44 33 42 46 37 38 41 40 35 36 
17 30 10 17 29 23 27 18 28 13 31 11 26 16 25 12 14 24 
11 30 30 35 38 26 33 27 36 34 31 32 
17 19 21 17 20 23 20 25 21 16 24 23 22 18 19 15 22 27 
14 2 7 27 34 30 4 33 31 1 6 8 5 29 3 
7 18 22 17 42 39 16 47 
14 47 45 43 21 18 22 46 49 17 48 25 44 51 24 
8 38 34 35 37 11 36 33 10 
8 48 39 41 44 49 51 37 52 
18 29 29 26 32 26 31 31 27 24 33 25 28 27 30 32 28 30 34 
11 51 9 49 50 48 8 13 52 7 12 10 
8 44 43 39 25 21 23 27 22 
7 22 24 46 27 51 52 21 
7 14 16 10 5 4 1 13 
14 5 25 8 31 27 2 1 23 26 7 24 28 3 4 
7 10 11 29 12 13 31 33 
17 24 26 32 39 35 27 28 29 30 25 23 22 36 37 40 33 38 
12 28 29 23 17 25 25 19 22 18 23 30 24 
14 36 31 30 29 35 47 49 37 33 34 46 50 32 52 
13 34 44 36 36 40 41 38 43 38 31 32 30 33 
12 45 49 46 35 43 37 34 40 41 47 39 42 
14 45 38 43 8 10 41 39 7 42 11 44 46 40 13 
9 46 39 43 38 42 41 43 36 44 
10 17 33 14 15 29 27 32 13 12 28 
17 41 15 43 22 14 40 39 42 21 16 20 46 19 45 44 47 17 
15 41 40 42 10 43 7 38 36 11 44 14 9 15 8 37 
11 19 23 8 5 11 26 24 25 12 20 10 
11 28 26 32 32 37 36 39 35 27 24 30 
15 43 41 9 47 42 7 44 46 6 10 11 12 13 48 8 
16 25 48 47 31 28 45 50 30 44 27 46 33 43 32 49 29 
16 34 29 32 29 30 31 33 34 31 27 26 30 35 36 32 28 
11 33 37 1 30 32 35 6 29 36 4 2 
18 27 21 44 47 25 23 46 22 45 49 48 20 42 50 28 24 26 43 
10 16 19 19 18 14 16 17 21 12 24 
17 14 9 17 24 26 29 25 12 11 21 28 10 23 15 27 13 22 
12 50 42 52 51 43 47 48 49 45 46 49 48 
11 39 41 40 41 37 38 45 40 43 44 38 
9 10 11 13 29 30 34 27 14 32 
17 46 24 18 41 20 23 42 16 22 43 49 17 45 47 19 21 48 
15 28 27 31 20 30 23 25 21 23 27 24 26 29 25 22 
13 18 13 33 16 14 32 31 15 19 34 38 21 36 
12 14 22 24 19 23 12 6 21 25 18 7 26 
11 18 14 40 41 12 45 42 43 16 15 11 
12 43 49 28 26 45 23 44 24 46 41 30 47 
10 37 41 44 41 42 47 43 38 43 40 
10 22 46 21 15 45 19 48 20 44 47 
14 27 29 43 49 32 48 46 47 41 33 25 44 45 26 
10 22 40 43 25 26 20 41 24 39 18 
7 27 22 5 26 10 13 21 
13 51 4 52 6 5 48 1 50 7 2 8 3 49 
10 42 40 43 36 47 39 37 49 43 44 
8 27 28 22 26 25 27 22 29 
14 38 43 35 33 44 40 36 38 31 39 39 45 37 42 
14 5 3 8 1 12 16 9 7 11 10 6 2 14 4 
11 46 44 45 50 37 43 47 32 51 35 38 
7 3 7 5 4 2 8 6 
18 3 23 24 19 25 7 6 4 22 21 2 27 5 26 20 8 1 9 
13 30 34 31 36 36 39 33 29 35 40 35 32 33 
11 47 48 51 11 8 14 12 49 52 10 13 
15 46 39 37 42 39 35 34 45 41 40 33 40 38 32 43 
13 26 31 27 15 19 25 22 24 17 21 30 23 28 
13 30 19 24 18 28 14 31 27 23 17 26 25 21 
17 7 14 9 11 10 8 22 28 12 26 13 15 27 30 29 25 23 
17 32 30 13 38 34 7 35 36 31 37 12 14 11 6 10 8 9 
15 28 27 37 21 29 41 26 44 43 45 42 24 23 22 40 
15 42 38 40 32 38 35 35 31 37 41 39 36 34 37 34 
15 32 28 38 33 29 39 26 31 25 37 23 36 27 24 35 
13 49 47 3 48 6 4 44 45 43 11 46 10 8 
18 26 5 21 28 23 20 12 7 24 13 8 22 10 9 6 25 27 11 
12 46 47 15 11 14 49 13 12 44 10 50 43 
17 40 41 39 37 41 43 35 37 36 39 38 42 44 42 34 45 38 
11 35 36 34 32 40 25 23 26 22 38 30 
14 29 25 23 35 20 18 19 17 31 22 27 34 21 32 
7 46 39 41 49 33 42 44 
16 27 50 47 22 46 25 48 26 23 52 21 49 51 28 20 24 
12 43 16 40 13 14 20 38 39 42 41 17 44 
15 4 21 19 2 5 8 1 24 20 7 22 6 3 18 23 
11 35 29 11 36 10 31 34 16 32 33 14 
13 37 40 46 50 42 44 45 45 43 49 51 44 41 
8 2 41 4 36 38 5 6 42 
13 40 37 35 38 4 5 43 3 39 42 2 36 41 
14 22 23 25 21 19 17 22 20 26 15 19 24 18 18 
11 37 22 21 36 34 38 23 26 27 28 24 
13 38 33 15 32 39 13 34 17 19 12 14 16 40 
11 12 10 16 13 17 14 15 11 18 11 19 
18 31 35 32 33 33 29 31 30 37 28 29 36 30 26 34 32 27 34 
11 15 11 13 50 47 44 45 48 16 17 18 
14 21 28 33 25 24 22 27 26 25 18 29 32 30 31 
15 38 30 32 29 30 33 28 34 35 36 35 32 31 34 27 
11 29 30 42 31 25 27 45 49 28 48 44 
16 52 23 44 22 48 45 20 50 19 26 49 46 47 18 51 25 
7 25 17 22 19 24 21 15 
11 11 10 22 20 21 16 18 19 13 14 14 
15 49 52 51 48 45 46 50 47 44 50 51 48 47 49 43 
8 24 16 18 19 11 20 10 17 
18 14 16 10 5 8 21 22 7 2 6 15 19 18 17 9 20 4 3 
8 26 38 25 21 37 24 23 22 
16 5 29 31 1 9 24 28 7 8 4 30 23 2 26 3 27 
12 52 48 49 45 51 46 49 47 47 42 44 46 
16 37 20 38 21 18 45 41 19 40 42 43 17 39 14 15 44 
11 33 40 39 37 12 10 41 36 38 34 11 
15 13 36 14 7 29 10 9 11 28 30 8 6 35 12 34 
12 50 49 13 7 43 14 12 46 48 10 15 47 
9 27 21 14 25 26 23 12 13 22 
11 9 10 13 7 17 10 14 15 16 12 11 
14 11 38 13 34 10 15 33 39 12 36 35 40 9 41 
13 18 10 13 13 12 16 9 14 11 15 15 16 12 
7 10 12 13 11 13 17 11 
10 38 42 39 34 46 49 51 41 45 52 
17 30 32 37 35 41 33 33 38 34 35 34 31 40 39 38 36 37 
10 46 43 23 49 45 48 19 21 27 25 
13 27 21 35 37 33 23 29 25 32 28 24 26 34 
9 32 23 24 30 28 26 21 27 31 
9 38 40 9 7 39 41 35 8 6 
13 50 34 33 30 52 49 46 31 35 51 29 32 47 
7 21 46 51 20 48 18 50 
10 18 15 21 18 19 20 24 22 22 23 
8 40 37 35 38 42 48 47 49 
11 43 49 44 42 44 36 42 40 45 38 47 
14 44 35 39 34 37 40 36 41 43 38 33 36 32 37 
8 5 6 2 4 3 9 7 8 
11 49 45 18 14 47 46 22 51 48 21 20 
10 16 16 18 18 19 15 13 15 11 12 
13 32 37 38 37 36 35 34 36 31 41 40 38 39 
15 15 30 11 13 8 31 10 32 9 7 12 36 33 28 14 
18 26 38 40 20 28 39 45 22 21 27 44 46 25 24 42 23 43 41 
17 47 46 13 9 8 52 45 49 51 48 14 11 50 12 10 7 6 
12 16 13 46 14 52 50 47 20 18 48 21 15 
12 43 49 48 46 47 44 39 40 43 51 44 38 
14 21 45 43 40 24 46 27 38 20 19 22 26 41 39 
7 24 21 22 22 25 18 16 
18 35 40 25 36 32 34 26 37 31 32 27 39 30 28 33 33 38 29 
16 32 16 25 15 17 11 27 30 14 29 18 26 13 10 33 12 
10 46 47 41 15 43 16 42 14 49 48 
15 30 11 29 27 32 10 17 34 12 18 31 35 33 13 14 
8 12 13 17 16 47 15 46 51 
12 38 20 21 43 37 45 18 41 16 42 40 17 
14 8 9 48 10 13 49 50 14 16 15 12 11 52 51 
9 33 18 20 12 19 31 15 36 30 
9 17 20 16 26 15 18 25 12 10 
13 8 21 7 23 27 22 5 1 3 4 6 25 24 
13 46 30 33 49 47 31 26 25 27 28 52 29 32 
13 49 34 46 41 42 37 48 44 45 36 39 33 35 
16 31 34 32 28 25 24 31 29 30 30 32 36 35 27 26 38 
18 17 27 19 20 18 23 16 22 26 22 25 30 21 23 29 15 24 28 
14 13 17 34 21 30 31 33 19 15 32 16 20 37 35 
15 2 1 17 7 3 11 14 6 19 12 4 5 15 18 13 
17 42 43 47 39 42 48 44 38 41 36 45 50 43 49 40 44 37 
14 3 27 26 32 5 30 28 33 1 31 2 29 4 25 
14 23 6 21 7 22 26 5 10 24 25 18 9 3 20 
8 12 46 44 45 42 39 40 13 
11 14 7 9 15 20 21 12 8 10 13 18 
8 16 13 15 21 18 20 19 14 
10 20 16 45 43 19 42 13 44 15 39 
15 26 25 29 34 22 36 37 28 35 23 21 32 24 38 33 
11 22 37 44 40 18 21 39 43 38 24 19 
10 19 17 21 23 19 18 23 16 25 22 
13 19 39 18 36 34 17 32 38 13 21 15 31 33 
17 38 37 17 20 42 39 21 40 41 34 14 35 16 13 15 36 18 
17 13 14 36 6 31 38 33 35 11 12 9 30 34 7 32 8 10 
12 32 38 31 33 35 28 30 34 27 37 29 39 
13 26 44 39 42 33 32 27 31 38 30 41 45 29 
18 38 46 47 37 51 41 50 43 42 36 43 48 45 49 44 40 35 39 
9 52 31 30 28 29 24 27 48 32 
8 16 32 29 21 22 26 28 19 
15 28 35 34 33 27 46 47 31 49 32 48 30 50 29 52 
9 39 43 40 12 36 42 13 35 18 
7 2 8 27 1 22 23 26 
11 25 8 10 2 24 30 5 4 26 29 31 
13 20 22 21 17 23 18 20 15 16 13 12 19 14 
17 16 32 31 30 21 34 13 33 36 29 18 28 17 19 35 14 20 
18 22 17 18 20 34 32 37 36 35 16 38 39 31 23 19 24 21 33 
15 29 43 33 31 36 36 41 28 40 35 34 42 38 35 39 
16 9 50 10 45 46 6 52 8 5 13 49 7 48 12 47 51 
7 21 35 32 29 37 24 31 
16 10 48 8 6 52 47 49 11 46 45 12 51 50 13 14 7 
16 47 43 24 44 18 22 42 46 39 40 41 21 19 17 25 20 
9 24 22 26 22 27 25 29 30 28 
14 1 20 2 6 4 5 19 25 26 21 24 22 18 3 
18 12 6 8 15 18 11 9 13 13 17 16 10 12 5 11 7 14 19 
11 28 27 47 23 46 48 44 51 21 24 22 
8 44 46 43 41 39 47 48 40 
14 48 51 11 47 49 50 46 14 15 17 19 43 12 16 
11 20 23 25 24 21 26 22 20 27 19 25 
11 45 42 44 48 43 36 38 35 49 50 33 
14 32 29 39 35 31 34 28 34 38 30 42 37 36 41 
8 19 29 12 28 14 15 30 18 
10 35 38 39 37 34 13 33 11 10 41 
14 32 37 48 46 38 36 51 49 34 33 39 52 35 50 
11 51 29 47 28 48 50 49 26 30 22 44 
7 39 38 3 33 35 40 37 
7 24 23 22 26 20 23 20 
11 41 49 6 4 44 11 43 45 5 8 46 
12 30 25 33 52 26 29 32 51 28 50 48 27 
13 30 31 23 29 37 28 33 35 32 24 40 25 27 
15 12 18 19 11 11 15 10 14 17 15 14 13 16 13 16 
13 23 10 24 29 8 28 5 7 22 3 26 30 25 
18 24 22 48 44 26 46 45 29 43 28 50 23 25 42 47 27 21 49 
12 30 29 11 26 24 23 27 17 14 16 18 15 
15 34 22 21 36 24 33 30 25 23 35 20 26 27 31 37 
10 25 24 45 43 29 26 28 49 50 27 
13 41 46 39 27 33 28 47 44 31 30 40 43 26 
12 38 40 33 37 36 39 36 32 35 40 34 37 
11 41 37 34 39 35 35 33 42 28 40 29 
10 27 1 5 32 34 6 29 33 31 4 
10 10 50 9 51 46 2 7 52 8 49 
8 46 17 44 40 45 12 38 13 
13 39 45 40 37 46 48 44 38 43 42 47 43 50 
12 9 4 7 11 41 3 10 45 49 42 8 48 
11 19 20 15 16 4 5 17 3 22 2 1 
12 17 14 42 13 15 44 19 39 46 43 41 40 
16 45 10 41 38 16 46 15 14 12 11 44 42 17 43 40 18 
12 46 49 47 44 52 48 52 48 45 50 51 51 
12 30 47 37 46 45 32 34 43 36 35 38 42 
8 19 16 27 15 17 22 19 25 
7 32 31 30 3 34 29 1 
13 31 32 35 36 14 18 16 28 30 19 34 29 20 
17 37 46 40 44 42 38 48 43 47 41 43 45 36 44 39 51 49 
13 46 42 43 49 40 41 39 47 45 48 38 50 44 
7 44 46 20 24 18 42 48 
9 38 42 39 35 41 39 40 37 34 
9 7 4 8 46 5 43 9 45 6 
13 44 48 49 11 16 10 45 13 14 47 52 15 46 
13 21 16 34 14 36 35 22 32 33 37 15 20 18 
8 22 15 14 19 16 20 18 22 
7 20 47 42 46 44 43 45 
8 19 25 23 17 40 20 24 41 
14 44 42 41 41 36 46 40 39 43 42 47 38 37 45 
13 22 23 24 21 25 21 16 24 17 23 26 20 18 
16 30 25 34 33 29 23 32 31 20 22 28 19 35 36 27 26 
13 36 49 39 32 51 40 33 50 37 38 52 47 48 
15 8 42 43 49 44 45 12 10 16 46 48 9 11 13 41 
17 12 19 14 8 4 18 9 20 7 6 16 13 10 17 2 15 5 
9 18 17 13 14 16 15 19 20 12 
13 14 11 10 15 13 12 14 10 13 17 18 12 16 
10 51 47 45 49 48 49 50 50 44 47 
15 31 44 45 48 29 27 33 32 50 30 49 28 43 51 47 
11 20 17 20 21 16 15 22 19 18 13 21 
10 10 22 24 14 23 25 16 13 11 20 
14 25 29 26 23 31 30 42 43 36 38 27 24 40 28 
14 25 6 7 8 21 11 26 22 5 23 28 27 20 12 
9 34 27 29 31 30 33 28 35 32 
14 49 52 47 43 46 46 49 42 48 50 41 44 48 44 
8 13 14 28 34 10 33 11 32 
9 7 12 36 35 37 40 33 15 38 
17 42 44 40 39 39 41 34 47 32 31 46 36 37 35 33 38 43 
15 44 45 26 31 28 27 25 33 32 38 41 43 30 29 42 
10 21 22 23 29 34 33 28 26 27 26 
14 31 27 28 32 38 35 43 34 39 41 33 44 40 42 
17 26 42 37 43 29 33 32 44 40 39 34 30 28 31 45 38 27 
16 33 30 16 18 25 28 21 23 20 29 27 26 32 31 15 19 
15 5 8 11 21 22 27 4 9 3 29 6 7 23 26 28 
12 25 26 26 28 24 31 27 29 30 22 25 18 
8 38 14 18 12 37 42 35 11 
10 13 15 30 11 31 29 28 12 18 32 
7 13 17 16 12 43 38 40 
12 22 15 21 14 24 13 20 23 27 26 9 25 
13 20 44 47 24 17 39 18 23 40 41 45 42 21 
15 39 50 44 46 38 35 49 37 32 47 48 42 40 34 45 
8 36 31 35 24 32 21 22 20 
15 16 11 19 33 30 35 14 31 34 32 38 18 15 13 37 
8 52 50 32 40 48 34 39 38 
18 9 7 39 34 40 4 33 8 35 6 5 38 37 41 12 36 10 11 
8 18 6 19 15 11 4 12 7 
12 45 26 20 23 21 19 48 47 50 22 46 27 
16 39 21 41 14 44 43 40 38 15 46 16 22 19 17 42 45 
10 44 12 47 51 45 10 50 11 49 46 
14 39 20 15 45 40 41 42 17 38 13 14 19 16 18 
11 10 30 16 36 12 14 11 32 31 13 15 
13 40 38 16 45 41 42 44 23 17 20 18 43 46 
18 26 33 29 32 30 28 32 27 35 31 25 27 24 31 29 34 30 28 
11 8 5 40 12 6 47 9 45 13 41 48 
7 28 33 26 28 23 29 31 
15 24 19 9 25 7 8 11 20 10 6 23 13 14 26 27 
17 18 48 13 19 11 17 15 14 16 49 42 12 43 46 45 44 47 
12 35 16 17 24 30 34 29 18 19 23 20 31 
7 32 40 5 37 2 35 36 
16 13 39 12 36 14 11 41 38 16 15 42 40 10 43 37 44 
16 14 19 13 6 15 13 10 17 21 9 8 11 18 16 12 20 
18 21 16 45 38 17 18 43 42 40 20 44 46 19 23 41 24 22 39 
15 41 33 47 45 38 40 34 48 46 35 50 36 49 37 52 
9 34 29 31 26 30 26 33 29 28 
9 39 44 49 51 42 48 43 40 43 
10 34 44 38 42 35 41 39 48 37 46 
8 48 45 44 52 50 47 46 51 
8 11 12 48 40 17 16 15 10 
18 48 45 52 41 48 44 46 49 47 43 42 49 51 44 45 50 47 46 
15 19 15 20 14 18 21 15 17 17 13 22 20 16 18 19 
10 18 16 14 16 15 15 14 8 22 10 
15 4 48 9 10 45 11 5 43 40 6 46 8 7 47 42 
17 28 20 28 24 29 23 33 22 31 27 35 21 25 34 26 30 27 
18 42 43 37 22 40 38 24 25 27 30 41 26 29 45 39 28 23 44 
17 19 39 35 41 22 21 37 25 40 24 20 27 38 26 42 34 23 
11 46 35 37 47 41 44 43 36 40 42 49 
15 52 16 12 11 46 48 47 13 14 50 44 19 49 45 15 
14 29 52 34 48 45 32 31 33 28 46 50 27 30 51 
16 16 42 19 43 41 17 23 48 21 22 49 44 46 47 20 45 
16 43 48 26 45 24 49 28 20 42 22 46 27 41 21 47 25 
10 37 27 39 35 32 20 21 23 26 38 
9 7 4 5 2 42 47 48 46 41 
11 30 24 27 25 29 35 37 29 31 26 32 
13 6 50 42 4 9 49 43 10 8 46 7 3 44 
16 11 25 31 32 16 17 33 13 14 26 30 29 27 12 28 19 
7 14 51 48 50 13 47 17 
17 27 28 51 52 30 35 32 33 31 29 45 46 47 50 49 34 48 
17 27 34 32 39 36 35 43 42 31 44 41 29 28 38 37 40 33 
16 46 35 48 36 32 52 30 50 47 33 28 29 31 51 45 49 
15 24 21 51 28 26 25 20 23 27 22 47 50 48 52 49 
14 33 5 37 35 4 2 1 30 36 6 29 31 32 3 
17 8 34 35 36 11 28 7 6 29 31 12 32 9 10 13 33 30 
7 26 15 16 32 30 34 29 
14 47 39 26 29 40 25 30 46 41 31 43 33 28 32 
14 40 40 42 34 41 36 35 33 35 37 34 38 41 39 
7 13 6 10 8 7 12 9 
13 36 38 43 35 37 42 39 40 41 36 38 39 43 
12 7 47 43 44 45 1 51 5 50 8 3 2 
7 37 29 28 26 22 25 24 
10 43 42 30 34 31 36 41 38 35 44 
15 39 42 46 46 42 40 45 43 47 44 50 49 43 48 45 
18 23 25 22 24 27 20 26 26 22 23 21 20 25 24 19 18 21 19 
16 17 32 15 28 21 25 18 26 16 29 22 23 33 19 30 31 
9 18 15 13 27 26 12 25 14 17 
8 23 24 25 18 21 33 34 28 
18 44 21 29 22 43 42 49 46 45 41 23 26 47 27 28 24 48 25 
18 42 39 23 45 24 21 41 25 44 20 40 18 38 46 26 19 22 43 
9 47 48 51 46 45 45 46 52 43 
15 16 18 20 24 17 21 26 19 27 23 14 15 19 20 13 
14 42 20 12 44 41 37 19 13 18 14 40 16 15 17 
10 10 7 44 2 42 6 3 4 48 45 
16 48 49 28 52 47 46 51 50 32 30 26 33 31 29 34 27 
14 30 28 36 29 41 26 44 43 39 38 27 31 25 32 
17 48 44 47 44 50 46 47 49 45 52 48 49 51 51 50 43 45 
13 12 13 11 14 13 7 10 11 9 15 16 14 8 
18 50 14 51 13 49 15 21 20 43 16 45 19 17 47 44 46 48 18 
8 25 26 27 32 30 29 31 28 
15 18 17 38 35 14 15 19 37 16 34 33 30 32 20 31 
8 32 30 33 35 24 28 36 31 
11 19 18 13 52 49 47 14 16 48 46 17 
13 41 47 40 43 41 44 43 45 48 40 47 42 44 
9 25 18 22 23 14 15 13 20 17 
8 45 44 42 25 28 21 26 27 
10 11 18 16 12 15 17 10 14 10 13 
9 22 21 20 20 18 26 12 24 18 
8 21 20 15 18 22 14 17 19 
16 10 12 10 15 4 14 8 13 6 5 11 7 9 16 11 12 
10 1 41 6 2 46 3 5 40 39 45 
18 14 26 19 16 12 20 25 15 27 24 17 29 22 13 28 30 23 18 
16 40 30 45 31 44 42 26 38 34 32 28 27 33 29 39 41 
10 16 24 27 22 19 25 23 20 23 17 
10 1 13 7 12 14 5 11 4 2 6 
14 7 37 36 39 6 40 5 44 42 2 38 3 4 1 
13 34 17 19 22 16 23 29 35 33 28 18 31 21 
11 39 36 16 37 13 17 15 32 38 19 40 
18 25 27 23 21 22 22 19 26 24 25 26 18 21 20 23 24 20 19 
8 50 45 49 51 46 47 48 52 
14 46 48 45 16 19 50 15 17 44 22 52 20 47 49 
10 24 25 13 32 31 30 12 14 15 17 
7 25 23 18 11 16 20 24 
13 18 20 21 19 20 22 15 14 24 19 23 13 17 
14 12 19 20 16 10 11 17 15 14 13 21 15 22 23 
7 15 16 22 18 21 12 9 
8 1 9 5 4 10 3 2 8 
8 50 11 45 49 52 48 47 51 
11 4 2 29 1 34 3 30 28 8 31 26 
10 51 50 13 16 12 46 47 18 48 52 
18 39 37 41 42 37 36 35 38 41 40 39 45 43 40 38 43 44 42 
11 49 30 47 23 45 42 28 43 24 48 27 
9 52 1 48 6 2 51 50 4 3 
7 48 49 47 52 50 50 48 
12 12 31 28 11 27 30 18 26 16 19 24 14 
11 44 48 51 19 18 43 46 16 47 49 45 
9 25 23 20 46 19 22 43 49 48 
10 49 5 48 47 2 6 3 42 43 41 
17 31 23 29 32 26 24 27 28 28 25 25 33 27 29 30 26 21 
8 43 35 33 31 28 46 40 32 
15 7 48 43 9 46 50 47 13 12 6 8 42 11 44 45 
10 32 26 33 3 28 31 2 1 5 34 
14 18 33 22 20 25 27 14 29 21 28 17 19 31 15 
14 31 1 3 29 27 5 26 6 7 8 25 24 28 9 
9 28 21 20 25 34 23 19 22 17 
12 15 52 11 50 48 16 45 46 10 47 51 12 
13 36 33 40 47 46 50 35 44 38 45 41 37 48 
8 39 37 41 38 12 10 42 16 
9 12 33 34 11 31 30 13 35 36 
18 51 48 46 23 43 49 26 44 45 19 25 22 20 47 50 24 18 21 
7 20 9 16 15 18 22 10 
11 49 43 41 45 36 50 39 48 47 42 33 
14 33 41 37 34 36 42 44 39 38 39 35 40 37 41 
18 45 44 39 41 23 24 19 42 22 27 21 40 25 20 43 37 38 26 
7 44 47 48 43 45 41 13 
10 39 20 17 21 15 35 22 43 36 41 
13 21 45 41 40 42 26 22 24 29 27 25 28 39 
15 5 35 27 34 2 31 28 8 1 4 6 29 32 9 7 
14 34 33 16 19 18 20 38 32 24 40 37 23 36 35 
9 26 40 21 43 41 20 23 37 28 
9 9 51 8 12 5 10 7 49 52 
7 23 35 20 43 37 42 39 
9 23 27 24 30 31 26 25 28 29 
11 27 22 13 7 26 9 25 11 6 23 10 
18 23 36 18 35 19 41 42 39 37 34 17 20 40 38 15 22 21 16 
17 19 26 24 30 26 20 32 27 25 25 22 23 28 24 21 29 18 
7 44 19 14 49 18 45 43 
12 51 47 24 22 17 16 18 21 50 52 23 44 
9 24 19 42 20 41 18 47 43 46 
16 39 38 7 44 3 40 43 5 6 1 42 4 41 8 45 37 
10 41 51 38 52 33 36 49 47 34 37 
14 21 13 11 13 9 17 19 18 20 10 5 6 14 8 
8 19 32 20 26 22 36 37 38 
9 8 31 4 37 39 36 35 34 3 
7 38 36 33 48 31 34 51 
10 26 48 23 45 25 18 40 46 44 22 
16 8 4 22 16 23 9 10 6 19 11 21 12 5 17 7 18 
7 13 15 10 17 16 11 14 
11 31 24 7 23 4 10 30 28 5 8 12 
8 42 23 40 37 39 27 25 29 
12 30 27 15 12 29 33 10 13 16 34 26 14 
18 39 37 42 9 8 7 41 43 6 10 36 3 38 4 40 5 11 44 
9 24 16 28 9 23 30 15 8 29 
8 42 37 36 41 44 40 43 38 
7 12 13 15 34 38 17 19 
7 25 18 20 23 24 21 26 
8 29 31 33 28 39 32 42 41 
15 43 40 37 34 32 35 44 40 36 38 37 33 36 42 39 
8 33 30 32 50 31 52 45 35 
8 36 29 28 40 32 27 26 38 
16 12 46 13 43 17 14 48 44 18 16 45 42 47 50 11 49 
18 26 18 19 24 22 25 28 27 29 30 20 14 12 15 16 23 13 17 
13 43 45 19 16 18 47 21 17 42 44 46 13 49 
7 28 10 29 27 23 21 22 
8 47 52 36 38 32 31 46 34 
10 18 24 18 26 16 17 13 23 10 19 
17 26 28 27 25 31 30 29 29 26 33 32 30 34 24 31 28 27 
11 31 27 32 34 37 29 28 35 33 39 38 
9 38 41 28 42 23 43 39 25 40 
13 24 30 32 33 36 17 22 28 18 35 19 21 25 
8 22 47 51 46 50 18 21 20 
11 36 40 37 39 42 41 1 5 3 2 44 
18 40 30 28 41 29 43 42 44 38 35 36 33 34 31 32 39 37 27 
9 15 21 17 19 20 23 18 16 18 
15 31 27 32 25 29 33 26 25 20 26 19 23 27 28 21 
9 29 13 36 35 31 30 28 18 33 
16 18 47 14 49 21 48 19 50 15 51 16 52 17 46 13 20 
15 38 34 33 31 40 42 44 38 43 30 39 35 36 32 37 
14 32 35 29 33 34 28 27 30 51 52 50 46 49 31 
16 29 14 16 30 28 31 19 17 15 20 24 26 25 27 13 23 
8 15 8 11 35 12 31 39 7 
7 4 25 29 30 33 8 6 
7 48 47 13 8 49 7 51 
10 37 23 36 34 24 39 33 18 35 41 
10 34 26 51 52 48 30 31 32 27 49 
10 29 39 24 26 30 44 42 38 41 28 
10 28 26 23 29 17 30 25 24 21 27 
18 23 25 28 24 22 18 21 20 19 23 24 20 17 25 27 21 26 22 
16 37 41 40 42 37 32 44 36 38 34 38 30 33 45 31 39 
7 35 29 27 31 31 32 26 
8 10 5 2 1 13 4 11 9 
14 39 44 32 28 46 30 27 40 34 33 42 47 41 43 
8 25 10 20 24 21 22 19 26 
8 35 23 25 29 22 30 21 19 
18 35 17 22 42 37 36 24 21 39 40 38 20 18 41 16 43 23 19 
9 38 21 41 25 36 39 27 22 35 
8 21 9 12 20 19 10 6 8 
9 45 47 43 46 48 50 44 50 48 
10 28 33 31 29 25 26 36 30 35 30 
18 23 45 50 25 27 22 29 49 24 42 44 48 46 26 43 21 28 47 
12 51 12 8 10 11 9 7 6 49 4 50 5 
11 33 28 46 40 44 29 27 43 48 30 32 
7 28 12 13 10 27 11 29 
12 52 52 44 47 45 51 50 49 49 50 45 51 
18 47 45 43 17 48 51 50 20 19 44 22 23 24 46 49 16 18 21 
11 12 12 16 11 13 13 14 9 15 15 17 
8 1 2 24 4 27 26 3 30 
9 23 20 13 12 11 14 27 18 25 
9 5 28 29 7 6 2 34 3 33 
11 28 25 21 1 4 23 2 27 29 3 26 
8 9 8 6 17 18 10 15 16 
10 22 20 18 20 25 18 24 24 25 19 
11 16 40 13 39 38 19 37 12 35 17 18 
8 31 36 33 23 35 27 29 26 
9 34 47 28 29 50 46 49 30 51 
18 14 20 11 14 18 19 16 13 19 15 16 15 12 21 18 17 17 13 
11 34 31 32 23 33 25 20 26 27 38 24 
9 25 26 30 23 31 27 21 27 26 
9 13 16 2 14 11 1 8 3 4 
9 10 6 13 12 9 11 8 5 7 
10 40 36 39 38 37 39 34 34 33 38 
13 29 24 22 46 28 50 27 48 26 47 52 51 23 
10 50 51 37 36 39 45 46 34 35 38 
8 4 36 5 35 3 34 32 29 
11 5 17 21 22 2 1 23 19 15 16 18 
7 38 18 22 20 36 24 21 
8 36 5 38 40 35 2 43 39 
10 48 46 47 50 41 52 49 34 35 39 
12 48 45 49 49 51 44 48 47 47 43 52 51 
16 38 31 34 30 30 34 36 29 37 35 33 35 31 32 27 28 
9 18 12 15 14 13 11 17 16 19 
18 18 20 19 22 7 17 11 14 21 15 4 16 9 12 5 6 10 8 
7 40 38 41 42 9 39 7 
8 24 25 23 20 22 18 21 17 
9 16 19 14 21 15 11 17 13 22 
17 47 43 35 41 36 38 37 46 40 48 49 39 45 34 44 42 42 
12 17 22 14 28 20 29 15 21 26 18 24 25 
17 23 21 16 20 25 19 10 17 12 22 15 18 13 18 14 24 17 
9 13 42 43 44 48 46 50 49 45 
7 42 35 39 43 40 41 36 
12 28 21 30 16 18 25 31 15 19 23 29 27 
17 34 38 12 16 11 33 17 31 13 18 32 35 15 30 37 19 36 
8 49 44 45 46 50 43 47 48 
14 25 30 26 28 29 33 44 41 49 43 46 45 32 31 
10 24 11 23 12 17 19 21 10 18 16 
14 15 18 20 50 51 23 17 47 19 49 48 16 21 22 
7 48 50 49 51 52 7 47 
15 15 37 13 10 11 17 12 38 41 39 14 40 43 16 42 
9 4 6 51 44 3 1 7 52 46 
9 14 12 13 10 19 11 27 20 26 
12 42 44 26 43 40 25 24 23 20 41 21 37 
13 18 44 45 25 20 21 38 42 24 39 19 22 40 
7 27 25 32 26 29 28 24 
17 17 23 22 17 22 25 18 25 23 24 21 24 19 20 21 19 18 
8 23 10 18 20 24 25 19 26 
13 30 26 27 31 28 22 23 28 29 29 27 34 24 
9 31 33 21 25 29 26 30 22 34 
16 16 12 40 17 34 19 39 13 18 38 32 15 35 37 33 20 
14 21 23 52 50 22 17 20 16 48 49 19 45 15 18 
15 47 45 48 42 31 35 34 49 39 36 33 43 50 32 37 
10 43 42 38 44 47 37 32 31 39 48 
14 23 26 20 25 22 28 30 28 24 25 32 26 24 27 
9 30 32 35 36 34 37 33 41 37 
16 34 33 14 15 35 32 12 36 30 29 16 28 13 11 10 31 
16 17 32 27 26 12 16 15 28 29 33 25 13 11 18 14 30 
10 49 3 48 5 4 7 52 6 51 1 
9 33 30 26 18 24 27 19 25 22 
12 46 47 33 29 27 26 41 44 30 28 45 43 
16 43 23 24 30 26 28 44 41 22 40 25 38 36 42 29 27 
8 7 2 47 50 46 45 44 48 
11 15 13 17 21 16 20 16 11 14 15 17 
7 9 4 3 1 7 5 6 
7 30 31 46 35 48 41 42 
11 19 12 28 30 13 16 14 17 26 18 32 
10 22 26 28 22 23 21 24 28 25 27 
15 33 49 51 30 31 44 48 38 47 37 34 46 35 36 43 
12 30 49 33 28 31 43 50 27 48 32 47 46 
7 10 15 11 12 14 8 9 
13 47 51 18 46 16 17 24 50 48 22 49 52 21 
17 18 25 19 14 12 26 18 23 17 19 24 20 15 21 20 16 13 
10 42 23 25 24 27 26 22 46 40 41 
11 18 46 52 17 51 49 48 45 20 47 50 
10 26 19 27 21 22 20 33 29 28 23 
11 28 22 49 51 29 52 27 21 48 25 23 
11 31 11 28 32 29 33 35 10 36 30 34 
9 38 44 36 42 49 40 48 41 39 
12 14 45 17 46 13 51 11 19 12 52 15 16 
13 23 29 26 34 21 22 29 28 33 27 31 35 28 
12 37 22 21 16 20 15 17 42 18 39 23 44 
9 35 34 5 31 32 38 30 4 10 
8 3 23 24 26 29 6 10 5 
10 1 4 17 20 19 5 13 2 15 14 
9 16 21 13 25 23 26 14 15 24 
13 9 13 14 7 10 10 11 13 12 8 6 12 11 
16 4 6 49 45 51 3 50 44 2 46 7 43 48 1 5 47 
12 14 18 14 11 9 10 8 16 12 16 15 17 
12 40 42 15 41 14 13 39 38 43 17 44 9 
17 17 7 19 22 23 18 11 12 6 21 10 9 14 13 16 8 24 
7 40 48 49 52 46 45 50 
12 16 6 5 1 12 11 9 17 13 8 7 4 
10 4 16 5 7 6 14 11 8 15 11 
14 41 41 37 36 38 37 43 33 42 35 36 39 34 40 
12 13 10 12 8 11 14 18 9 16 11 16 12 
16 21 35 25 26 33 22 27 37 39 23 32 31 20 36 24 34 
13 38 36 40 22 39 17 33 18 34 41 20 15 21 
11 18 35 24 37 32 31 19 17 23 33 22 
10 15 17 14 22 13 12 19 24 16 18 
10 19 13 20 44 15 37 18 16 14 21 
13 47 41 43 10 11 14 8 39 44 42 40 9 12 
9 26 31 13 10 7 24 6 23 29 
14 34 32 37 31 28 35 35 31 36 29 36 34 33 32 
14 51 8 14 49 16 10 47 12 48 11 52 9 13 50 
7 18 17 24 47 23 40 41 
7 40 25 24 42 41 32 36 
9 17 19 35 15 20 30 36 16 33 
11 43 47 42 40 44 41 43 37 39 40 42 
13 20 20 25 18 25 23 21 17 23 26 24 24 22 
13 34 38 1 5 35 4 39 2 3 40 33 36 37 
9 11 10 12 10 9 17 16 11 15 
10 19 18 33 38 31 20 32 35 14 39 
10 18 15 12 11 14 22 14 20 13 15 
14 39 44 37 49 36 35 32 43 48 42 40 46 50 47 
11 25 20 21 23 19 18 26 26 24 21 20 
14 9 43 42 12 48 13 49 45 46 16 50 47 14 8 
14 18 12 11 12 17 18 13 14 16 19 15 14 20 13 
9 30 48 31 49 37 50 32 34 35 
16 30 27 26 25 27 25 22 26 29 29 31 24 30 24 28 28 
9 7 47 46 6 12 13 14 52 9 
15 31 32 35 37 39 33 37 30 41 42 38 35 36 34 40 
13 26 31 30 27 32 29 29 34 36 24 22 33 25 
15 2 7 49 3 46 48 1 50 51 52 4 6 45 47 5 
12 24 29 16 27 15 14 20 21 13 26 21 28 
10 36 28 46 47 35 51 32 52 33 34 
15 41 42 46 52 47 50 48 49 43 51 45 44 47 48 49 
8 33 42 48 44 30 31 47 43 
7 19 14 13 18 17 20 16 
13 11 7 42 38 9 8 44 46 39 10 40 13 43 
10 43 36 45 39 48 46 34 38 40 42 
8 36 29 25 42 24 28 41 23 
8 9 12 8 10 13 11 16 15 
10 29 24 22 21 26 10 27 23 28 25 
8 31 27 29 26 32 28 30 34 
8 11 17 19 10 11 13 16 6 
17 42 39 30 41 33 44 43 27 46 26 32 31 28 47 40 45 34 
15 38 35 30 44 37 48 50 47 46 31 34 43 33 32 49 
9 26 46 45 51 24 21 48 23 27 
14 12 16 29 13 14 25 10 27 8 26 24 15 23 22 
8 48 49 16 20 15 51 47 17 
16 35 36 32 27 33 35 38 29 33 34 28 31 32 39 30 37 
12 51 48 26 49 21 47 23 52 22 24 19 27 
12 40 44 43 38 41 39 42 40 46 42 47 37 
10 25 23 24 24 25 21 27 27 22 28 
7 42 11 13 38 43 16 12 
16 29 4 33 30 8 34 6 36 35 32 31 7 9 37 5 10 
10 47 13 50 14 9 52 8 7 49 51 
13 41 31 43 34 39 35 36 38 36 38 35 32 40 
14 29 33 19 31 32 27 17 20 15 21 25 18 13 26 
8 36 32 38 31 25 32 40 27 
13 29 24 34 26 19 28 33 20 26 32 23 25 27 
14 28 34 17 19 13 11 29 27 30 33 16 15 32 14 
7 21 26 17 11 14 13 24 
11 25 28 26 29 17 23 22 23 19 21 20 
7 46 38 51 48 39 47 36 
10 38 39 37 46 44 35 51 43 34 50 
9 11 24 15 13 16 27 12 20 22 
12 10 16 12 50 46 43 48 11 42 45 13 44 
15 24 51 23 20 22 49 48 21 25 19 27 52 47 26 50 
7 33 36 34 37 40 38 36 
15 7 10 11 9 4 41 45 40 39 3 43 47 46 5 42 
7 19 22 16 21 30 35 31 
14 11 13 23 24 20 25 19 27 12 22 10 26 14 21 
14 52 50 41 34 38 37 49 47 40 35 39 36 51 48 
9 35 40 36 34 33 39 37 38 41 
14 30 12 11 31 10 13 33 29 15 27 28 14 35 34 
7 16 21 20 25 29 28 31 
11 46 48 45 50 44 49 47 51 42 47 48 
13 23 39 32 26 35 40 18 36 22 33 25 37 38 
7 3 2 4 6 1 7 5 
10 2 26 9 7 30 27 31 25 4 3 
17 22 30 18 25 21 33 29 35 28 24 34 20 19 17 31 27 23 
17 50 45 10 2 5 7 9 4 51 46 44 48 6 52 47 3 8 
17 27 28 29 34 33 15 21 16 32 22 19 20 31 23 30 17 18 
12 39 9 35 37 11 10 43 42 12 15 41 38 
15 34 37 35 35 39 40 42 39 38 41 41 34 38 37 40 
13 21 52 47 22 15 18 17 14 16 51 48 20 50 
13 12 10 5 11 13 10 7 3 4 11 8 6 9 
16 29 24 27 32 25 20 23 26 31 26 28 27 25 21 24 28 
16 30 15 17 18 12 16 35 27 13 19 28 29 20 32 33 34 
13 35 3 4 5 7 34 30 29 1 28 33 32 31 
11 39 8 38 34 6 42 40 1 7 2 3 
14 30 28 27 29 31 42 46 24 47 45 43 26 44 48 
15 22 32 26 18 25 27 34 28 23 33 20 17 21 31 24 
8 18 12 16 13 21 19 10 24 
11 5 6 13 9 10 11 7 12 11 10 8 
18 33 38 26 39 29 32 35 37 27 24 25 28 36 34 31 30 31 23 
16 16 17 14 23 22 15 18 16 19 17 20 21 21 18 24 19 
10 13 8 20 10 21 9 18 17 5 19 
13 40 26 41 27 24 23 42 25 30 38 29 43 36 
17 14 19 14 11 20 13 21 10 15 9 12 18 8 15 16 17 13 
10 30 32 29 24 26 27 24 23 22 31 
18 12 19 10 6 11 13 5 8 9 16 14 3 17 15 18 4 2 7 
18 14 31 38 32 10 6 37 7 11 9 34 36 13 8 35 39 12 33 
18 29 33 31 35 21 30 27 28 18 34 23 32 22 26 25 19 24 20 
14 49 51 33 48 39 34 52 32 31 37 36 38 50 35 
15 13 52 12 48 11 8 7 9 10 14 51 49 50 15 47 
14 17 18 27 24 20 20 12 19 23 15 13 26 19 21 
18 10 42 46 39 14 45 41 44 15 43 47 12 40 17 18 13 16 11 
7 6 8 4 2 7 3 5 
7 50 16 19 18 52 23 20 
16 18 20 17 20 21 25 22 24 15 19 19 18 16 21 14 17 
14 20 22 28 27 22 23 21 19 24 29 25 23 24 30 
8 32 6 12 11 29 28 10 33 
10 41 37 39 35 5 42 43 40 36 3 
7 32 31 28 23 30 36 35 
15 38 41 26 42 35 23 27 25 37 24 36 31 39 28 43 
9 34 9 10 15 42 14 13 12 8 
13 18 28 29 25 31 21 22 19 27 25 30 32 23 
10 44 48 17 11 43 46 12 16 49 15 
9 6 2 10 4 5 1 8 3 7 
9 40 41 43 45 37 39 36 43 42 
10 51 24 50 23 21 48 18 22 25 19 
15 18 12 38 15 41 36 35 43 16 13 42 39 10 37 11 
12 44 47 49 52 45 47 51 50 49 50 46 51 
11 10 12 43 38 42 37 41 35 40 39 36 
10 39 10 32 31 36 12 37 33 38 34 
13 43 42 41 19 39 44 16 13 14 37 17 40 38 
14 34 37 32 7 38 35 33 2 1 39 4 6 8 5 
11 45 48 47 21 22 25 20 50 51 23 44 
7 51 43 17 47 22 20 49 
13 20 39 17 37 41 21 38 35 16 22 42 24 18 
9 32 31 47 46 29 25 30 51 48 
11 35 32 33 37 11 34 10 29 30 36 31 
17 21 24 20 45 46 47 25 42 19 44 50 22 49 48 26 43 23 
8 47 41 50 49 36 40 43 38 
11 35 32 28 29 31 24 40 33 36 37 32 
13 29 22 39 24 30 41 45 28 25 38 27 23 40 
16 39 43 44 48 42 50 44 37 38 40 41 49 45 43 36 47 
9 38 41 42 36 10 34 35 11 37 
15 38 33 40 39 36 28 27 42 41 34 32 37 34 35 29 
13 42 37 9 11 36 8 41 38 39 12 10 6 14 
7 43 46 5 48 9 12 42 
17 10 42 15 13 45 47 44 8 11 50 43 48 14 46 49 9 7 
13 18 31 24 26 21 20 30 26 29 24 19 27 23 
16 16 21 24 30 18 22 35 23 34 32 36 37 20 33 31 17 
12 17 22 16 20 23 21 24 14 18 15 20 22 
7 28 5 24 29 30 25 26 
11 47 49 46 47 46 44 48 52 42 49 51 
10 18 20 47 50 22 46 44 43 45 49 
15 12 40 42 34 13 15 39 20 36 16 35 14 19 41 17 
13 39 40 45 44 38 45 41 43 39 44 40 42 42 
7 14 10 26 22 24 12 13 
14 25 23 19 16 13 24 19 17 11 21 27 22 18 14 
14 36 30 43 42 45 34 47 29 39 44 33 32 40 41 
16 42 52 50 47 49 44 45 44 43 49 48 47 48 46 51 41 
10 31 33 6 34 8 11 32 30 9 4 
11 6 34 7 3 40 10 38 36 9 42 39 
9 43 41 46 49 44 48 45 47 42 
8 41 14 46 18 11 45 16 12 
12 27 32 18 33 34 35 14 17 31 15 30 12 
14 35 37 36 34 31 30 36 35 32 37 33 38 32 34 
11 34 41 30 42 33 36 34 37 38 39 35 
15 43 9 17 48 14 50 13 46 45 10 12 44 15 11 42 
15 13 18 15 9 20 8 7 10 21 19 14 23 15 17 16 
8 20 14 7 10 8 11 12 15 
15 4 7 10 15 13 11 6 18 12 16 3 10 5 9 14 
16 24 26 29 20 17 25 22 15 22 21 21 19 28 14 18 23 
18 17 48 47 15 40 18 19 22 42 23 21 43 41 44 45 46 16 20 
16 47 18 17 52 50 16 15 13 45 44 19 48 11 46 51 14 
16 22 37 32 28 23 24 27 36 38 39 29 26 21 33 34 25 
16 46 42 38 51 47 40 41 52 48 49 37 45 50 44 43 39 
9 12 17 23 16 18 25 24 11 21 
11 1 5 2 4 6 31 26 33 29 27 30 
16 31 13 15 29 16 19 34 20 14 17 27 18 33 28 30 21 
13 32 51 50 48 36 35 49 46 44 34 31 37 38 
10 13 3 10 7 9 6 4 10 14 8 
11 39 35 16 41 37 18 36 42 34 21 19 
10 32 31 30 5 6 7 10 25 9 2 
14 24 40 20 42 44 21 46 43 48 18 25 23 47 26 
7 11 8 15 16 12 13 9 
17 10 13 44 15 46 17 41 40 42 11 18 43 16 38 12 39 45 
16 35 40 3 42 39 37 4 1 43 6 36 41 2 7 5 38 
12 37 35 38 13 39 15 14 12 17 33 40 10 
7 11 12 12 14 15 16 10 
12 23 20 24 23 21 22 25 24 28 27 25 19 
8 19 15 11 18 13 48 46 17 
15 21 28 22 28 25 24 24 26 20 25 23 29 27 27 30 
8 19 49 21 46 15 17 45 16 
7 37 41 40 42 39 45 38 
12 44 27 25 21 46 24 48 51 47 26 29 23 
10 23 22 28 10 26 8 6 24 9 27 
17 22 39 16 14 17 18 31 38 35 15 20 19 37 34 36 21 32 
17 26 31 25 30 45 46 29 50 32 51 47 52 48 27 49 24 28 
12 34 14 10 38 17 12 32 15 11 31 37 16 
9 37 11 15 14 36 39 13 9 40 
17 25 17 24 28 22 20 26 19 13 27 15 29 21 23 12 16 18 
12 43 6 45 4 47 44 48 3 9 11 40 46 
11 4 24 9 23 7 29 28 5 6 22 26 
13 13 24 18 14 12 15 20 16 18 11 25 21 19 
12 13 6 49 7 10 52 8 51 11 50 48 9 
7 7 2 6 8 3 4 1 
7 4 37 40 8 6 33 3 
7 34 22 21 15 39 40 36 
9 6 10 4 8 11 39 5 44 45 
14 43 43 51 42 44 49 37 38 50 46 45 40 45 48 
9 31 29 30 21 23 28 32 24 27 
11 37 34 14 16 35 15 11 40 18 41 13 
8 6 8 46 5 7 40 45 3 
10 30 47 28 29 35 51 50 33 34 48 
17 30 21 17 28 36 35 25 33 20 31 22 24 19 34 23 18 32 
15 32 31 29 25 45 40 37 38 24 28 43 39 42 30 26 
7 25 30 28 24 27 26 32 
8 27 33 32 26 25 31 29 28 
10 40 33 39 42 37 39 34 37 35 36 
11 20 23 17 16 11 10 19 13 25 15 12 
11 29 30 37 33 36 25 32 27 39 40 44 
13 49 48 43 3 42 41 4 44 5 47 1 45 46 
15 36 19 31 33 25 22 37 32 30 24 35 34 18 20 29 
16 39 33 34 33 36 38 32 38 34 30 37 32 36 35 37 31 
16 46 39 13 47 42 45 18 16 14 44 41 43 20 40 15 21 
15 26 2 4 24 1 30 3 8 27 7 5 28 6 23 29 
12 13 19 18 26 11 21 17 22 28 15 29 16 
18 20 25 29 21 23 24 26 23 25 19 21 22 26 28 22 27 27 24 
9 51 24 29 52 27 22 21 25 49 
17 47 37 50 48 41 36 38 42 49 51 39 46 52 35 43 40 45 
13 43 42 46 45 17 21 15 14 47 50 19 48 44 
17 19 18 35 34 31 39 14 33 15 32 13 38 37 36 16 17 11 
8 51 30 36 44 49 47 31 43 
16 41 40 51 43 49 36 50 48 39 37 44 45 38 44 46 42 
10 51 38 48 39 47 50 35 34 40 33 
9 25 32 50 28 31 27 52 26 29 
8 3 4 8 6 2 5 7 1 
17 38 47 37 44 49 35 34 33 39 42 46 41 32 36 40 48 45 
16 49 20 16 51 22 23 21 52 17 19 18 50 47 48 15 46 
17 34 33 35 32 35 40 30 37 28 27 33 39 31 38 32 34 29 
16 20 1 2 15 18 16 5 14 7 19 4 12 6 13 3 17 
8 10 43 35 38 42 37 40 39 
13 38 32 36 37 11 34 35 10 33 13 39 14 12 
13 46 42 38 28 41 31 33 35 45 32 34 43 39 
11 40 31 25 45 33 38 29 41 42 44 32 
12 28 30 33 12 16 13 18 17 15 19 26 29 
7 41 45 47 46 44 46 49 
10 11 45 49 46 16 50 9 48 52 51 
9 9 12 11 7 48 51 50 10 52 
13 35 32 41 39 37 42 36 43 44 45 38 40 38 
15 7 2 36 34 41 5 3 9 35 6 8 40 39 10 42 
13 35 30 45 50 28 46 36 29 49 42 44 43 47 
8 29 35 34 50 31 49 51 30 
7 22 17 21 25 16 23 20 
14 32 17 31 33 37 38 15 19 35 13 14 18 20 34 
17 52 18 47 51 45 19 14 49 17 16 20 48 46 21 22 15 50 
15 40 44 41 42 39 47 44 45 43 45 41 42 49 48 46 
9 21 22 23 39 38 42 41 18 16 
7 43 34 36 41 44 35 37 
11 50 45 43 44 47 47 49 46 52 45 50 
17 33 44 45 39 43 29 26 47 27 31 46 30 41 28 42 40 25 
8 18 20 15 19 48 17 51 47 
7 23 35 24 36 22 33 31 
16 24 17 51 19 47 43 16 23 21 20 50 45 49 18 46 22 
13 15 12 11 35 32 31 29 34 13 10 36 33 37 
13 37 33 47 43 46 39 48 40 35 42 32 45 36 
8 23 46 25 28 47 27 48 29 
10 8 6 14 11 10 13 9 13 16 10 
7 38 25 35 30 40 31 29 
8 48 40 46 35 42 44 39 45 
13 43 15 46 14 17 18 13 16 19 11 41 44 39 
17 37 26 45 38 20 23 43 41 19 21 42 24 22 18 44 39 25 
9 5 43 10 9 41 37 39 8 6 
12 18 48 15 12 50 47 14 46 49 13 11 45 
17 27 22 28 24 23 29 16 24 18 32 20 31 21 19 26 30 17 
13 33 19 29 32 22 35 23 16 17 30 31 15 18 
10 32 35 49 36 34 30 51 50 29 52 
10 13 14 32 35 9 8 16 33 10 15 
16 32 34 33 40 37 38 34 36 36 33 39 37 32 35 38 39 
14 19 27 23 16 24 11 18 14 13 26 12 25 17 15 
7 16 18 21 22 17 20 14 
8 12 15 40 46 13 43 17 39 
11 42 14 9 11 43 12 44 46 16 39 40 
9 3 2 13 15 1 5 7 19 18 
13 15 19 19 16 21 14 22 21 15 20 18 18 23 
7 37 21 41 20 25 23 42 
9 11 19 14 16 13 12 21 15 23 
8 18 16 14 19 15 17 13 20 
18 35 43 27 29 28 38 42 32 31 34 35 40 33 41 37 36 30 39 
11 33 32 40 25 23 31 24 27 36 28 30 
8 30 33 39 34 35 31 36 43 
11 30 31 28 27 20 24 25 23 19 21 26 
9 46 50 37 42 44 40 36 41 35 
12 16 31 37 33 15 12 14 35 38 32 39 18 
13 13 18 14 22 11 16 15 25 12 20 24 19 17 
9 17 25 25 20 26 24 18 24 19 
10 29 30 29 25 28 35 24 27 36 34 
11 14 11 12 18 16 19 10 13 13 12 15 
9 11 13 10 43 41 12 46 48 40 
9 23 22 16 21 19 30 18 28 20 
18 31 31 30 34 34 30 28 33 26 28 32 32 35 29 27 27 33 29 
13 41 35 34 41 40 38 40 38 34 35 39 36 36 
18 35 34 33 25 23 37 26 21 40 41 22 38 36 20 39 19 18 24 
18 18 21 17 20 23 20 18 16 17 24 16 15 23 22 21 19 19 22 
14 38 22 35 33 37 39 18 17 23 20 32 24 16 19 
12 15 48 13 44 45 51 16 11 17 9 12 47 
17 36 41 40 35 38 33 38 37 39 43 45 40 46 44 41 42 34 
9 30 45 31 42 26 27 44 25 41 
14 20 23 16 21 25 24 18 22 17 18 19 15 20 14 
14 33 34 37 36 40 38 29 31 45 32 43 37 39 44 
16 8 29 27 31 7 12 11 26 10 30 24 13 32 28 6 25 
9 17 22 9 13 19 18 8 10 11 
7 21 33 30 36 32 17 25 
8 36 37 31 30 35 33 32 34 
17 51 45 27 30 49 29 25 46 50 26 47 48 44 32 43 31 33 
8 49 47 52 47 52 48 46 50 
16 32 21 30 19 28 34 24 33 20 22 26 26 25 18 23 31 
7 22 28 27 24 29 25 26 
18 30 4 32 11 31 5 10 7 6 27 8 26 29 33 9 28 34 3 
16 45 17 50 19 18 47 21 46 44 49 20 25 51 48 22 24 
12 45 43 7 39 42 8 38 3 6 2 1 41 
13 21 19 16 25 24 32 23 30 15 20 27 26 18 
12 21 17 43 41 39 18 46 40 19 20 45 15 
15 14 15 20 16 27 13 18 28 30 35 19 34 17 29 33 
7 14 13 11 12 15 10 13 
14 4 18 16 6 3 2 17 10 13 5 1 14 15 11 
11 33 41 29 26 42 40 43 30 28 25 31 
17 24 10 15 25 27 28 9 11 8 7 14 26 23 21 29 22 13 
9 25 30 24 20 29 28 27 31 22 
9 22 25 27 22 25 21 18 26 23 
12 42 45 41 47 44 41 46 49 40 43 44 39 
11 10 30 13 36 34 35 11 31 12 33 28 
10 40 26 41 29 28 44 43 22 47 27 
8 10 10 5 6 8 11 4 7 
7 35 5 4 31 30 37 3 
16 43 26 20 36 38 21 42 19 23 40 37 25 22 44 24 18 
8 34 35 43 37 46 45 42 42 
11 15 45 52 9 47 49 8 14 12 11 16 
17 43 26 25 31 39 38 44 28 42 29 30 37 41 40 24 27 36 
15 30 24 42 49 48 29 46 23 31 43 44 27 47 28 50 
10 21 18 11 10 16 20 19 15 12 17 
14 15 21 19 18 45 43 20 48 49 47 46 41 17 44 
17 19 23 43 18 20 45 40 41 24 21 16 22 48 44 47 46 42 
9 32 28 33 35 28 33 29 34 30 
8 50 45 10 12 47 48 11 46 
9 33 31 32 31 27 29 34 26 33 
7 34 32 27 47 26 31 51 
10 20 21 6 26 19 18 3 9 10 22 
9 33 19 36 32 38 18 31 37 22 
17 33 37 38 33 36 35 41 32 38 39 34 40 34 37 40 36 35 
10 40 41 19 36 24 38 35 39 21 34 
11 48 33 37 50 46 32 34 36 38 49 47 
11 43 48 14 41 13 10 45 49 12 42 46 
15 36 18 41 40 42 19 16 17 37 43 20 21 38 15 39 
18 42 49 45 46 41 38 40 44 36 43 42 39 48 47 43 35 41 37 
8 29 8 33 30 11 9 14 28 
7 41 22 16 43 44 48 14 
14 42 29 41 30 45 37 23 27 38 26 25 40 28 24 
11 33 30 43 45 26 31 27 29 47 28 46 
17 34 14 29 10 12 28 8 9 15 16 30 33 13 32 26 11 31 
16 38 20 19 14 37 17 22 21 36 18 42 40 39 44 15 43 
7 31 32 37 40 29 36 39 
10 34 48 45 32 42 27 46 30 49 50 
8 45 39 47 41 46 40 42 44 
12 48 18 46 11 49 13 14 19 17 52 16 50 
17 14 17 33 15 38 21 34 36 16 32 20 18 35 30 37 19 31 
10 48 36 31 46 32 35 34 44 51 43 
9 43 25 22 27 47 42 21 26 49 
16 34 43 42 29 31 45 46 33 28 27 39 41 35 38 44 32 
17 34 30 31 27 36 29 28 32 23 24 26 38 33 21 22 25 35 
7 48 27 42 23 20 44 21 
8 34 28 36 4 30 35 9 32 
18 30 22 29 28 25 26 21 27 23 32 27 34 20 26 31 24 33 28 
16 17 47 16 45 48 42 41 46 21 43 19 22 20 23 40 44 
15 45 41 1 44 6 48 40 46 2 5 3 4 7 42 43 
18 17 38 35 33 39 18 34 15 37 14 36 19 20 13 12 16 32 40 
16 14 43 20 48 44 22 21 40 45 42 15 46 19 17 41 18 
14 34 9 36 37 10 35 38 4 11 7 5 41 39 40 
15 13 18 39 32 36 37 33 20 16 35 17 19 38 34 15 
