1000
17 38 34 42 39 17 12 11 15 10 13 18 35 41 14 36 16 40 
17 41 42 42 44 46 50 43 39 45 40 48 43 38 44 45 46 49 
8 34 40 10 38 39 15 33 37 
12 24 23 24 28 30 29 29 21 26 22 28 25 
10 25 11 24 10 12 20 7 15 14 26 
17 12 26 24 11 27 25 31 9 10 14 30 15 8 29 28 23 16 
18 47 46 43 42 41 44 43 46 42 45 45 47 40 48 39 41 49 44 
18 45 38 18 41 42 44 17 16 13 12 43 14 40 15 19 11 39 37 
14 14 16 11 4 8 12 3 10 13 10 7 9 11 15 
12 42 44 49 46 43 47 48 45 45 47 40 50 
18 11 26 29 30 31 13 32 14 12 33 28 27 17 16 18 19 25 15 
16 19 12 11 30 14 38 31 35 34 17 16 15 13 37 36 33 
12 34 29 34 41 38 30 28 32 33 39 42 36 
9 52 38 49 36 31 51 50 37 33 
10 39 41 12 45 42 11 37 44 38 10 
10 40 45 45 38 44 39 43 41 42 42 
12 46 44 48 43 43 45 39 40 42 51 47 49 
11 34 43 49 44 35 47 38 36 46 42 33 
7 10 15 18 16 14 13 17 
9 16 12 13 23 14 26 25 10 11 
14 47 5 46 1 6 4 2 45 49 43 9 48 3 8 
9 23 28 16 26 22 17 24 25 19 
12 38 21 19 40 37 27 25 35 20 41 39 22 
18 35 31 39 16 11 33 13 19 34 36 14 32 15 37 18 12 38 17 
12 4 3 17 5 14 7 19 13 2 15 18 11 
13 20 14 25 20 23 16 21 17 15 19 18 13 27 
8 1 39 6 7 4 35 2 31 
13 33 34 33 32 28 34 32 28 30 30 29 27 36 
7 27 26 11 25 31 33 32 
9 11 3 9 5 10 12 15 18 8 
15 23 13 29 10 28 25 26 12 14 17 16 27 22 15 11 
16 47 50 48 49 27 23 31 46 52 28 30 29 25 24 51 26 
8 29 26 47 51 50 28 46 24 
15 14 27 28 23 18 24 21 15 22 17 13 29 25 16 30 
16 16 13 26 12 9 24 32 28 8 31 15 30 29 27 11 10 
18 32 41 42 37 38 39 40 43 30 26 27 25 31 29 44 28 33 45 
14 10 7 13 47 48 45 9 44 42 49 50 6 12 11 
14 49 48 49 47 45 48 46 50 50 43 52 51 51 44 
17 27 26 29 30 25 29 26 31 27 31 23 25 24 32 28 24 28 
11 13 42 38 15 11 44 37 43 41 17 18 
12 26 42 29 27 43 45 32 39 30 41 28 31 
14 5 33 34 36 8 7 30 32 31 11 35 3 38 10 
8 18 39 17 46 44 20 21 43 
12 27 37 40 26 43 25 28 30 38 42 44 24 
9 43 38 49 35 51 40 36 37 42 
8 39 36 9 40 1 42 8 3 
18 25 10 20 9 17 21 12 8 19 11 23 13 18 15 14 24 22 16 
11 34 36 33 10 35 32 30 28 31 11 29 
12 31 26 44 29 32 47 43 42 45 24 48 49 
10 44 6 41 5 39 7 43 36 37 13 
8 45 43 40 41 44 45 37 48 
13 20 21 22 33 23 18 39 26 37 31 19 35 34 
14 2 40 8 7 3 41 46 5 4 39 1 6 38 42 
8 14 7 11 13 10 15 8 9 
8 24 23 14 21 28 15 26 11 
11 34 36 39 13 16 20 40 17 18 19 21 
10 29 33 41 34 32 31 37 34 42 30 
13 19 12 16 24 23 17 18 15 17 18 22 19 20 
11 41 36 31 30 37 40 33 29 39 35 42 
8 5 4 38 39 3 46 43 45 
15 14 13 43 16 45 50 12 49 48 46 42 15 47 17 18 
11 19 21 14 28 30 31 32 16 17 33 34 
11 27 23 25 41 24 26 20 45 39 43 21 
17 33 14 37 21 22 36 16 15 31 17 18 34 19 30 20 32 35 
9 38 41 40 43 10 13 44 11 12 
16 36 33 42 41 35 39 34 43 31 46 38 40 32 39 37 45 
10 48 47 42 22 44 49 28 27 29 41 
12 11 23 26 21 29 10 27 25 13 24 22 12 
13 52 47 34 29 44 32 31 48 46 50 27 45 30 
8 49 42 50 46 43 48 47 44 
8 48 1 52 6 51 7 8 49 
7 32 3 4 39 37 38 40 
12 45 38 36 32 46 41 35 44 37 43 42 48 
10 27 33 30 21 25 24 19 31 23 28 
11 14 11 10 8 14 12 9 13 12 7 11 
13 28 35 36 29 39 31 36 33 33 35 37 32 38 
8 40 26 47 46 48 22 25 42 
14 41 14 39 34 42 11 10 38 37 35 40 36 12 13 
9 32 28 37 41 33 27 39 31 26 
10 27 27 25 29 30 28 33 31 26 29 
17 14 29 9 27 10 13 16 8 21 15 11 12 28 22 25 24 26 
11 13 12 28 14 23 17 18 16 26 30 27 
12 43 36 44 40 12 42 11 38 41 37 14 10 
13 9 11 12 10 15 4 7 2 5 13 3 16 1 
11 12 14 49 47 45 46 50 18 48 44 17 
16 31 32 52 44 50 25 47 26 30 51 45 49 28 24 29 46 
8 50 47 51 23 27 28 25 52 
7 25 14 26 18 17 16 23 
14 45 10 9 49 13 12 44 8 46 14 43 48 15 47 
8 30 23 27 24 25 22 22 20 
8 20 17 16 19 18 22 21 24 
7 2 21 17 15 4 18 1 
7 7 9 10 32 31 8 37 
8 40 37 27 26 24 34 39 35 
15 35 33 52 50 51 36 37 47 46 40 38 32 49 48 34 
11 22 17 40 45 42 38 23 24 18 43 41 
7 34 36 35 33 28 31 30 
12 51 16 17 48 11 9 50 49 13 46 52 10 
16 45 49 43 7 8 42 50 5 48 6 9 10 44 4 47 2 
12 27 32 18 20 30 15 22 31 28 33 29 14 
13 15 14 12 11 20 10 14 17 19 18 15 16 16 
11 24 13 10 21 11 20 26 18 16 23 15 
11 32 44 43 51 48 45 49 35 29 50 33 
13 4 39 36 35 8 1 7 6 37 3 40 33 9 
7 27 10 21 13 22 11 24 
10 16 41 17 19 46 42 14 40 18 48 
8 30 52 48 31 51 27 32 33 
13 15 21 26 25 30 27 13 16 28 14 31 19 17 
15 15 21 17 21 26 27 16 25 28 24 19 20 23 18 20 
8 35 10 36 32 16 37 11 17 
8 26 31 37 33 22 20 34 27 
17 42 11 38 40 44 10 8 7 9 43 14 36 12 13 39 37 41 
8 5 7 6 9 4 12 10 8 
15 48 16 15 47 46 14 43 19 44 50 42 13 45 17 21 
12 30 28 44 49 24 50 46 23 47 48 45 29 
11 19 11 12 17 10 21 13 22 23 16 14 
17 39 30 32 36 31 25 26 27 40 35 24 37 33 29 38 34 32 
9 32 34 18 22 27 28 29 15 16 
12 30 29 3 6 28 22 25 27 26 2 24 23 
7 23 48 28 45 25 24 29 
8 37 38 36 43 49 45 48 41 
10 31 32 38 30 37 36 33 34 10 35 
10 51 47 50 48 52 52 49 47 51 49 
10 12 13 14 10 9 15 17 20 22 19 
9 49 47 46 51 45 43 50 47 49 
7 43 25 41 39 40 27 42 
13 16 15 50 46 52 14 49 51 13 45 44 48 10 
12 44 43 26 49 25 32 48 47 42 31 28 41 
12 18 45 39 14 10 47 13 12 15 41 16 46 
9 32 35 31 34 27 29 37 29 28 
17 25 28 37 27 24 29 34 31 26 30 35 30 38 32 31 36 33 
14 47 21 45 19 49 20 46 50 43 48 15 42 16 22 
12 42 18 41 15 43 12 39 40 19 20 37 36 
9 23 42 40 25 29 28 34 38 24 
10 21 10 23 14 19 12 22 24 20 13 
12 39 38 39 45 44 45 40 38 42 43 41 40 
12 20 17 16 12 19 13 18 11 12 16 18 14 
11 47 45 48 30 49 35 52 29 46 33 50 
7 30 29 31 36 29 32 32 
17 36 36 39 35 34 32 38 34 39 33 32 37 33 37 40 31 38 
13 49 48 42 49 50 46 50 44 43 47 45 52 51 
13 1 39 35 36 43 2 42 41 5 40 37 6 4 
16 42 23 19 16 20 18 44 43 37 38 39 41 24 21 22 45 
10 8 5 4 12 11 10 7 6 9 12 
11 8 11 9 14 5 12 10 7 1 2 13 
9 13 16 15 14 20 19 17 12 18 
11 43 44 41 23 40 24 16 39 19 20 42 
12 11 17 12 18 15 20 14 19 15 13 13 16 
15 18 42 14 48 45 44 16 49 50 12 15 19 43 11 17 
12 28 18 19 25 15 14 26 16 13 27 17 23 
7 36 41 21 18 40 15 13 
8 5 11 48 9 45 50 12 49 
17 22 18 15 20 17 19 20 24 18 23 22 21 25 16 21 23 19 
8 1 49 47 6 4 48 52 5 
17 47 19 16 43 50 45 14 48 22 18 49 17 20 51 15 21 46 
7 45 40 50 47 42 39 44 
13 3 1 17 12 7 6 14 11 2 13 5 16 18 
11 4 44 2 49 3 43 48 50 7 51 47 
15 35 29 18 14 31 11 34 27 19 32 15 30 12 28 16 
12 27 24 16 22 17 20 21 14 18 20 19 23 
7 45 42 43 46 37 44 42 
7 31 41 30 34 37 42 38 
10 17 15 46 10 11 16 41 44 13 47 
9 30 48 35 37 36 50 51 31 34 
10 40 41 46 42 44 45 39 40 44 45 
13 9 10 38 33 35 13 37 8 14 32 11 16 34 
7 17 31 14 18 28 21 19 
14 16 52 50 51 15 18 48 20 49 19 21 47 23 22 
16 19 12 39 43 36 41 16 40 13 17 44 42 20 18 37 38 
15 20 16 25 19 18 21 23 15 18 21 22 26 17 19 23 
13 46 47 44 42 43 48 46 45 50 49 51 49 47 
11 50 46 52 45 49 6 48 51 4 47 5 
12 18 22 42 41 39 17 23 20 44 40 16 37 
8 49 51 47 50 49 50 51 52 
16 23 20 24 21 11 27 18 16 12 10 25 15 26 17 13 22 
10 50 15 51 45 13 48 19 17 49 16 
14 20 14 16 12 17 15 13 14 17 21 18 18 19 20 
17 27 38 37 26 36 20 24 31 35 33 34 28 25 21 22 30 23 
10 31 26 36 32 31 33 25 37 30 38 
18 20 46 13 43 18 39 16 45 14 41 47 17 44 15 40 21 42 19 
16 29 11 7 32 8 6 28 9 4 25 12 26 30 10 33 31 
13 27 12 20 19 33 26 18 30 31 13 15 29 14 
8 2 5 4 1 10 8 9 7 
16 16 30 23 27 31 26 18 17 24 21 33 28 20 34 19 29 
12 52 35 50 40 49 51 34 39 37 41 42 48 
10 21 18 16 19 16 20 17 19 12 22 
9 23 18 21 25 22 26 19 10 20 
7 43 41 16 11 18 13 42 
13 16 18 15 10 19 8 12 15 14 13 17 23 16 
16 29 41 40 31 25 30 28 24 43 44 37 45 39 27 38 26 
17 31 22 18 23 34 21 19 32 39 37 38 25 33 20 26 36 35 
14 46 47 52 48 44 41 45 51 47 48 49 43 42 50 
17 43 8 12 46 45 6 7 10 40 5 44 42 9 41 13 48 11 
12 33 49 52 35 37 36 48 40 39 41 38 50 
17 34 32 29 33 27 34 35 30 30 28 29 27 31 32 31 26 33 
14 32 31 33 32 29 28 31 30 29 27 33 34 36 34 
9 27 23 22 34 36 35 31 37 33 
16 26 31 38 29 35 30 32 31 33 37 24 36 30 23 25 34 
7 16 21 37 32 33 36 15 
9 26 42 35 21 23 38 22 24 43 
8 17 16 18 38 22 23 31 30 
16 27 35 37 36 34 35 29 33 28 34 32 31 29 31 33 32 
10 52 39 37 42 40 38 45 44 43 48 
10 6 4 1 7 9 8 2 13 3 12 
10 46 11 7 52 45 8 49 9 47 50 
10 13 10 13 11 15 16 15 12 14 12 
10 22 19 17 14 16 12 14 15 10 21 
13 30 35 39 38 33 44 42 31 45 41 34 36 37 
7 31 24 29 30 26 25 28 
17 44 43 49 14 13 50 48 46 47 21 15 20 19 42 18 17 16 
14 44 46 52 47 45 48 49 48 45 51 43 47 41 42 
17 9 13 15 40 45 12 16 46 8 41 43 14 42 44 47 10 11 
12 35 32 30 31 25 33 29 28 26 30 31 37 
11 38 41 16 42 34 40 24 37 35 23 18 
13 11 15 20 14 10 16 13 13 12 17 18 12 19 
12 20 30 17 22 36 38 16 31 32 21 18 19 
13 15 11 13 18 17 21 28 26 12 22 10 14 25 
14 23 21 25 27 25 26 26 18 22 23 19 24 24 29 
10 15 42 20 19 39 38 14 40 16 36 
18 43 37 35 39 40 40 41 42 36 37 38 36 34 39 35 42 41 38 
14 25 28 13 26 10 31 30 33 27 9 32 11 7 29 
17 20 16 33 31 26 17 30 22 15 19 32 29 21 18 28 14 27 
13 18 12 13 11 14 16 8 15 17 10 15 16 11 
8 7 20 17 10 18 2 4 19 
11 25 19 21 22 20 11 12 24 17 18 13 
16 22 14 17 13 15 25 30 12 24 18 10 11 29 27 16 28 
8 17 15 18 5 14 11 6 19 
10 49 49 50 52 51 50 51 52 46 47 
17 27 16 30 20 31 19 13 32 17 29 15 26 12 33 28 25 18 
11 50 46 48 45 49 41 49 43 44 42 52 
17 7 6 29 31 11 27 26 28 25 24 5 32 9 8 4 12 30 
7 17 13 25 20 14 24 16 
7 11 18 17 22 24 15 12 
16 42 46 45 49 41 44 42 38 41 39 43 37 47 36 40 48 
11 14 19 48 13 46 43 42 45 49 17 15 
11 25 46 51 48 31 50 49 26 52 33 30 
14 19 10 26 25 22 27 13 6 14 7 23 8 9 11 
14 34 33 35 40 14 18 15 38 20 19 36 37 39 12 
9 44 37 34 46 41 40 35 39 43 
9 36 34 48 52 49 35 29 31 33 
12 37 39 34 35 39 36 36 31 34 40 33 38 
16 16 18 15 13 11 14 10 12 19 13 15 9 11 14 7 8 
7 31 36 37 4 7 38 10 
18 9 12 14 13 24 8 18 20 16 22 11 10 23 19 15 21 26 25 
15 24 26 21 27 24 29 26 28 25 30 31 25 29 28 27 
7 43 40 31 41 39 39 38 
15 47 31 48 52 34 51 50 29 33 27 26 49 28 30 32 
16 35 42 44 52 46 36 47 38 39 51 49 40 50 45 41 37 
13 19 23 16 31 20 29 21 30 17 24 27 25 13 
14 19 48 17 20 12 14 46 50 51 15 43 49 16 45 
13 4 5 10 9 7 13 6 11 2 8 1 3 12 
12 21 50 17 22 19 18 52 20 49 51 23 16 
13 20 14 21 2 18 4 19 17 22 3 15 5 16 
16 16 3 19 20 7 17 10 2 18 9 13 14 8 12 5 15 
15 12 9 48 52 49 4 11 7 50 10 47 51 5 6 8 
10 21 17 18 24 20 23 24 19 22 25 
16 10 5 22 21 6 19 20 16 11 17 9 23 18 8 4 7 
7 23 24 51 46 47 21 18 
9 28 26 42 27 45 47 44 41 21 
8 42 45 10 11 48 43 47 49 
10 15 27 19 20 23 22 22 29 25 26 
17 37 15 42 14 38 13 35 40 36 16 34 41 10 39 11 9 12 
18 42 8 14 12 7 40 6 44 43 45 47 11 46 48 41 13 9 10 
13 33 23 35 19 21 22 31 37 32 20 24 26 29 
17 44 8 14 12 46 10 6 49 42 43 45 9 48 41 11 7 13 
14 17 42 40 15 44 46 45 20 21 19 16 47 41 22 
9 45 51 49 44 37 42 38 39 50 
15 14 12 15 18 17 13 42 44 39 45 43 16 40 10 41 
14 22 23 23 21 18 24 20 24 19 19 16 17 22 20 
11 48 12 46 42 43 47 41 45 13 11 44 
14 13 17 11 14 12 10 15 14 13 12 15 18 19 16 
11 28 34 31 35 27 29 24 30 23 25 26 
9 29 33 35 28 31 30 36 32 34 
18 16 13 11 25 8 15 24 10 14 26 9 22 28 12 23 30 29 27 
11 36 33 31 17 13 15 16 18 32 19 14 
16 20 36 12 14 34 16 19 13 31 35 30 32 17 38 37 18 
17 34 31 29 15 37 14 18 33 20 35 36 19 21 17 13 16 30 
13 8 14 1 11 12 3 7 5 10 2 13 4 6 
17 22 21 24 16 24 20 17 23 17 22 19 20 16 23 21 18 19 
9 25 24 28 15 10 30 16 13 27 
18 21 15 19 17 14 20 16 25 21 18 20 23 22 22 18 17 24 19 
15 25 41 26 40 29 32 27 30 42 44 31 24 28 46 39 
9 9 48 11 10 50 47 46 49 51 
7 17 12 27 13 31 11 34 
14 30 34 37 36 32 36 33 31 33 34 35 39 35 40 
16 6 42 40 9 44 11 14 41 39 10 8 12 7 43 37 13 
13 35 32 33 28 30 29 36 32 31 34 33 28 29 
17 12 17 13 29 33 30 14 34 27 32 11 10 35 28 15 31 16 
15 22 18 20 13 17 18 12 16 14 21 16 15 19 19 20 
13 33 31 32 43 36 46 44 45 48 34 29 30 50 
10 51 47 49 52 50 52 47 50 46 48 
11 30 33 36 35 39 34 31 26 25 37 32 
9 37 38 37 40 39 33 33 36 35 
13 16 13 17 13 16 15 9 11 10 14 11 12 10 
16 35 31 32 51 30 50 47 37 52 38 36 33 34 48 46 49 
11 40 38 39 36 35 37 38 36 43 41 44 
7 11 12 13 52 47 10 51 
13 11 10 43 8 15 16 12 14 39 44 41 45 47 
10 38 36 39 29 27 30 33 37 31 33 
17 41 42 44 40 45 42 46 37 43 43 38 45 38 39 41 39 44 
13 5 48 8 12 9 6 7 11 51 49 52 50 13 
16 40 41 39 45 45 41 44 42 37 44 39 43 43 42 37 38 
17 37 30 31 34 5 6 3 33 29 4 35 7 1 36 2 9 8 
17 15 13 14 16 17 30 11 27 24 31 26 28 10 25 23 12 29 
17 15 14 35 41 8 38 40 37 10 9 34 36 12 7 33 13 39 
10 24 32 26 21 20 19 28 24 31 30 
11 22 25 19 24 52 23 47 20 50 51 26 
11 39 35 36 37 32 40 35 38 33 32 34 
13 8 15 12 10 52 48 51 9 11 49 47 50 13 
8 47 48 50 28 44 49 25 45 
10 35 22 20 18 15 42 39 36 23 43 
9 33 26 7 2 30 32 27 28 4 
10 16 18 23 15 21 47 17 48 22 51 
12 14 9 15 11 10 16 12 15 14 11 16 17 
17 41 27 22 21 29 38 24 26 39 28 23 43 45 40 42 46 44 
14 2 7 13 11 9 15 10 1 12 8 3 5 4 14 
18 27 35 33 31 30 25 20 22 29 18 23 28 24 26 32 19 21 34 
9 25 21 13 22 29 9 23 8 7 
12 12 17 13 11 12 14 13 10 20 19 15 18 
17 40 40 37 39 42 45 47 39 36 38 42 46 41 41 44 43 43 
16 39 43 35 33 47 36 46 38 45 37 32 41 44 31 30 42 
17 35 4 36 3 32 7 8 10 39 40 9 33 5 37 38 2 34 
12 28 25 33 22 36 34 30 31 23 28 32 26 
18 41 40 39 42 36 35 38 41 42 35 36 40 43 37 34 37 39 38 
8 25 13 27 20 10 11 19 23 
8 12 44 11 41 14 16 10 39 
13 43 35 2 38 5 6 3 40 1 4 41 36 37 
15 39 38 40 1 4 46 45 42 7 41 43 44 5 6 2 
11 11 6 40 8 14 46 7 45 39 44 41 
7 32 38 27 22 21 26 33 
8 14 18 31 13 21 30 19 29 
15 43 16 18 19 45 13 15 47 42 49 44 14 48 50 17 
11 12 4 14 18 1 5 13 19 2 20 17 
14 35 31 30 25 33 26 34 32 29 31 28 27 30 33 
15 45 42 39 18 20 16 17 41 22 40 47 43 23 24 19 
12 22 27 25 12 11 18 23 10 15 17 16 19 
14 6 45 41 44 42 39 13 9 8 46 12 5 43 40 
13 31 34 48 36 30 43 45 40 28 33 35 29 47 
7 11 3 2 9 6 8 7 
12 36 41 27 24 43 23 39 30 44 40 42 28 
11 11 12 39 13 46 47 42 43 10 44 45 
11 14 17 23 28 20 24 25 26 15 19 18 
7 13 12 30 14 29 32 24 
7 31 7 27 4 5 8 33 
13 12 31 7 14 23 13 6 9 28 29 8 24 25 
8 29 31 45 33 52 28 34 49 
7 26 18 16 17 27 19 29 
7 48 45 46 49 46 43 51 
8 34 25 37 36 29 32 31 29 
10 20 18 36 40 16 14 32 17 33 37 
17 30 27 28 30 33 31 29 31 29 36 24 34 23 28 26 35 25 
15 6 15 12 17 13 11 5 16 3 8 4 14 10 7 10 
14 28 46 43 42 33 30 50 26 32 31 27 44 47 48 
11 32 46 47 28 48 29 49 50 26 24 30 
18 8 6 4 41 36 38 40 43 10 37 5 3 44 42 39 7 2 9 
11 19 20 16 15 14 21 20 13 18 17 21 
11 23 22 27 20 27 23 19 24 20 22 21 
9 31 49 30 28 50 45 27 25 44 
12 37 26 27 24 33 29 30 22 32 23 25 31 
7 5 12 7 1 9 4 13 
15 31 15 36 12 35 34 30 17 33 32 29 14 11 18 10 
17 31 25 32 35 30 26 29 29 33 24 31 30 27 32 37 34 28 
18 7 11 5 3 45 10 44 38 9 40 8 6 41 4 46 42 43 39 
11 1 20 5 17 19 3 16 21 4 24 18 
9 41 46 48 40 45 43 42 43 45 
10 6 12 13 7 9 11 11 10 13 10 
7 34 35 15 18 21 29 20 
14 33 30 29 31 28 23 32 35 30 26 28 31 34 25 
9 28 52 26 27 47 29 46 48 23 
15 8 23 21 9 6 25 29 24 27 12 4 22 28 26 10 
16 25 15 17 24 10 21 23 7 13 20 9 8 12 19 11 14 
15 40 39 32 42 39 34 44 41 37 38 31 45 33 43 36 
7 19 32 25 26 28 23 27 
10 32 43 38 35 36 28 30 44 39 41 
15 13 12 14 26 27 29 11 9 10 28 23 6 7 24 8 
18 46 36 33 39 51 48 47 35 37 40 34 38 32 49 45 50 52 44 
15 21 29 25 28 27 25 21 28 23 23 20 27 24 22 22 
14 21 19 34 18 20 22 42 38 39 36 40 23 35 41 
16 26 32 30 18 33 15 20 27 22 34 29 19 16 14 17 31 
15 31 35 18 14 30 17 29 20 15 37 34 16 12 36 33 
8 45 45 43 42 46 46 49 50 
16 19 37 24 20 16 34 23 17 40 35 38 33 32 39 21 22 
7 33 32 22 16 31 27 29 
14 32 14 9 10 6 26 28 13 30 8 25 11 27 31 
8 26 23 21 27 28 20 24 25 
14 33 43 42 41 29 39 45 31 26 30 34 28 40 46 
13 6 10 4 15 12 8 14 2 1 3 11 5 13 
9 25 26 22 35 30 19 18 32 37 
10 49 45 17 13 48 14 50 15 52 16 
13 27 28 30 33 29 36 32 34 31 32 37 33 31 
9 34 35 2 1 36 37 32 31 38 
10 32 28 31 34 33 31 30 33 28 27 
10 42 43 17 45 44 22 15 20 46 39 
13 38 33 30 38 37 41 40 35 34 37 32 36 31 
8 29 26 46 44 27 32 47 42 
8 29 24 16 32 26 10 25 27 
9 25 43 26 48 50 24 45 28 47 
12 31 33 32 28 27 29 11 10 30 13 35 12 
11 38 42 39 47 43 36 40 37 50 49 48 
13 23 29 31 22 29 32 28 26 24 30 34 37 25 
7 33 31 49 52 34 32 37 
9 41 48 11 49 4 42 44 7 45 
9 11 13 15 8 7 10 10 14 9 
14 20 21 16 48 49 22 17 23 18 15 50 52 51 19 
8 3 5 1 4 2 18 23 17 
7 32 34 33 31 30 29 35 
17 24 27 21 31 23 20 25 29 22 25 26 28 18 26 23 30 24 
11 13 36 39 35 34 20 15 37 14 42 40 
9 41 44 43 14 40 21 36 15 19 
10 19 43 40 41 38 15 37 22 42 45 
18 34 37 38 35 32 33 36 31 29 33 32 31 28 34 30 36 35 30 
17 28 9 2 27 29 25 24 8 32 5 31 26 3 1 30 4 7 
8 3 6 5 7 8 9 4 11 
12 38 42 37 36 44 10 11 43 40 41 12 39 
16 46 32 43 45 30 34 44 28 48 33 26 27 29 49 47 42 
7 12 13 8 6 11 9 10 
16 32 32 33 34 39 34 35 36 36 29 31 30 38 33 31 37 
8 42 27 25 30 29 43 44 28 
10 47 15 52 19 14 51 11 48 17 45 
8 4 40 41 42 43 38 1 37 
18 36 41 39 43 47 45 34 41 39 40 42 37 46 42 38 35 44 40 
16 38 46 45 43 40 39 46 42 43 44 44 40 39 41 41 45 
18 34 30 41 45 48 31 43 42 44 29 35 46 37 47 36 33 49 32 
16 46 10 9 39 43 6 5 38 41 45 4 3 44 11 40 7 
15 35 42 41 37 34 38 42 41 44 40 47 49 43 39 36 
17 44 15 41 10 17 47 14 48 42 11 49 16 13 18 43 45 46 
17 7 10 9 6 14 4 1 16 8 17 15 13 5 2 3 12 11 
12 41 40 3 5 35 39 37 34 36 42 1 38 
16 25 21 23 22 10 12 27 9 13 7 28 29 8 24 11 14 
18 23 25 22 34 37 18 20 17 31 19 30 35 29 33 36 21 32 24 
13 44 23 40 27 39 25 37 43 42 21 36 41 38 
13 30 33 31 32 36 37 27 34 39 26 25 32 29 
10 35 33 49 34 52 48 30 32 50 28 
17 21 25 1 18 6 3 23 20 7 19 24 4 8 5 26 22 2 
9 45 45 50 43 48 49 51 39 46 
7 28 22 26 23 27 24 20 
16 12 16 15 13 40 14 41 42 19 47 43 46 48 45 11 18 
15 37 45 49 48 41 36 39 44 35 47 34 38 46 32 40 
11 39 42 37 40 38 43 44 41 45 10 11 
16 19 25 34 38 41 39 40 35 23 22 42 21 36 20 18 17 
8 49 44 50 52 47 48 45 49 
9 42 35 49 38 46 44 47 45 34 
11 4 6 7 5 11 11 15 13 10 17 8 
14 32 38 37 35 39 39 34 36 37 31 43 33 36 38 
17 13 49 19 18 14 16 20 46 45 47 15 48 52 51 17 12 50 
17 8 4 37 2 41 44 38 43 42 6 40 10 45 39 9 5 3 
10 10 11 41 40 34 38 39 14 12 36 
12 29 36 28 32 30 24 32 35 31 34 37 31 
8 27 34 23 36 26 33 22 29 
17 30 20 31 25 32 28 26 27 22 35 27 34 29 33 23 24 28 
7 49 49 51 50 48 42 45 
14 30 16 26 17 25 27 24 22 14 21 18 23 15 20 
10 3 25 22 24 23 20 21 1 5 2 
18 36 30 50 46 34 33 43 47 42 48 28 29 45 35 49 31 44 32 
16 16 2 5 7 4 20 14 1 12 6 13 19 18 3 8 15 
13 40 32 39 35 31 28 46 34 29 44 43 33 30 
10 9 22 17 6 8 10 20 13 7 15 
17 42 40 29 32 43 44 41 31 38 34 35 45 30 36 46 37 39 
9 33 28 32 35 33 27 38 25 30 
13 8 4 6 41 12 38 46 39 5 10 40 45 42 
8 52 4 1 2 8 48 5 50 
12 51 22 23 21 27 28 48 24 25 26 50 49 
14 21 23 27 19 26 25 25 28 27 31 24 29 24 20 
12 43 42 40 45 38 44 35 37 49 50 47 36 
11 29 31 33 44 45 48 46 28 49 43 27 
13 10 7 5 28 22 2 26 9 25 4 3 24 6 
14 12 13 14 10 39 34 11 36 40 37 33 35 32 38 
9 28 17 11 34 13 15 36 33 31 
16 13 6 18 16 9 10 3 4 15 10 5 11 8 7 12 11 
9 32 31 46 49 33 47 48 26 30 
9 50 40 37 46 39 45 43 45 49 
7 34 32 30 31 6 37 35 
17 30 29 50 44 25 32 46 31 43 27 33 26 45 42 47 49 28 
14 17 18 20 22 13 24 19 6 7 11 9 12 8 21 
12 41 26 23 39 24 20 21 43 46 42 25 45 
11 39 47 43 28 31 40 30 27 46 29 44 
9 26 30 27 8 28 4 29 3 24 
8 52 36 51 35 40 41 45 47 
8 30 27 33 32 35 10 31 28 
15 45 47 40 41 45 39 44 40 41 39 44 42 46 43 46 
17 18 23 31 13 21 26 20 16 30 24 25 17 14 19 27 15 28 
13 2 40 4 37 39 43 5 44 41 6 3 1 38 
12 47 27 23 21 25 49 22 48 20 44 45 41 
7 11 38 43 37 9 42 40 
14 20 17 39 24 35 37 36 23 19 22 21 41 16 43 
7 5 3 6 2 4 7 31 
8 25 23 47 28 44 39 42 40 
16 17 35 11 33 37 38 13 15 18 12 32 16 10 36 34 40 
18 10 46 6 11 42 49 48 50 43 44 14 13 8 47 9 12 7 45 
14 32 31 3 30 34 35 28 9 36 33 5 6 4 10 
13 9 25 7 6 4 30 10 26 29 31 8 5 3 
16 35 34 19 23 29 27 16 20 30 22 32 17 31 33 21 28 
9 17 43 19 37 38 39 16 44 23 
15 21 11 23 14 19 20 9 15 17 26 24 12 13 16 25 
17 28 27 34 31 32 33 29 31 38 32 39 30 37 34 36 35 35 
15 26 17 25 23 16 13 24 30 15 28 29 27 14 22 10 
9 44 51 47 50 48 48 51 49 46 
12 10 36 39 11 35 8 4 12 34 9 38 7 
8 24 26 13 18 19 10 16 9 
12 48 46 47 45 44 49 50 45 46 47 49 52 
15 32 33 33 26 37 31 38 39 36 32 29 35 34 27 30 
11 15 9 11 6 13 4 1 2 10 8 5 
17 21 49 44 50 17 20 15 48 16 23 19 18 46 22 52 51 45 
16 19 17 24 18 20 48 52 25 46 50 49 23 47 22 21 51 
12 40 44 42 46 45 43 49 41 52 47 48 51 
12 35 32 1 4 2 3 6 38 37 5 33 34 
15 12 7 11 38 42 39 35 41 14 13 37 40 10 34 8 
11 20 16 14 15 51 48 19 43 17 49 50 
17 18 23 46 47 43 15 45 42 44 17 41 22 40 19 21 48 20 
16 46 29 30 49 45 26 27 24 47 25 23 48 28 44 51 43 
13 5 23 6 16 7 13 20 10 8 9 22 21 19 
11 22 21 38 33 26 19 37 24 31 27 23 
18 22 18 44 50 45 16 47 21 20 52 49 24 23 19 46 48 51 17 
16 23 16 20 29 24 17 18 19 27 30 22 32 28 31 25 26 
13 36 38 33 11 37 10 40 12 39 15 35 13 14 
14 30 24 34 27 31 28 26 36 25 37 35 38 29 23 
13 20 39 19 35 16 12 34 17 18 15 31 38 36 
9 43 32 36 51 50 37 45 35 30 
12 35 30 12 34 10 28 31 17 9 11 33 16 
7 34 30 38 37 36 38 30 
12 48 31 52 28 30 24 25 49 26 47 46 23 
14 45 34 44 47 35 46 41 30 40 37 31 38 43 33 
15 29 12 9 15 7 30 34 10 11 31 33 28 8 13 27 
17 25 47 46 50 23 27 21 49 29 45 22 24 26 51 52 28 48 
11 32 25 10 28 26 14 13 27 11 16 30 
9 49 32 38 39 33 40 48 46 35 
11 7 9 10 5 13 6 8 11 12 11 12 
11 4 6 8 3 2 7 27 28 9 34 10 
7 41 45 44 40 43 44 47 
12 7 43 49 5 48 45 51 1 44 4 3 6 
9 33 39 33 40 38 36 35 35 37 
14 12 41 40 14 43 18 37 39 17 11 10 16 35 13 
11 45 43 51 46 46 47 49 47 44 50 42 
8 45 46 46 51 44 52 49 50 
12 32 33 36 34 30 30 27 28 25 33 31 31 
12 50 46 37 51 52 44 41 45 40 49 48 45 
11 27 30 29 33 22 28 25 20 26 31 14 
14 43 7 39 8 42 4 5 37 3 38 35 2 41 36 
15 34 29 31 24 30 22 25 32 18 35 21 19 26 23 20 
11 26 20 18 25 22 45 23 48 50 52 19 
18 11 43 41 18 12 15 14 42 46 40 13 39 17 47 44 16 10 45 
12 51 15 22 17 46 21 52 16 50 18 47 14 
14 35 10 12 36 34 13 38 32 31 16 33 15 11 14 
18 9 43 13 8 41 40 12 10 42 14 45 16 11 37 38 15 44 39 
13 14 15 33 34 12 27 16 17 35 32 18 20 13 
9 22 24 23 21 30 25 25 26 29 
12 28 18 21 23 20 17 26 16 19 24 13 27 
14 33 12 38 34 31 18 36 13 10 37 32 30 17 35 
12 23 35 36 24 28 33 21 29 32 31 34 39 
13 30 28 41 35 46 43 33 44 27 29 32 45 40 
15 8 18 4 20 15 17 6 19 22 21 9 5 14 3 7 
9 7 11 51 10 9 45 50 12 48 
12 23 24 28 16 18 13 26 25 29 12 14 17 
10 30 12 31 29 10 13 35 27 33 28 
11 46 39 47 42 49 52 40 44 43 51 41 
12 32 33 40 37 41 29 36 35 39 38 30 36 
16 48 37 40 47 50 39 42 52 38 41 46 51 44 49 45 43 
8 33 11 30 10 28 32 26 34 
7 24 28 30 23 31 26 10 
11 25 10 22 5 26 6 28 4 8 7 11 
7 37 42 36 35 11 41 16 
8 20 20 13 18 19 17 15 12 
9 31 28 29 25 11 10 12 26 24 
7 40 40 43 44 48 39 43 
8 32 35 27 46 30 45 47 49 
13 18 19 20 18 24 13 22 21 17 25 16 23 15 
14 46 47 48 21 16 41 19 40 43 17 23 44 20 18 
16 25 30 25 29 23 27 21 26 24 28 23 28 24 26 27 22 
16 16 13 14 15 9 12 10 11 15 16 8 18 12 11 10 13 
11 45 37 40 37 41 38 36 39 42 39 41 
17 45 25 29 47 51 50 28 30 24 52 46 49 31 27 26 48 32 
10 16 44 46 47 17 10 50 12 48 15 
16 19 37 40 43 41 14 22 38 17 15 42 18 36 44 39 21 
9 43 38 41 38 36 37 40 37 41 
17 30 31 45 29 34 40 28 32 33 42 35 41 38 43 39 44 27 
11 23 26 38 19 21 40 25 42 24 20 36 
11 38 39 35 36 34 33 37 29 35 33 32 
15 38 34 27 24 26 30 32 33 28 23 36 22 29 30 25 
15 29 44 50 31 45 30 48 25 47 49 28 51 27 43 24 
11 20 17 21 23 11 13 15 24 18 18 14 
8 20 22 19 17 23 24 14 20 
15 15 10 50 49 48 17 16 13 47 51 12 45 44 43 11 
18 39 33 47 36 38 43 49 35 40 48 46 34 44 41 45 42 37 50 
11 8 27 24 26 31 13 28 30 23 14 15 
11 4 43 50 45 12 9 5 48 46 49 47 
7 29 44 40 45 27 41 25 
10 34 26 25 33 22 28 26 28 31 21 
9 37 40 39 42 48 36 50 52 47 
8 33 10 38 32 16 31 35 30 
8 29 26 12 32 14 15 25 27 
12 18 12 13 10 11 14 17 12 19 15 20 16 
8 51 45 13 11 9 47 12 48 
11 43 47 49 14 46 12 13 44 48 45 10 
10 20 20 16 24 22 15 26 19 27 18 
7 46 17 21 49 15 20 19 
10 6 14 7 41 12 10 35 11 36 13 
14 32 36 17 20 34 28 35 15 19 33 18 30 22 23 
16 7 16 17 4 20 15 6 18 21 9 3 23 8 19 1 22 
8 36 23 22 27 33 28 34 26 
14 18 34 15 39 13 11 37 14 33 17 32 19 36 16 
8 23 44 38 39 41 40 46 25 
8 37 37 43 40 32 36 41 44 
17 18 16 15 11 20 16 13 14 14 10 17 12 19 12 17 13 18 
7 7 14 15 8 6 5 11 
12 44 41 41 39 38 37 46 43 45 39 40 35 
13 47 3 48 6 50 1 51 8 5 2 4 9 52 
9 26 27 52 50 49 23 25 51 47 
11 12 14 49 10 42 15 17 46 44 47 16 
15 19 42 41 45 44 11 18 47 15 13 46 16 39 12 14 
10 45 44 50 45 49 47 43 39 43 42 
11 32 33 47 30 48 52 36 31 49 37 51 
17 9 21 12 11 24 13 26 17 14 15 20 16 25 22 23 10 18 
8 52 18 17 14 12 47 48 46 
7 25 26 20 35 41 28 40 
12 13 12 14 13 5 11 8 11 9 15 10 6 
18 29 30 24 37 35 30 23 31 32 25 36 31 26 27 38 28 33 34 
17 19 32 30 38 12 37 35 34 16 15 17 13 33 20 31 18 14 
10 25 19 34 35 33 17 23 36 29 28 
18 29 23 27 11 10 18 13 31 15 24 30 26 28 17 12 16 14 25 
9 9 8 7 47 42 14 44 46 43 
18 32 40 31 38 34 34 41 37 28 35 30 39 36 35 36 29 33 42 
17 43 16 40 12 14 44 17 18 42 39 38 19 20 41 46 45 13 
9 22 23 28 26 20 29 27 25 24 
7 31 27 25 16 15 28 17 
13 27 48 26 29 32 49 46 31 52 50 30 34 45 
8 15 14 11 14 16 9 15 18 
10 39 36 43 37 35 42 40 36 34 38 
16 25 26 34 31 18 17 22 19 21 33 20 28 24 32 30 23 
17 51 32 27 28 50 47 31 25 30 29 52 46 48 24 49 45 26 
7 18 17 20 17 18 22 21 
7 16 31 32 30 37 34 14 
13 8 33 35 4 9 3 11 6 7 5 41 40 10 
10 51 50 45 47 52 47 49 46 52 51 
11 20 19 24 20 16 28 18 27 26 23 25 
7 19 25 12 11 17 14 21 
11 28 40 38 25 27 37 30 24 39 26 23 
8 29 31 11 13 35 10 12 32 
13 31 30 29 37 28 30 29 36 32 31 34 34 35 
16 52 21 15 17 18 19 50 47 22 48 49 20 14 46 16 51 
8 48 49 35 36 39 52 51 32 
8 30 29 32 31 25 51 26 48 
8 37 34 12 35 38 39 33 11 
14 42 40 10 38 11 41 15 43 12 44 39 36 37 13 
7 32 33 30 31 27 34 26 
15 49 52 49 44 46 51 47 50 50 45 48 47 51 48 43 
15 18 45 48 13 16 11 40 12 17 14 44 42 43 41 47 
15 23 13 20 15 14 25 19 24 22 11 27 21 10 12 26 
15 20 19 32 29 30 24 26 25 27 26 23 21 28 25 22 
14 8 26 22 12 15 20 21 25 23 9 24 13 10 7 
16 47 39 43 43 46 42 41 35 38 42 44 37 45 41 40 39 
13 17 16 27 29 19 18 28 15 25 22 20 33 21 
14 34 41 34 27 29 37 42 33 36 35 40 28 35 30 
12 35 5 32 10 8 9 11 3 34 31 38 33 
16 39 50 46 47 48 40 49 38 52 42 45 36 51 43 37 41 
16 2 4 35 30 29 3 9 7 33 5 36 8 32 6 34 1 
13 28 38 32 32 37 34 24 36 40 39 33 31 29 
9 12 14 13 10 11 15 8 7 9 
8 17 38 22 34 18 40 23 25 
7 16 19 24 22 25 28 26 
10 9 4 7 1 8 5 6 3 2 10 
17 30 17 33 22 37 35 16 19 38 32 31 21 20 34 23 36 24 
10 28 26 8 29 23 24 6 12 9 27 
14 25 28 28 29 22 24 31 26 27 27 23 33 25 26 
7 26 20 27 25 25 28 24 
11 17 29 31 30 20 22 23 24 32 18 33 
18 43 23 17 16 21 46 47 45 40 42 24 41 48 22 19 44 18 20 
16 36 34 38 39 33 32 31 36 35 37 38 37 40 30 41 34 
13 14 38 36 7 8 37 12 10 11 41 9 34 33 
7 23 21 19 25 25 23 21 
13 40 36 43 35 33 37 31 27 30 42 34 32 38 
14 18 43 20 42 44 47 46 21 45 23 16 19 22 49 
7 49 15 46 16 45 22 47 
15 40 49 51 34 39 38 42 47 41 52 50 37 36 48 35 
11 50 27 48 43 45 28 44 31 33 34 32 
14 33 8 34 32 3 29 7 31 35 4 30 5 27 1 
7 44 25 19 24 21 18 23 
17 25 28 33 23 24 27 30 31 32 29 26 34 35 22 28 27 29 
14 10 17 14 49 12 50 51 11 47 16 13 15 48 9 
12 31 30 46 44 25 47 28 27 48 33 51 50 
13 46 41 45 7 8 48 47 10 43 4 5 49 44 
12 20 17 19 22 15 16 18 21 16 12 13 17 
9 33 30 19 31 25 23 32 37 34 
14 46 49 45 47 42 28 27 48 43 31 44 41 33 32 
9 12 19 21 17 15 18 10 22 20 
12 12 18 17 10 5 16 13 15 6 11 14 19 
10 32 31 34 35 29 28 27 33 32 34 
17 46 32 38 41 39 40 35 37 45 30 43 29 31 34 44 33 36 
14 18 17 26 13 21 15 24 11 22 19 12 20 18 19 
10 31 35 36 38 42 43 40 29 30 44 
8 23 19 18 31 28 25 21 29 
9 18 14 13 16 19 20 15 21 17 
8 37 41 44 38 41 38 36 40 
13 6 24 4 25 9 10 29 7 8 11 12 5 28 
10 11 33 10 38 36 30 34 35 31 32 
9 41 32 35 40 37 35 33 36 29 
9 43 47 41 39 50 37 49 45 40 
16 48 25 51 27 24 32 49 46 26 45 47 30 52 50 28 29 
9 6 13 25 10 5 22 7 24 19 
10 22 42 26 40 23 45 27 43 44 25 
10 41 50 52 39 48 47 43 51 42 46 
10 30 25 24 31 31 27 28 33 30 28 
8 8 10 28 7 9 21 4 5 
13 11 44 12 4 6 10 8 5 43 47 40 42 7 
7 46 21 47 45 22 50 23 
11 20 22 35 26 32 24 28 39 34 33 31 
8 33 32 34 37 30 33 31 29 
16 49 44 42 39 46 47 45 45 44 40 51 43 41 46 52 50 
18 33 8 30 13 7 12 31 5 35 11 32 37 10 6 36 9 29 34 
11 38 36 10 18 13 40 41 37 44 11 43 
9 29 42 39 36 24 38 35 25 40 
16 6 8 16 18 9 13 14 7 20 21 15 19 22 12 14 11 
15 36 34 29 39 41 35 30 43 28 38 40 32 44 37 45 
11 3 43 42 44 6 41 8 39 2 40 38 
7 21 40 41 19 42 23 22 
13 17 22 12 18 9 21 10 16 23 15 19 17 20 
15 3 39 8 34 38 40 9 10 37 4 42 6 5 41 36 
18 24 23 27 27 29 33 20 25 32 19 26 34 21 35 28 31 22 30 
7 41 42 46 40 47 49 52 
9 47 16 19 43 42 18 46 48 17 
9 12 18 23 22 7 21 20 11 6 
9 7 9 6 3 8 5 4 2 10 
10 19 16 13 15 9 11 6 22 12 7 
14 37 47 48 38 45 46 50 51 40 44 43 42 44 45 
18 34 34 37 33 38 36 35 33 40 36 31 37 39 35 32 29 30 32 
11 49 48 47 40 50 52 45 48 42 46 41 
14 7 1 44 46 6 41 3 42 47 39 4 2 40 5 
10 50 48 47 7 8 9 52 49 10 51 
9 17 13 12 14 14 10 16 21 16 
12 30 31 28 30 33 27 26 29 24 28 25 32 
10 17 13 15 9 16 13 11 15 10 12 
18 18 26 32 30 15 25 33 14 12 29 17 13 19 28 16 31 27 20 
10 51 49 52 42 50 37 48 46 41 40 
8 30 33 35 29 34 30 37 35 
11 49 45 44 41 49 50 52 46 51 42 48 
9 49 27 19 20 26 46 25 23 43 
11 45 15 52 47 51 21 44 49 17 18 50 
10 48 34 38 32 47 42 40 33 36 49 
14 50 27 23 24 20 26 19 21 49 52 51 25 22 48 
7 29 27 28 33 24 32 29 
10 12 10 7 9 8 13 11 5 11 14 
9 20 18 23 19 32 28 25 34 29 
7 22 17 20 10 23 15 27 
13 24 34 17 22 37 25 35 19 32 40 36 18 21 
15 41 35 12 37 36 18 34 16 39 17 15 11 19 13 40 
7 42 13 36 37 11 44 43 
15 47 43 27 26 41 39 30 45 40 42 25 44 29 32 46 
15 47 16 41 43 40 22 48 20 15 18 46 21 42 44 14 
16 31 28 51 48 26 30 52 29 49 34 27 44 50 32 33 45 
17 31 30 26 30 28 32 29 33 32 31 34 29 26 34 27 28 27 
16 11 12 8 10 13 12 16 15 14 9 11 13 10 15 7 14 
15 32 33 28 36 32 24 31 35 31 27 26 30 29 34 38 
9 34 30 31 28 28 27 33 27 30 
7 52 22 20 23 21 48 49 
7 35 34 38 36 33 33 37 
7 14 27 30 16 28 25 24 
8 46 36 29 32 47 51 33 45 
7 12 51 9 45 47 48 50 
9 15 18 26 20 20 21 19 14 18 
14 13 16 17 25 12 14 24 15 26 10 29 23 27 28 
8 39 45 43 37 41 38 19 22 
7 33 52 34 37 46 49 30 
16 48 49 44 52 46 41 43 40 45 50 47 46 38 51 42 39 
13 25 13 10 15 12 18 20 14 24 21 19 23 22 
10 13 8 29 33 32 12 14 9 30 10 
14 23 29 22 21 24 26 28 25 30 25 27 19 20 33 
18 37 35 47 40 51 49 48 36 39 41 44 50 52 46 38 34 33 45 
10 15 45 48 47 14 52 12 51 44 46 
15 37 42 13 35 12 41 34 9 38 40 17 16 36 10 11 
8 26 27 29 25 16 24 28 14 
8 36 21 38 34 22 41 27 19 
17 28 26 29 37 31 25 34 36 30 31 29 30 24 32 23 33 35 
8 5 10 9 13 6 8 12 11 
8 35 44 47 36 42 43 41 40 
10 23 30 27 33 27 28 25 28 32 20 
7 49 48 41 45 42 40 51 
16 51 49 47 45 18 14 13 15 46 19 20 12 16 52 48 50 
12 31 27 26 30 24 24 21 29 23 18 17 28 
13 26 33 37 24 30 35 20 38 36 34 31 27 23 
9 23 22 19 26 24 22 25 20 24 
18 8 46 5 6 9 42 45 47 7 48 43 41 49 10 11 44 3 4 
11 24 22 21 40 25 37 42 23 26 20 27 
7 41 11 45 46 43 42 13 
16 11 41 14 37 13 34 18 39 42 16 36 12 17 35 38 40 
16 34 29 17 31 30 33 28 20 35 24 19 21 25 22 32 27 
10 52 41 49 44 50 43 42 46 38 37 
10 21 29 27 25 24 20 25 27 23 24 
12 15 28 14 24 11 29 27 23 13 16 26 12 
13 48 35 51 36 50 30 31 52 29 37 33 32 34 
10 47 22 50 23 26 51 52 29 49 30 
13 35 39 40 37 33 38 38 35 34 42 36 30 31 
12 22 27 23 25 30 28 31 32 26 29 36 33 
10 36 33 38 35 32 39 33 34 34 41 
14 43 12 10 41 38 40 37 14 42 11 39 45 13 44 
10 46 50 47 52 49 11 8 51 9 10 
18 42 3 4 9 41 5 10 8 45 7 46 2 43 38 39 6 40 44 
16 42 43 46 36 43 44 37 39 49 41 45 48 38 40 44 47 
10 23 41 40 20 45 27 47 24 44 43 
15 35 13 32 12 18 16 31 28 17 30 15 10 11 34 33 
15 24 32 29 29 31 21 27 22 28 23 28 33 26 34 25 
17 23 4 30 3 5 31 1 2 27 24 26 6 8 29 7 28 25 
11 18 12 14 20 14 10 13 11 21 16 13 
16 47 45 42 43 32 28 46 34 35 44 31 27 29 41 40 48 
14 42 35 41 37 39 41 40 37 38 38 40 36 39 44 
16 10 14 9 15 2 1 6 3 11 16 5 13 7 4 8 12 
7 23 20 17 17 22 19 20 
8 12 10 13 16 9 15 17 11 
15 18 22 20 21 22 19 17 24 18 25 24 21 25 17 20 
17 25 36 22 24 21 38 43 26 42 23 40 37 19 41 27 39 20 
14 19 26 21 33 35 39 24 34 36 40 20 41 38 22 
13 31 32 31 26 24 30 28 38 33 30 27 34 37 
15 45 40 43 38 22 23 24 37 27 29 41 25 44 26 28 
7 43 46 49 50 36 35 51 
9 7 30 5 27 9 6 3 25 32 
7 16 5 14 20 21 2 7 
8 11 51 6 7 8 48 50 52 
15 33 37 29 28 30 40 38 26 31 39 34 36 33 27 35 
17 10 9 4 36 39 6 41 33 5 34 40 8 7 35 38 3 37 
7 20 17 24 19 23 22 25 
14 37 31 25 23 35 29 33 36 27 24 21 20 32 34 
8 15 31 16 26 13 28 18 17 
10 6 51 10 48 7 12 49 8 50 11 
14 23 25 41 38 27 45 21 24 44 22 40 39 37 26 
16 36 42 41 45 42 34 39 35 44 38 37 40 39 43 38 37 
11 24 28 22 20 25 46 49 21 48 27 23 
10 31 33 24 30 21 26 32 29 27 22 
18 43 13 46 16 44 17 48 18 47 14 45 41 19 42 15 12 20 40 
8 32 40 34 37 33 39 33 32 
10 40 3 45 44 1 7 39 42 2 4 
13 39 38 36 37 17 24 25 33 40 18 34 32 21 
9 41 20 19 13 18 40 17 46 16 
11 22 21 14 29 22 16 20 23 15 26 30 
8 29 27 24 30 26 31 25 28 
10 8 4 17 12 2 1 14 15 16 11 
9 24 27 21 22 23 20 28 26 25 
7 17 15 14 16 41 36 21 
12 49 50 50 45 49 46 43 51 44 47 52 51 
9 25 35 34 30 32 29 37 28 24 
17 26 23 34 24 22 33 31 21 27 30 20 16 17 29 18 32 19 
16 32 34 37 36 33 13 30 17 15 19 20 38 12 18 35 31 
7 34 41 35 38 39 36 37 
11 40 33 36 44 36 35 43 39 37 32 34 
10 48 52 45 50 51 40 49 37 36 34 
11 42 36 50 49 43 51 40 38 52 48 37 
17 43 47 22 21 25 45 27 26 20 19 48 44 23 49 50 42 46 
8 20 25 21 19 18 17 25 22 
12 30 42 35 34 43 47 33 45 41 44 31 38 
15 43 45 19 12 37 17 16 41 15 39 44 18 40 20 13 
14 15 44 46 47 11 42 40 41 43 45 12 48 10 13 
9 27 30 32 32 31 34 27 28 28 
12 18 21 47 17 48 50 16 49 15 20 52 13 
14 37 35 30 36 31 32 33 33 34 31 36 34 35 29 
7 10 35 7 8 41 14 37 
16 21 25 23 12 20 10 24 7 13 22 26 8 27 28 6 9 
12 29 5 28 26 22 1 25 3 23 2 24 30 
18 49 10 5 13 47 7 45 6 51 48 12 8 11 9 46 43 44 50 
17 34 32 33 37 36 39 38 38 35 34 36 37 33 40 32 35 39 
18 44 52 43 50 47 39 48 37 46 45 41 51 38 44 42 40 49 45 
10 25 41 42 43 21 48 49 26 24 27 
8 16 31 34 15 27 20 32 23 
9 21 18 20 22 17 16 24 19 23 
8 34 33 41 37 35 43 42 40 
18 28 29 32 30 27 24 31 26 28 25 27 24 29 25 32 26 31 30 
13 34 37 17 38 33 12 13 14 18 39 16 32 36 
16 44 50 11 16 52 49 45 9 51 48 17 15 12 47 10 13 
14 37 49 41 50 42 36 47 38 48 34 45 52 40 51 
11 25 19 10 24 26 23 20 21 11 27 22 
12 19 17 20 14 18 16 24 12 23 20 15 21 
12 16 12 22 13 14 10 26 23 15 20 25 24 
15 42 11 16 17 44 46 15 13 43 38 41 39 12 9 40 
13 48 7 8 10 52 49 9 12 11 51 50 14 15 
14 5 6 11 14 17 10 9 20 19 18 7 13 12 8 
11 15 14 10 6 12 11 11 8 5 13 18 
15 47 16 18 50 52 51 14 19 17 13 48 12 49 15 11 
16 15 16 14 4 9 12 13 7 18 20 19 17 5 12 8 10 
16 45 39 32 34 36 43 50 49 33 44 31 35 48 38 37 42 
14 14 17 10 13 19 15 11 16 14 15 12 12 13 16 
13 25 33 27 23 28 30 30 31 26 31 26 29 29 
18 44 24 37 23 19 39 22 40 36 20 18 26 42 38 25 41 21 43 
16 51 14 47 46 52 17 15 49 13 10 48 12 11 50 18 16 
17 13 12 14 18 17 20 15 18 12 13 19 15 16 17 11 14 19 
8 48 51 49 45 29 47 33 44 
7 14 18 17 12 10 13 16 
12 18 16 21 33 34 14 39 22 17 31 19 38 
10 25 29 30 23 27 31 31 25 24 28 
7 47 43 41 49 49 46 47 
18 21 18 12 19 15 14 24 23 20 18 26 22 17 11 13 16 25 19 
15 21 35 29 28 27 32 33 25 31 28 29 26 36 24 22 
7 46 44 39 42 41 45 40 
18 34 41 40 43 35 39 36 35 38 33 40 36 37 39 38 37 42 41 
10 19 20 41 43 14 40 22 39 18 37 
16 5 4 9 6 21 1 8 19 18 2 23 16 20 7 17 24 
7 33 34 21 26 27 23 19 
17 28 34 32 36 29 34 32 35 30 33 31 28 29 31 27 30 33 
9 36 4 5 2 35 39 41 6 9 
8 29 46 52 25 47 24 21 28 
11 35 23 36 28 33 39 27 29 40 24 37 
12 52 38 43 41 46 44 40 50 39 45 48 51 
18 11 6 13 8 16 15 20 12 7 9 17 19 23 18 10 5 22 21 
14 19 5 7 1 15 12 2 18 14 11 4 17 6 13 
13 24 25 48 29 45 43 27 28 22 23 50 44 26 
16 38 35 38 39 41 37 37 42 40 43 42 36 44 43 40 41 
10 7 47 48 52 9 15 13 10 11 14 
13 45 43 10 49 14 48 46 15 12 51 16 50 13 
14 5 26 27 28 9 20 21 22 4 8 25 7 2 10 
11 13 28 33 17 31 30 35 29 34 16 14 
9 15 8 39 36 11 40 9 13 38 
7 31 30 28 27 25 24 23 
17 18 49 48 13 11 14 50 10 52 51 12 44 46 16 15 17 45 
15 25 43 21 24 22 50 23 45 26 46 29 27 44 47 49 
18 21 26 27 23 23 26 21 24 22 27 25 20 24 29 25 19 28 22 
13 49 49 51 45 52 46 52 47 50 51 44 48 48 
18 39 37 35 32 46 47 31 36 39 43 33 40 34 41 44 42 38 45 
7 46 37 48 39 49 52 41 
7 21 24 25 18 22 29 28 
15 28 29 25 43 37 36 21 22 23 39 42 44 38 27 24 
15 37 39 36 41 19 44 15 14 17 38 16 21 43 42 13 
18 44 22 43 16 42 40 18 20 45 47 24 41 17 39 23 19 21 46 
12 24 19 23 26 18 22 23 19 22 17 24 21 
7 50 51 45 52 38 46 44 
14 22 33 41 36 17 25 24 19 40 39 23 37 20 21 
11 10 34 40 35 11 33 36 32 37 38 39 
9 14 13 19 20 17 15 15 11 13 
10 12 47 15 9 11 10 52 14 17 51 
14 37 20 18 21 17 33 24 25 41 38 36 39 35 34 
16 5 10 35 9 6 40 7 37 38 41 39 34 11 8 36 33 
17 42 18 23 40 43 45 24 22 44 20 41 47 21 48 46 19 25 
7 45 23 31 26 44 30 46 
12 13 13 9 8 16 10 12 12 14 15 11 10 
8 31 34 27 30 33 32 28 35 
9 23 27 28 27 31 28 22 26 30 
18 39 19 33 36 40 14 12 32 20 38 13 37 34 35 15 17 18 16 
7 15 20 21 45 42 16 39 
10 29 35 5 1 4 27 6 31 3 32 
15 43 45 26 39 29 33 38 40 27 28 25 41 44 31 46 
14 28 34 27 32 16 15 20 30 17 33 22 26 18 21 
8 45 52 52 50 45 46 46 51 
8 39 34 33 37 35 36 31 38 
16 30 38 33 32 17 19 13 37 35 31 20 15 18 36 21 34 
17 8 13 31 34 30 12 9 27 29 11 28 33 5 32 10 6 26 
10 7 9 10 14 15 10 11 12 12 8 
9 24 38 35 23 34 19 31 36 26 
9 5 12 9 10 42 44 40 43 38 
13 42 20 43 44 18 45 26 22 40 25 46 47 48 
10 47 39 46 44 17 15 12 13 40 43 
13 35 24 27 39 23 33 38 37 21 34 40 26 22 
10 16 13 52 19 18 21 15 51 14 49 
9 22 39 43 40 24 41 44 28 27 
7 14 41 10 37 13 40 18 
14 33 29 9 8 2 4 27 7 28 31 30 34 32 3 
16 37 13 11 40 10 41 33 16 35 34 36 14 38 15 9 12 
8 47 13 14 17 42 40 44 16 
17 19 14 41 18 11 38 16 17 39 42 37 15 45 13 43 44 12 
7 21 20 24 23 22 10 12 
9 51 44 46 38 37 45 33 40 49 
14 42 48 37 51 34 41 39 40 50 52 35 49 36 38 
18 24 18 14 17 20 18 19 25 20 21 23 13 16 15 19 21 22 17 
12 30 27 29 31 28 30 35 33 36 32 28 32 
14 14 51 45 8 52 13 47 48 6 9 49 7 50 10 
14 47 35 40 43 45 48 41 51 49 46 39 43 37 38 
11 18 42 40 46 19 24 21 41 23 44 45 
14 41 7 40 35 10 39 36 37 5 8 42 2 38 43 
8 24 19 21 22 23 27 20 25 
13 45 24 39 46 47 25 21 44 42 43 22 23 28 
8 20 21 14 19 17 13 18 15 
7 14 23 22 18 16 20 21 
8 33 30 24 27 29 28 28 20 
7 41 40 33 39 46 37 38 
16 37 35 38 34 38 40 39 33 35 32 32 37 36 36 31 34 
15 42 26 29 33 34 27 32 35 37 25 30 38 40 28 36 
11 48 50 43 49 17 14 15 46 42 12 13 
10 10 4 47 11 51 6 48 50 5 52 
14 50 18 19 16 51 48 13 15 44 52 45 46 49 47 
14 45 48 47 27 40 41 23 24 22 42 21 25 44 29 
18 39 42 36 40 37 34 47 38 35 41 39 45 40 43 46 41 42 44 
14 49 35 31 37 33 34 48 47 45 32 44 52 50 36 
8 45 50 26 49 22 46 47 24 
7 39 46 10 13 40 11 14 
16 25 30 40 41 28 36 24 29 26 39 34 38 27 23 42 35 
10 34 16 15 18 39 40 17 38 35 11 
9 37 43 22 19 21 35 17 40 20 
18 35 46 40 41 38 44 47 33 39 34 45 37 43 36 39 40 32 42 
11 1 33 26 7 29 34 27 4 32 31 5 
8 41 43 42 35 33 34 36 37 
13 23 41 46 47 26 45 43 49 42 21 20 19 24 
11 48 35 52 47 46 50 33 51 34 32 38 
18 39 9 34 36 8 14 35 13 33 32 40 37 11 15 10 7 38 12 
8 28 29 30 1 5 25 26 24 
16 16 12 17 16 11 14 10 18 17 13 15 15 22 14 19 18 
15 8 12 14 10 6 20 15 13 19 13 5 17 12 9 16 
7 26 33 12 32 34 6 28 
16 13 30 14 29 20 33 32 15 26 19 18 25 17 16 31 12 
12 2 3 8 5 12 11 6 9 10 10 7 4 
14 39 44 6 36 5 43 37 4 40 41 1 42 8 7 
10 29 31 13 35 11 10 36 28 33 30 
8 20 21 14 19 8 17 12 15 
10 50 34 47 40 36 35 39 43 44 41 
10 10 14 13 12 10 15 9 8 7 11 
9 35 52 37 39 32 50 51 40 38 
8 10 8 11 10 3 5 12 13 
17 10 17 14 11 45 15 46 50 48 43 13 12 47 49 16 44 51 
