1000
7 44 23 42 40 20 39 22 
12 8 4 3 13 7 11 5 6 9 1 10 2 
8 47 48 46 45 51 49 43 50 
17 11 5 47 8 13 48 41 49 45 42 7 46 43 10 44 12 9 
7 11 14 36 40 12 16 38 
12 26 14 7 21 8 13 22 24 29 27 9 10 
7 50 24 48 23 49 25 46 
17 11 19 38 17 31 16 39 13 33 18 32 12 35 34 37 36 14 
18 22 13 21 9 15 19 8 7 20 12 5 16 11 6 17 23 10 18 
14 28 27 52 31 30 29 49 26 25 23 50 51 48 46 
9 41 38 11 39 44 42 43 5 13 
15 28 50 35 49 32 52 48 30 51 33 27 31 34 47 29 
7 43 43 36 38 37 35 36 
11 36 40 44 15 14 19 20 42 39 37 21 
7 24 8 30 31 7 25 27 
16 31 37 32 36 34 30 31 29 33 36 29 32 35 30 35 37 
13 43 38 40 5 6 44 7 42 8 39 41 4 1 
8 45 41 46 43 39 36 33 35 
15 23 9 28 27 22 26 16 13 8 24 20 25 21 14 11 
16 17 30 16 29 32 34 15 18 37 21 33 36 19 22 31 14 
15 15 29 28 14 26 12 13 27 33 30 34 10 16 31 32 
9 40 43 36 40 36 34 37 38 38 
14 12 29 21 16 17 26 13 14 23 27 15 24 18 22 
11 25 39 20 33 22 37 36 23 40 24 19 
7 15 11 12 32 26 17 13 
7 12 14 17 11 10 42 36 
17 48 22 21 44 46 26 25 20 45 49 19 51 23 50 27 24 43 
10 39 40 38 43 46 44 31 26 27 45 
15 26 29 25 28 23 33 24 32 36 20 34 21 35 27 30 
7 5 9 33 4 30 31 7 
15 32 28 13 24 14 16 29 15 27 26 30 10 12 25 17 
10 6 31 35 5 1 32 34 33 3 7 
10 5 2 4 6 11 17 15 13 16 10 
7 34 35 36 37 47 48 39 
12 28 51 48 46 31 29 27 30 47 24 23 52 
10 30 31 22 16 17 29 21 28 32 33 
17 27 43 25 23 21 50 22 47 24 45 51 44 20 26 49 48 46 
16 43 25 46 26 44 27 47 23 24 48 45 22 41 29 21 42 
12 39 12 41 36 42 18 15 14 16 13 10 37 
12 38 18 39 46 20 19 43 15 17 41 40 44 
10 32 35 33 34 40 38 40 39 39 37 
18 40 3 11 10 7 9 38 36 43 8 39 41 37 6 42 44 5 4 
17 34 41 38 33 39 39 42 37 35 43 41 40 46 40 36 44 38 
18 27 29 23 25 22 23 17 18 19 26 21 25 24 24 28 21 20 22 
10 41 47 41 43 40 42 39 35 38 36 
15 33 40 38 43 35 32 37 39 39 36 37 31 42 38 34 
8 3 4 20 16 18 14 15 21 
13 17 21 19 24 16 15 20 26 14 23 18 28 29 
11 35 41 40 33 34 39 43 37 44 45 46 
11 18 44 38 20 22 21 23 19 26 24 45 
16 26 28 33 28 31 26 32 24 30 31 32 25 29 29 34 27 
13 2 28 26 31 5 1 29 27 25 4 32 30 24 
8 31 30 24 26 21 20 28 32 
8 16 11 11 17 18 10 12 14 
15 21 24 46 27 42 49 29 26 44 47 23 45 43 48 28 
7 47 7 49 8 12 9 51 
16 14 17 36 39 16 33 40 18 22 35 21 20 32 34 38 37 
14 41 13 47 45 40 48 44 43 14 46 10 11 42 12 
8 37 34 45 50 39 52 40 36 
7 25 22 20 17 23 19 18 
15 16 6 15 12 8 7 14 13 10 1 2 4 3 11 5 
12 4 9 8 17 11 3 12 7 13 15 16 5 
8 25 31 42 36 43 29 40 27 
11 8 52 12 49 9 10 51 48 11 50 7 
15 20 17 21 39 19 38 43 42 18 23 36 22 40 35 37 
9 49 7 50 12 48 8 10 6 13 
10 17 21 22 12 14 10 19 15 20 11 
9 45 44 39 52 50 38 41 43 51 
12 23 30 30 27 31 25 32 27 34 26 33 26 
15 32 38 34 43 42 37 30 37 31 39 45 40 44 35 38 
16 37 39 33 16 35 36 41 19 15 38 18 20 14 13 34 17 
13 5 4 26 2 33 30 6 1 34 31 3 32 27 
8 46 16 44 15 17 14 43 47 
15 17 15 14 11 18 12 14 17 13 18 13 12 20 16 15 
17 21 39 27 44 25 41 24 20 38 37 19 26 45 43 22 40 42 
12 23 2 21 18 16 19 3 17 22 20 1 4 
10 48 23 29 49 52 50 26 24 28 27 
13 37 31 35 40 33 32 32 34 33 28 39 34 30 
13 41 46 43 42 40 43 45 44 38 39 37 42 40 
11 18 42 14 46 38 40 45 19 13 11 44 
8 29 28 30 32 27 33 26 31 
7 20 29 17 23 25 26 27 
14 20 29 30 31 24 26 28 23 25 23 25 22 17 27 
8 9 50 3 8 48 5 52 4 
12 13 23 8 10 20 17 5 6 25 21 22 24 
7 20 47 51 46 18 50 15 
13 18 36 32 31 24 23 34 33 22 26 20 21 30 
12 41 42 47 38 37 39 45 42 48 44 35 49 
13 39 26 27 40 28 41 29 38 31 34 32 42 36 
8 12 10 10 11 13 14 8 7 
8 47 30 50 43 37 33 35 29 
18 40 36 44 38 36 42 37 35 40 43 39 37 42 41 38 39 41 43 
8 2 9 4 6 10 5 11 1 
16 50 36 34 49 44 52 29 30 37 45 48 31 32 47 35 46 
7 19 39 38 44 42 43 21 
12 25 6 23 5 20 19 17 18 1 4 3 21 
8 37 40 30 32 35 36 37 31 
7 43 45 47 38 51 36 37 
18 36 20 32 17 37 34 24 38 39 19 33 23 18 35 21 31 22 25 
15 10 13 9 6 14 13 12 7 14 12 15 11 11 10 8 
15 43 28 25 30 41 36 29 38 27 42 26 24 23 22 37 
10 10 11 42 15 41 12 37 39 38 35 
7 41 44 38 17 23 37 20 
15 36 40 38 33 32 34 38 39 37 36 35 37 35 34 39 
17 45 42 27 47 28 33 29 30 40 44 32 31 35 39 46 41 34 
18 18 15 14 47 49 13 17 12 11 19 50 51 44 16 45 48 46 43 
7 12 42 38 13 40 11 43 
12 39 23 45 42 22 19 37 44 16 20 17 40 
10 18 20 13 19 12 14 11 16 22 14 
11 1 49 51 8 46 7 5 48 4 50 2 
8 26 25 21 23 23 17 19 18 
15 46 44 21 42 41 25 24 45 40 23 39 20 19 22 26 
14 4 3 2 23 24 18 5 17 21 22 1 16 20 19 
7 31 14 10 26 12 13 11 
13 11 12 25 23 29 30 15 24 27 10 26 13 28 
14 49 48 11 47 8 13 10 14 9 6 7 52 12 50 
12 22 19 20 15 15 20 16 21 23 21 19 23 
14 18 17 12 11 18 10 17 14 25 24 16 19 20 23 
12 15 47 46 42 12 45 8 43 44 9 49 14 
18 6 14 16 21 12 18 10 8 17 7 20 9 13 5 19 4 11 15 
17 32 26 23 21 30 25 22 28 20 31 35 28 36 27 24 33 29 
17 19 16 24 17 12 26 14 23 29 25 15 18 22 27 13 11 28 
10 19 12 5 17 20 18 7 15 13 2 
14 25 32 20 33 34 26 29 24 21 22 35 30 23 27 
8 28 46 32 50 49 35 51 47 
13 28 25 26 27 32 28 30 27 22 26 24 20 21 
18 15 10 26 30 25 9 14 8 29 27 28 32 12 7 13 11 33 31 
10 41 51 47 50 47 40 44 49 46 42 
8 33 32 40 24 35 39 26 34 
14 33 31 35 33 38 36 36 37 34 30 34 29 40 39 
13 3 23 30 7 28 29 1 26 2 5 27 8 6 
16 4 6 16 22 15 19 21 9 10 23 7 8 17 11 18 20 
9 24 23 27 24 19 32 29 21 27 
14 51 37 36 46 35 49 32 45 39 31 50 33 48 47 
10 28 14 31 30 27 12 34 13 10 16 
7 24 27 35 36 33 34 30 
17 44 27 31 33 47 32 52 50 29 49 46 51 48 45 34 26 30 
17 11 20 28 13 17 15 12 23 21 27 25 26 24 14 19 18 16 
17 22 25 20 3 4 6 10 8 23 27 21 19 24 26 9 11 7 
12 39 8 32 12 33 14 11 35 10 9 15 7 
13 13 15 30 11 31 29 32 34 17 36 16 37 35 
12 35 29 19 13 12 30 33 15 36 14 20 18 
14 13 19 21 14 16 11 20 10 22 23 15 18 12 17 
9 50 11 15 8 12 47 48 9 13 
12 21 11 14 16 18 17 20 23 10 13 19 12 
17 17 14 15 10 15 16 14 18 11 12 11 9 13 19 13 17 16 
7 20 13 19 18 16 14 17 
10 46 41 45 10 47 42 43 40 44 39 
14 32 30 21 27 31 25 34 18 17 19 28 20 26 29 
8 33 35 28 31 34 30 32 31 
11 30 11 36 12 17 33 32 35 16 14 34 
10 14 19 20 23 22 20 19 27 26 21 
15 37 35 32 42 38 36 41 40 43 37 39 36 34 39 35 
11 7 10 13 11 4 17 12 5 6 12 14 
7 14 27 19 17 15 21 25 
9 49 20 50 24 19 51 52 47 48 
13 46 49 39 38 40 43 32 34 48 37 47 45 50 
14 25 24 2 22 21 1 6 23 28 4 29 5 26 3 
7 45 43 46 45 48 39 44 
16 50 24 26 46 48 18 47 21 25 19 44 49 23 52 45 22 
17 46 34 36 48 39 40 45 47 37 50 52 33 38 35 32 51 49 
8 30 31 41 43 34 42 39 29 
9 16 12 15 10 17 11 9 14 13 
13 8 51 7 9 47 48 49 2 4 5 52 6 1 
14 8 1 19 17 6 16 23 2 20 24 21 9 5 18 
10 20 21 18 16 22 14 14 11 15 13 
12 32 37 31 33 35 29 34 36 35 33 27 32 
10 46 44 45 45 48 50 46 51 40 43 
8 31 34 29 30 32 27 28 26 
13 28 36 43 27 39 41 42 31 32 37 34 35 33 
15 26 29 41 27 25 38 37 42 32 30 31 39 40 45 43 
7 2 10 16 15 1 5 3 
10 18 16 8 5 20 6 2 4 10 15 
16 33 36 10 30 12 32 34 35 16 31 37 29 15 13 11 14 
10 22 26 16 22 25 18 29 20 24 17 
8 35 44 43 39 48 46 45 40 
7 20 19 34 15 29 28 35 
8 45 46 44 24 29 40 43 25 
17 43 37 45 39 33 38 46 47 48 32 41 34 36 44 35 49 31 
14 6 5 31 12 7 33 32 36 34 8 9 11 30 35 
18 25 50 27 48 45 31 44 30 24 28 49 51 47 26 52 29 32 46 
11 47 32 29 26 44 49 27 43 41 25 46 
9 26 41 43 37 39 18 40 35 38 
12 27 40 46 29 31 28 26 24 43 42 30 41 
10 38 35 43 38 37 39 33 40 35 39 
10 20 17 47 49 48 14 46 21 52 22 
13 6 22 7 19 18 5 1 23 4 20 25 3 24 
11 46 45 42 20 14 47 19 17 15 22 48 
8 38 52 43 51 49 40 50 44 
16 12 17 19 23 18 18 13 22 14 24 15 20 25 16 21 19 
13 31 28 37 35 40 41 27 29 42 45 32 30 39 
9 22 19 12 17 11 18 20 13 10 
8 34 37 30 42 36 38 33 34 
7 21 26 23 17 22 25 27 
9 45 37 35 41 38 44 40 46 43 
7 17 13 19 15 16 16 15 
15 8 4 14 17 1 11 16 9 15 3 10 7 13 6 12 
14 33 51 38 50 34 37 31 35 36 52 32 49 39 48 
8 17 48 16 42 47 12 19 18 
18 17 17 19 12 20 15 10 14 24 13 18 23 16 22 21 18 11 16 
14 42 40 39 40 43 48 45 44 38 46 41 37 42 44 
12 37 36 33 19 35 18 16 23 34 32 38 40 
10 27 49 23 31 46 43 25 44 48 28 
9 36 34 33 37 41 32 35 39 39 
14 10 38 14 43 42 17 40 9 15 37 36 11 41 39 
10 22 43 25 21 19 42 49 41 26 48 
18 8 3 4 2 45 1 6 41 5 44 38 42 7 9 39 43 37 40 
9 22 21 20 50 47 17 51 23 49 
18 14 13 16 12 19 20 20 15 18 16 18 22 21 15 17 14 19 17 
7 12 13 17 19 14 11 10 
8 23 21 27 24 28 42 43 22 
16 31 34 33 24 28 22 36 32 23 26 30 28 29 35 20 21 
16 5 1 45 42 46 41 43 39 40 3 47 2 6 44 8 7 
12 38 39 1 3 6 40 43 37 2 41 4 35 
17 38 33 31 40 39 34 37 36 32 35 38 36 37 34 41 35 30 
13 4 37 2 3 35 30 6 34 9 36 31 8 32 
16 42 15 40 43 41 44 37 12 39 36 13 38 10 14 16 11 
11 8 5 13 3 11 7 10 14 12 6 9 
12 34 20 23 25 37 35 36 39 33 26 40 38 
11 20 16 14 24 26 15 31 22 17 32 25 
8 13 43 21 44 48 49 50 16 
12 40 29 32 38 35 37 30 32 31 27 36 33 
12 50 26 24 42 31 23 46 44 43 30 25 49 
15 30 50 46 43 27 29 23 42 25 47 31 24 26 48 45 
18 35 24 33 31 32 21 30 29 22 34 19 25 36 37 27 23 20 26 
7 42 45 48 46 44 50 51 
11 20 27 23 30 22 15 24 17 26 16 25 
10 12 5 11 8 4 13 11 9 10 6 
13 52 8 50 47 9 12 13 46 49 5 11 51 6 
16 20 15 31 29 21 17 28 30 25 24 23 18 16 23 27 19 
14 17 18 30 36 34 22 19 20 24 31 28 33 29 32 
13 48 49 46 50 48 52 45 50 51 43 44 49 42 
16 26 20 27 32 21 29 34 22 24 31 26 28 25 30 23 27 
10 15 16 4 2 1 6 3 21 17 22 
15 42 46 14 20 13 17 41 21 16 43 47 49 48 15 19 
15 39 44 4 43 36 6 1 41 5 40 42 3 38 7 37 
10 34 32 29 27 35 25 26 30 33 24 
18 33 35 7 32 10 28 29 31 13 12 30 36 34 6 8 11 9 14 
8 33 35 30 36 11 38 37 34 
8 24 23 22 32 28 27 29 21 
8 47 48 44 22 46 18 21 42 
18 31 34 15 29 36 33 19 32 30 21 18 17 23 35 16 28 20 22 
17 25 21 23 22 26 29 24 28 27 24 26 28 30 25 23 27 22 
7 20 34 21 23 18 17 29 
15 46 47 16 48 45 20 19 42 44 18 41 22 43 17 49 
9 52 50 47 5 48 4 1 51 49 
13 2 48 6 7 52 3 1 51 50 4 8 49 5 
15 40 24 22 30 42 37 29 39 26 44 38 43 23 41 25 
13 31 44 34 35 45 38 36 47 49 43 33 50 32 
11 29 32 26 24 31 28 30 32 25 25 24 
18 25 26 29 25 23 27 28 31 24 22 30 29 32 27 28 30 24 26 
13 32 25 26 16 30 12 18 27 13 19 14 31 33 
12 40 50 45 35 38 41 42 34 46 37 36 39 
13 30 46 49 50 35 44 29 45 27 33 43 34 32 
13 3 1 21 7 19 27 23 20 5 2 4 24 22 
7 38 41 35 36 39 33 40 
11 32 7 36 14 35 34 33 12 11 39 6 
12 1 47 52 8 6 46 49 51 48 4 2 3 
11 31 33 27 47 46 48 32 34 50 26 52 
15 23 28 24 25 12 14 26 10 27 7 11 21 9 29 13 
11 44 47 36 29 28 41 43 35 46 32 31 
12 28 18 20 24 26 27 31 21 30 22 23 19 
11 28 36 33 38 40 34 31 36 35 42 37 
9 40 38 46 33 45 43 47 36 49 
9 25 24 23 22 21 21 23 27 22 
16 11 17 18 15 17 13 10 12 15 11 10 14 16 16 13 18 
9 49 11 50 52 46 47 10 51 9 
10 30 32 16 12 11 27 14 31 10 29 
7 21 10 22 20 23 19 25 
14 20 17 38 43 39 37 35 16 36 15 22 14 19 42 
12 35 37 27 29 41 39 30 40 42 38 28 23 
13 24 42 20 44 36 22 37 23 41 17 38 43 18 
17 44 35 52 28 33 49 32 47 31 45 29 48 34 50 36 46 30 
16 31 33 51 46 32 25 47 26 27 30 52 28 48 50 29 49 
14 20 28 18 32 21 16 22 25 19 14 15 17 26 30 
11 52 14 45 47 16 18 17 12 51 48 50 
11 21 12 20 14 13 16 14 13 19 15 8 
7 35 33 10 37 39 40 34 
11 12 17 5 10 7 9 10 13 4 14 15 
12 48 32 31 30 47 35 43 36 45 44 34 46 
10 52 51 23 21 16 48 47 46 22 44 
10 37 17 15 32 18 38 39 33 34 16 
10 11 43 9 8 7 12 42 13 45 14 
7 51 49 52 7 48 8 9 
7 50 52 26 29 31 23 49 
12 46 44 42 32 30 47 45 27 29 33 48 41 
11 7 4 3 23 24 1 5 28 21 29 8 
16 15 11 46 18 49 45 12 13 47 48 17 14 44 50 16 43 
15 22 13 12 17 24 15 19 11 18 21 23 14 25 20 10 
17 19 15 12 13 19 14 18 15 16 17 14 17 18 11 16 13 20 
14 47 48 50 51 42 48 44 52 46 45 49 50 45 46 
10 51 36 48 37 44 34 45 50 49 43 
14 4 23 2 21 19 24 18 9 10 3 22 6 17 20 
18 33 10 8 7 35 29 36 6 9 4 28 34 3 30 2 5 31 32 
7 28 11 30 26 10 25 31 
12 35 12 13 11 39 37 40 10 34 16 33 36 
10 50 50 46 49 48 51 42 43 52 45 
7 36 50 49 39 44 48 42 
9 28 48 51 49 26 52 30 29 33 
13 26 24 23 29 27 22 25 47 28 21 46 45 40 
12 5 31 4 34 3 33 38 32 37 35 2 39 
11 46 45 50 48 48 46 51 44 42 44 43 
9 35 38 42 34 35 32 31 34 30 
10 23 18 25 31 24 27 21 22 23 24 
11 36 37 9 5 42 34 2 39 6 8 35 
18 34 35 36 31 37 29 31 30 30 34 29 28 35 32 33 36 33 32 
13 47 51 30 29 49 52 28 45 24 48 27 46 50 
18 43 17 23 18 40 16 24 19 22 21 20 38 39 42 44 41 37 45 
7 30 14 15 25 11 22 10 
8 22 52 51 23 21 29 28 25 
8 27 38 33 31 33 37 26 30 
8 22 28 24 27 25 26 29 23 
8 44 43 41 37 38 39 40 32 
7 16 18 10 11 12 30 17 
15 51 47 3 49 6 5 52 46 50 2 1 8 48 7 4 
7 51 7 3 52 8 5 4 
7 19 18 18 16 14 20 13 
14 25 24 32 29 37 30 27 31 36 31 29 33 34 23 
10 47 46 44 50 48 49 42 50 45 47 
15 32 34 20 31 18 30 19 24 16 22 21 33 28 17 29 
8 2 6 7 4 20 21 9 22 
8 43 41 47 42 46 45 40 39 
13 52 50 46 51 49 52 49 47 50 51 47 48 48 
10 18 21 20 20 17 24 22 16 13 15 
8 3 9 7 10 4 8 5 10 
14 28 11 10 33 15 32 14 29 31 26 13 12 34 27 
16 20 26 33 25 24 34 40 23 22 18 36 37 19 35 39 21 
11 15 22 2 17 20 1 18 5 9 19 16 
10 38 42 35 12 40 37 39 43 41 11 
8 47 15 49 20 22 52 48 51 
15 13 16 15 19 12 14 17 12 9 10 15 11 14 18 13 
15 47 15 11 49 46 10 52 51 12 14 45 9 50 13 48 
10 34 41 38 12 37 40 36 10 16 9 
11 52 20 23 47 48 49 24 21 51 46 22 
13 52 25 24 49 48 50 47 20 23 19 22 26 21 
13 14 16 38 37 33 13 15 19 39 11 36 18 32 
9 36 38 43 39 6 35 37 4 1 
8 38 40 32 31 26 36 24 27 
12 26 25 31 33 22 25 29 24 23 30 21 18 
8 34 36 28 30 32 35 29 33 
15 41 17 22 42 43 15 39 40 14 21 44 45 19 47 20 
10 47 35 30 32 41 34 37 31 33 43 
7 40 42 20 36 16 39 35 
7 52 40 48 45 37 38 41 
7 29 42 26 41 44 25 24 
14 37 44 45 23 26 38 43 39 24 42 30 40 31 28 
13 38 17 15 16 37 13 32 35 39 36 18 33 34 
17 36 32 37 19 34 29 22 31 17 35 33 21 20 23 18 24 25 
10 39 29 30 41 33 35 37 28 38 27 
13 5 8 13 4 11 9 11 10 3 7 6 12 10 
10 11 19 16 18 10 21 15 20 17 14 
14 39 51 46 49 45 48 42 50 37 47 41 36 35 38 
12 22 17 23 24 19 26 23 18 19 21 21 20 
13 20 3 21 10 8 9 23 18 24 19 22 6 5 
17 16 14 19 21 15 19 23 24 21 20 13 25 22 20 26 27 18 
12 44 24 46 42 20 21 18 17 47 23 45 22 
9 23 21 31 18 33 37 34 32 24 
16 12 33 7 37 8 10 41 34 38 4 40 6 11 36 39 9 
17 42 36 44 40 38 46 41 43 47 41 37 45 48 34 42 40 39 
16 20 11 5 25 23 4 22 27 10 24 28 3 21 26 9 6 
7 33 32 47 27 52 31 29 
13 48 51 23 27 20 26 22 49 21 47 25 19 52 
17 19 3 9 6 7 15 10 16 5 2 22 20 4 23 17 18 8 
8 7 11 12 17 16 9 8 3 
9 16 4 22 1 3 20 6 21 23 
11 26 22 19 5 25 23 27 3 1 21 24 
17 44 29 36 42 48 46 37 45 33 47 31 50 43 49 34 32 30 
16 20 18 23 20 17 19 25 24 24 23 22 17 21 25 22 21 
9 10 36 32 38 15 13 37 33 30 
15 33 42 27 47 45 28 29 25 49 30 46 44 31 32 48 
11 23 29 24 8 28 30 3 10 7 27 11 
13 10 15 8 7 14 11 13 12 14 13 6 12 10 
15 11 15 14 12 14 19 16 20 21 13 17 10 16 13 15 
15 48 10 8 47 9 52 6 45 4 51 49 46 12 11 50 
7 31 36 37 35 34 33 39 
11 44 42 50 51 40 49 46 47 41 45 43 
11 47 43 4 5 46 40 42 7 41 2 44 
12 39 43 44 33 35 45 30 29 32 37 34 41 
8 12 18 19 24 22 17 23 21 
7 27 45 31 48 47 32 30 
9 6 20 5 25 7 10 8 9 27 
7 46 36 37 42 44 35 31 
9 10 16 17 20 19 15 11 21 13 
17 21 22 15 19 20 2 9 1 5 18 4 6 8 17 14 3 16 
16 42 4 36 10 39 43 5 12 37 41 7 8 11 9 35 6 
15 10 32 12 40 36 38 37 17 18 16 35 39 34 15 11 
10 44 38 36 33 37 41 32 43 40 39 
16 18 16 36 19 42 37 38 34 21 35 13 41 15 40 17 39 
18 48 43 21 22 24 23 51 49 47 25 27 20 50 46 45 44 26 19 
14 38 42 35 17 25 19 23 41 20 22 39 40 18 36 
17 33 32 14 15 38 16 11 13 39 31 17 35 37 18 34 36 12 
15 35 32 40 37 31 42 36 39 33 38 41 36 30 38 35 
8 26 24 20 23 23 21 25 24 
11 47 45 38 35 40 39 49 44 36 50 37 
7 42 38 39 36 40 34 35 
11 29 30 30 26 28 26 34 27 33 28 25 
10 49 48 31 50 46 44 33 45 28 30 
18 39 36 41 37 45 33 42 40 41 47 34 46 43 39 35 44 40 38 
9 46 47 45 44 43 42 50 48 49 
13 12 42 11 44 15 43 17 18 47 45 48 10 41 
18 26 43 40 45 25 29 46 41 48 22 42 30 23 44 47 28 27 24 
9 31 34 38 36 39 34 31 38 32 
16 51 49 47 48 50 40 52 36 35 33 38 46 44 34 45 39 
11 40 38 35 33 36 13 11 32 39 10 34 
17 38 40 20 34 41 39 23 25 19 26 33 22 36 37 21 24 35 
9 12 48 18 47 15 17 50 19 16 
11 44 22 24 48 20 25 27 23 43 45 26 
12 13 15 10 14 46 50 45 52 49 11 44 51 
9 14 10 8 17 13 16 15 6 7 
16 47 45 48 49 50 43 24 25 17 20 22 18 44 19 46 23 
11 38 40 51 46 41 45 49 42 44 39 48 
7 25 26 50 21 48 20 23 
12 49 21 24 22 51 27 26 50 20 52 47 45 
9 40 37 36 39 35 33 38 34 41 
10 36 42 46 32 31 44 39 49 37 45 
9 16 18 32 33 21 25 13 20 31 
18 13 10 12 11 12 14 17 9 13 10 18 15 7 8 16 5 11 6 
7 35 21 32 23 28 34 29 
12 42 41 49 44 46 33 31 48 43 45 47 32 
18 10 7 12 9 11 6 22 23 26 8 27 24 14 13 25 28 30 29 
14 17 38 20 15 46 39 21 41 19 43 45 44 16 40 
11 26 20 14 21 15 23 19 17 20 16 18 
16 44 43 45 48 49 44 52 47 46 50 51 51 47 46 45 48 
18 35 33 36 43 34 46 39 45 47 44 39 38 40 37 42 41 32 40 
7 10 15 31 12 33 11 32 
16 49 46 43 14 12 44 20 45 42 13 18 16 50 19 17 48 
11 12 14 6 5 13 11 7 10 8 10 13 
12 18 17 19 23 17 14 15 21 24 16 22 19 
11 18 39 42 19 14 17 21 43 16 40 22 
13 22 26 23 29 52 48 27 28 24 21 51 49 50 
12 32 30 26 29 31 25 28 21 28 24 25 26 
14 50 52 51 47 23 49 20 46 48 18 24 16 45 44 
17 28 30 37 36 41 27 32 43 39 31 29 33 40 42 34 44 38 
17 16 20 50 45 19 42 17 46 13 21 48 43 44 18 47 15 14 
10 18 17 22 51 19 50 23 21 20 49 
10 13 18 15 19 19 12 18 17 15 14 
17 29 39 43 27 32 30 40 35 33 38 42 37 31 41 34 44 45 
12 14 52 49 48 47 50 16 22 19 20 15 17 
15 32 12 33 31 37 13 15 14 30 16 35 36 38 10 11 
13 12 43 44 46 40 13 14 41 45 11 10 47 39 
18 35 15 31 36 38 33 20 14 39 21 13 19 16 34 32 18 17 37 
13 31 32 35 41 35 29 30 40 34 42 37 36 34 
12 22 21 19 30 32 24 31 33 23 20 29 37 
13 44 39 42 34 41 45 40 38 46 37 35 42 43 
10 51 48 49 50 44 44 52 46 45 48 
15 49 47 18 19 16 23 24 44 17 51 46 52 22 21 45 
7 27 30 35 28 33 29 30 
17 39 42 51 52 35 48 37 36 41 47 44 45 49 43 50 38 40 
7 14 16 12 15 18 20 10 
8 20 15 18 16 21 19 23 22 
14 17 27 29 28 18 24 30 20 25 23 24 23 22 19 
9 9 11 7 50 8 52 48 47 51 
12 37 39 36 43 37 39 35 33 45 40 42 34 
17 44 30 43 45 27 39 24 25 42 28 29 41 38 46 31 40 23 
13 47 52 48 10 15 9 50 13 11 51 8 7 49 
12 19 23 12 22 11 8 16 7 5 4 9 18 
9 24 45 23 20 49 18 47 46 19 
12 12 35 33 34 39 36 11 40 38 32 10 37 
13 42 46 45 8 41 6 9 7 5 44 38 39 40 
8 25 50 48 24 51 31 28 30 
14 45 42 43 40 36 41 38 40 43 37 39 41 48 47 
8 10 8 43 41 9 12 15 45 
7 2 10 6 22 8 28 23 
7 7 6 16 17 20 18 3 
18 44 20 25 42 24 46 47 23 22 45 49 19 17 43 18 21 50 48 
13 27 25 41 44 31 43 26 29 38 37 40 24 36 
8 50 13 48 14 11 47 12 52 
18 52 51 50 32 36 44 49 34 47 39 33 35 37 46 38 45 48 31 
12 17 10 12 15 12 13 11 16 14 20 14 15 
15 27 26 25 1 6 28 4 33 29 32 2 5 31 3 30 
17 15 33 11 10 16 14 31 36 37 38 32 13 39 35 12 17 34 
9 44 38 42 16 14 41 17 13 9 
7 49 34 50 48 35 30 31 
15 44 10 46 6 14 42 12 7 13 43 39 41 45 38 9 
11 40 46 49 33 36 35 34 39 48 38 41 
15 27 30 33 49 50 35 34 28 45 31 51 29 43 48 44 
15 45 15 13 47 12 8 41 10 48 7 9 44 42 46 11 
8 35 51 29 30 33 36 37 31 
7 29 51 45 46 32 49 48 
12 48 43 42 46 47 50 45 43 44 48 42 49 
10 16 19 17 20 32 39 13 40 14 36 
12 39 42 43 13 44 38 7 12 9 10 11 45 
12 35 29 33 41 32 40 30 37 36 31 36 37 
11 35 31 42 38 37 45 43 38 44 41 30 
12 38 39 35 37 38 31 36 34 33 32 37 34 
17 13 12 28 17 11 31 15 14 34 16 32 29 33 10 27 26 30 
12 15 17 28 30 23 18 23 29 22 16 25 21 
18 32 8 12 10 25 30 13 28 9 27 7 31 26 11 29 14 15 24 
9 28 30 27 23 25 18 17 21 25 
7 51 42 40 36 39 49 41 
10 34 18 19 35 39 11 36 37 15 16 
9 8 10 10 13 12 13 11 15 14 
7 45 33 30 47 37 31 48 
9 36 32 48 51 31 33 38 37 34 
10 41 43 47 46 47 40 46 42 43 42 
17 45 15 49 14 13 51 17 46 16 12 48 18 44 47 52 20 50 
14 14 10 48 11 49 50 13 17 16 12 18 51 52 15 
17 41 36 22 21 23 40 37 35 17 38 19 20 42 43 18 25 39 
18 19 27 31 26 23 22 34 21 20 32 27 28 26 30 33 25 24 29 
16 30 24 24 25 28 25 31 21 23 18 19 20 26 26 29 22 
8 39 35 32 40 37 4 2 38 
12 13 43 14 42 40 37 39 15 11 38 12 17 
13 35 17 38 14 11 39 40 12 41 13 36 43 37 
9 36 42 38 47 49 42 37 43 45 
10 35 20 37 18 26 38 22 21 36 34 
17 42 14 15 38 17 18 11 39 13 43 36 41 10 12 16 37 40 
7 41 42 43 38 43 46 40 
9 48 47 50 46 52 45 45 51 51 
9 30 31 41 42 37 25 24 38 39 
16 28 26 22 24 44 23 49 48 27 30 25 46 47 43 51 50 
15 7 23 28 25 22 24 14 13 8 12 30 27 9 11 6 
8 9 48 51 49 46 8 52 47 
12 10 12 11 5 1 4 2 9 7 3 6 8 
7 13 29 30 6 31 14 34 
7 24 20 7 1 19 3 8 
9 19 23 24 22 26 25 24 17 28 
16 29 37 41 26 25 32 45 43 39 31 30 27 44 33 40 28 
10 2 19 3 17 22 5 18 21 16 20 
11 30 34 28 26 31 34 33 35 33 32 36 
13 19 16 15 14 17 13 15 17 13 18 11 21 19 
15 9 5 26 32 3 34 29 31 10 6 11 30 4 7 8 
9 46 40 42 39 45 47 41 40 48 
9 32 41 40 35 42 43 36 33 37 
10 18 45 16 15 20 48 19 23 52 22 
7 10 5 6 11 12 9 4 
12 31 28 47 52 48 44 27 49 23 30 25 46 
14 11 13 32 12 8 31 7 30 15 9 37 14 10 29 
7 25 29 31 35 30 28 27 
7 49 52 48 48 51 50 47 
8 12 36 31 37 33 11 30 34 
15 43 25 19 23 45 48 41 46 20 44 26 24 49 21 22 
8 29 24 28 10 32 27 25 30 
17 34 36 6 35 39 32 7 11 12 4 31 33 10 5 8 37 38 
10 46 49 29 52 36 35 32 30 28 48 
10 21 28 17 33 27 23 16 29 34 24 
15 42 4 36 40 38 5 39 37 3 44 43 1 2 41 6 
8 32 29 18 28 12 27 26 11 
17 41 47 23 42 45 22 40 21 19 46 25 18 20 44 24 26 39 
11 37 33 41 29 42 40 44 38 32 36 37 
15 21 51 48 16 15 45 50 43 14 18 49 13 46 47 19 
15 21 22 16 21 18 16 24 15 17 19 18 23 17 20 23 
12 29 41 31 35 33 30 45 43 38 40 37 36 
7 48 45 51 46 47 43 50 
8 7 5 6 4 3 1 2 8 
11 38 49 51 42 40 50 44 48 45 39 41 
13 8 9 7 11 10 20 22 14 16 18 14 15 6 
9 36 17 32 16 14 22 28 19 33 
9 40 50 51 48 52 41 49 43 42 
9 22 45 26 25 50 29 24 46 27 
17 38 40 35 18 19 34 21 22 17 37 23 33 32 39 25 24 36 
8 12 52 13 20 17 14 48 19 
9 31 14 12 34 13 37 32 33 39 
7 35 42 38 12 14 17 20 
12 41 42 18 22 43 37 20 24 38 40 36 39 
16 29 37 28 25 44 32 42 27 24 38 39 41 31 30 40 43 
12 52 46 48 43 44 48 51 45 50 47 49 51 
11 26 11 16 24 10 25 18 12 15 23 20 
14 32 32 29 35 28 35 34 30 27 31 28 36 29 30 
13 19 12 19 20 17 15 23 13 22 16 14 17 18 
17 27 26 23 31 24 26 22 25 28 29 28 29 24 30 32 25 27 
13 13 10 14 15 11 16 17 13 20 12 19 18 21 
7 15 35 17 36 42 41 40 
13 31 37 33 5 3 2 29 36 32 4 34 30 1 
8 7 8 1 16 2 18 13 14 
16 26 32 33 29 31 28 27 25 32 30 34 31 29 33 35 37 
11 26 10 12 19 11 6 9 13 8 5 21 
7 8 6 5 45 42 11 9 
12 21 29 16 17 18 20 28 34 31 30 27 32 
13 42 16 17 12 37 38 41 11 40 35 18 43 36 
11 24 42 39 23 43 46 22 40 41 45 30 
16 38 37 12 31 32 35 7 8 33 36 14 9 10 34 13 11 
8 23 22 18 24 20 19 16 22 
15 38 12 43 37 36 13 14 40 11 10 42 39 17 15 41 
10 11 33 36 31 34 35 29 28 32 30 
11 29 35 26 30 34 27 28 37 31 33 30 
7 22 26 29 31 23 34 28 
10 23 25 19 23 27 21 22 27 26 21 
11 9 14 11 10 7 6 13 16 14 8 15 
9 24 28 26 31 12 27 30 10 25 
15 52 49 51 46 50 51 47 48 45 48 45 46 47 50 49 
7 48 45 40 49 52 44 47 
8 6 10 9 14 7 8 13 11 
18 45 15 12 40 48 11 42 44 16 43 46 41 18 14 47 13 17 19 
9 10 36 16 15 37 32 35 17 31 
15 11 15 10 46 47 44 14 43 49 50 7 42 13 8 9 
8 21 26 22 20 21 24 18 23 
14 15 39 19 13 37 12 32 35 17 38 31 14 18 16 
10 37 26 31 40 27 42 36 43 35 28 
14 41 39 40 37 44 38 40 41 43 44 47 39 46 45 
14 8 46 43 41 1 4 47 49 48 44 45 6 2 5 
9 47 51 46 27 45 50 35 31 49 
11 24 11 16 27 12 21 17 25 18 23 29 
16 42 47 51 38 45 39 49 44 48 41 50 45 44 46 40 46 
16 44 52 51 50 49 34 36 45 31 39 35 32 33 37 48 38 
17 38 35 32 31 34 36 28 39 40 30 33 32 35 29 36 37 33 
13 41 15 49 16 42 48 17 47 9 44 10 43 14 
7 13 11 16 14 15 14 10 
8 15 30 21 34 23 32 16 20 
11 24 25 22 3 20 7 27 4 23 8 6 
9 24 30 48 43 45 50 42 49 46 
8 31 10 29 36 30 9 12 34 
17 36 22 42 25 29 41 38 23 28 35 37 24 26 21 40 43 27 
12 19 16 14 37 33 15 18 12 31 35 20 39 
9 3 39 36 8 35 34 41 42 6 
8 17 5 10 2 16 3 14 15 
12 27 45 48 40 22 24 26 21 20 44 25 46 
16 28 12 15 11 27 13 9 26 16 29 17 10 31 24 25 32 
11 10 14 14 12 12 7 10 13 13 16 11 
9 20 21 19 23 2 3 24 6 18 
13 8 12 31 9 29 6 4 5 10 27 25 24 30 
16 18 15 20 13 40 14 44 16 12 38 42 19 39 46 43 17 
10 52 51 26 22 48 25 46 30 50 45 
8 38 6 5 8 45 9 4 41 
8 29 31 35 33 28 32 27 26 
7 22 19 36 34 25 21 35 
13 16 22 21 31 36 29 35 19 32 33 34 30 23 
13 26 22 28 21 28 29 27 24 25 29 23 32 34 
11 1 3 12 7 19 15 20 4 5 17 2 
13 25 20 28 31 22 23 27 30 32 21 38 36 24 
14 16 23 25 18 24 19 17 13 22 12 27 26 19 15 
7 1 4 6 13 11 14 12 
16 13 35 19 38 37 15 21 39 16 42 40 18 34 14 20 17 
18 19 27 10 21 26 24 22 17 15 23 13 20 14 9 12 11 16 25 
12 45 23 46 20 44 41 17 21 22 19 49 42 
14 22 19 27 26 29 26 33 30 25 31 25 32 28 23 
14 38 14 10 37 17 18 40 34 36 33 39 16 12 11 
13 50 52 19 25 22 45 20 48 21 24 26 23 47 
11 25 18 20 22 16 21 11 14 17 15 10 
11 36 25 39 43 20 21 40 44 38 22 41 
15 14 47 11 41 44 46 42 15 12 13 16 45 10 49 43 
7 22 20 16 15 18 19 5 
14 6 3 39 8 38 44 42 7 41 9 2 4 45 1 
10 17 35 39 10 16 32 34 33 40 38 
16 28 41 24 39 35 42 21 29 36 27 23 26 43 38 40 37 
15 24 20 26 27 31 25 28 16 15 13 17 30 14 19 12 
13 45 32 38 51 49 48 31 30 33 50 47 35 36 
14 43 38 12 13 44 16 39 46 45 40 11 15 41 14 
10 38 34 36 28 33 32 35 26 37 27 
17 37 34 37 38 40 34 39 41 40 42 36 36 35 39 41 35 38 
11 3 6 21 20 25 18 24 2 1 19 23 
7 28 27 26 24 24 23 25 
13 41 40 24 34 25 31 30 38 39 26 37 28 35 
7 29 29 26 32 34 36 32 
15 42 19 45 12 44 13 47 17 50 46 48 49 43 15 18 
14 50 51 23 48 17 16 15 52 19 21 49 22 18 20 
9 20 29 28 24 32 35 22 27 36 
7 43 41 47 13 49 11 12 
9 29 23 30 31 25 26 18 20 16 
12 13 1 6 2 7 4 8 12 14 9 10 5 
12 13 36 12 40 19 16 32 17 34 35 18 20 
12 17 15 15 14 19 20 21 21 19 22 18 22 
15 38 36 37 33 30 35 37 32 33 39 34 32 38 35 36 
16 23 15 13 17 16 12 10 28 24 27 18 22 29 14 26 30 
11 21 50 27 26 45 23 20 48 47 44 28 
17 32 31 32 35 25 27 33 29 37 34 26 29 30 30 36 31 28 
7 12 3 13 11 4 7 11 
13 33 31 29 30 21 20 17 32 34 27 14 28 19 
12 16 20 10 15 15 22 13 14 19 11 18 23 
15 27 34 35 33 28 30 32 25 28 21 29 20 23 26 24 
15 46 30 44 42 50 31 33 43 29 49 28 45 27 26 32 
15 42 22 17 18 37 39 38 20 41 40 15 23 35 16 21 
15 44 47 13 15 10 45 41 12 42 14 43 46 39 40 11 
16 22 11 16 23 17 10 25 28 15 9 21 13 26 20 14 12 
10 7 4 9 3 8 10 6 5 10 2 
13 19 45 18 43 46 49 44 15 13 14 21 50 16 
14 35 32 29 27 35 40 30 28 32 37 34 36 39 33 
11 16 10 13 8 4 12 11 15 3 14 7 
11 12 13 11 32 40 35 38 37 36 34 33 
12 27 29 47 31 42 44 40 34 30 32 26 41 
7 40 37 38 39 36 4 41 
17 18 45 21 38 16 37 17 40 43 15 41 14 19 39 20 13 44 
7 28 25 20 41 23 38 39 
13 28 27 32 30 23 31 27 33 25 30 24 26 28 
16 51 7 5 47 52 45 8 2 1 6 49 9 4 46 50 3 
12 48 49 43 45 47 44 50 50 51 43 49 46 
12 23 28 39 44 26 42 24 31 29 25 43 40 
17 39 2 38 37 6 34 41 1 5 36 9 33 7 4 3 8 35 
11 26 5 4 31 10 28 3 30 8 6 29 
11 26 20 24 34 23 28 25 32 27 26 28 
7 6 24 20 23 2 3 7 
15 46 44 42 11 41 9 49 10 48 8 43 3 5 45 4 
13 37 14 15 40 13 41 44 43 45 16 39 42 20 
9 13 41 43 14 42 18 16 48 20 
18 31 7 11 30 13 29 28 24 8 27 14 26 6 25 10 23 12 9 
7 6 9 52 49 51 10 7 
8 31 29 33 27 30 32 33 28 
11 24 19 35 32 29 18 21 22 30 26 33 
7 17 20 18 16 16 19 24 
10 19 4 23 2 6 7 25 1 22 5 
13 15 9 10 12 49 13 52 48 14 51 50 17 16 
14 14 17 13 17 20 15 21 13 16 19 18 11 19 15 
12 41 10 39 11 12 38 42 43 44 40 46 45 
17 35 23 34 22 28 27 29 31 16 18 32 30 19 21 24 33 17 
18 34 33 41 28 36 32 35 36 37 42 30 34 40 35 38 39 31 29 
18 14 35 7 34 30 12 11 33 31 28 10 32 6 29 9 36 8 13 
9 46 49 51 14 15 11 50 13 12 
8 47 46 48 45 13 49 11 42 
16 17 33 13 35 34 20 19 37 31 15 14 32 30 12 36 29 
10 15 13 26 21 19 32 33 27 29 30 
7 31 30 34 27 25 41 37 
18 32 46 48 33 49 47 45 43 35 50 42 27 44 30 28 31 34 29 
8 47 13 43 45 50 10 17 16 
9 51 22 16 52 19 15 21 20 49 
13 26 48 25 41 42 46 19 20 22 45 21 49 24 
9 25 24 25 23 17 22 23 29 19 
12 6 31 9 34 13 7 38 39 11 14 8 12 
9 26 2 32 33 8 30 7 29 6 
7 20 10 14 17 18 9 8 
17 38 20 16 45 40 43 19 42 46 15 41 39 17 21 13 14 18 
16 37 39 36 33 35 39 36 31 32 31 34 35 37 38 33 38 
10 20 23 26 30 35 27 33 25 29 24 
8 2 49 52 50 51 4 1 48 
9 32 38 39 40 33 34 37 36 35 
13 43 48 46 34 35 47 33 38 49 50 31 36 44 
9 11 10 26 23 25 24 16 22 13 
13 25 24 22 36 35 39 20 19 23 33 40 37 18 
15 24 11 7 15 28 10 26 9 14 13 25 8 22 21 20 
10 37 35 38 12 36 13 10 39 11 41 
12 27 34 28 23 24 31 22 36 25 32 21 33 
12 32 30 42 28 45 47 43 46 48 31 25 27 
7 44 43 45 39 11 42 10 
15 47 50 22 48 20 51 46 21 23 49 25 45 24 17 19 
15 17 28 26 18 34 19 31 23 21 27 16 30 20 29 22 
18 42 46 22 30 25 41 43 28 44 24 23 45 27 38 40 26 29 39 
18 46 36 40 31 38 32 38 34 35 43 41 39 33 42 44 37 39 45 
15 18 22 41 21 20 38 35 19 17 34 23 40 15 16 37 
18 18 17 20 16 25 27 15 26 31 28 21 33 19 14 32 30 22 29 
11 34 16 31 38 18 20 19 22 39 15 35 
8 37 13 16 31 34 14 39 18 
13 20 25 24 26 23 29 26 23 31 24 22 25 27 
7 17 23 36 19 33 24 34 
7 24 17 6 1 18 16 5 
11 40 39 37 38 33 36 11 35 41 10 13 
10 32 51 49 33 47 48 46 34 36 29 
9 27 23 20 45 21 24 22 43 46 
14 21 12 19 8 25 15 10 22 11 23 13 24 20 7 
8 47 24 29 41 43 44 22 45 
9 13 10 14 15 8 12 9 11 7 
14 42 46 48 40 46 45 43 47 45 41 40 42 39 43 
9 40 51 45 46 38 42 47 48 44 
16 30 29 28 34 29 30 32 31 35 36 37 35 27 33 34 32 
15 28 21 29 23 22 32 30 25 33 24 20 19 31 17 18 
9 9 50 11 51 48 6 52 14 10 
8 23 29 22 28 47 46 27 51 
11 28 23 26 27 29 48 47 24 51 25 49 
15 10 14 9 47 12 44 51 43 50 49 11 13 8 46 48 
16 49 48 15 47 14 44 42 45 13 50 46 16 9 12 10 43 
14 7 15 16 20 19 21 3 22 2 5 1 4 17 6 
14 13 11 16 12 10 15 16 12 9 8 14 11 14 13 
10 29 28 33 20 18 23 31 34 30 32 
10 6 11 4 5 3 7 16 2 12 1 
11 25 40 43 39 22 29 36 37 41 21 24 
10 48 49 22 23 24 21 18 20 17 19 
13 43 45 48 49 47 41 48 44 47 46 51 45 50 
8 45 37 23 38 40 17 18 25 
12 17 13 11 14 11 15 10 16 15 10 12 18 
14 27 30 31 25 26 28 24 25 30 27 26 29 28 29 
12 1 37 7 3 5 43 36 8 39 38 40 2 
7 51 50 47 43 45 48 48 
18 4 8 7 31 12 10 27 30 29 33 5 28 25 32 6 9 11 26 
14 47 49 37 36 48 51 41 39 50 34 52 42 40 38 
17 6 38 43 14 9 10 12 39 42 13 35 7 41 11 37 8 40 
7 6 7 2 17 19 8 14 
7 12 11 19 12 13 15 17 
17 8 7 42 1 9 44 43 2 40 5 41 3 38 36 37 4 39 
13 13 10 10 14 4 11 6 16 5 15 12 7 11 
12 43 37 45 42 48 41 44 39 52 38 40 46 
15 41 24 23 38 26 29 37 35 30 42 39 27 40 25 28 
16 14 8 25 10 21 18 7 23 13 22 11 24 19 15 26 9 
8 27 37 22 39 36 41 23 26 
18 39 38 40 42 43 42 41 44 37 40 45 38 41 39 43 46 44 36 
13 10 34 35 38 32 40 12 36 39 16 14 37 18 
9 20 13 22 16 14 24 12 26 23 
15 36 14 32 10 38 17 15 30 31 35 34 9 11 12 37 
18 14 19 48 12 16 42 18 17 13 46 49 15 45 47 43 44 41 11 
8 26 19 21 32 34 30 14 16 
13 35 33 47 38 41 36 45 34 42 50 46 43 40 
13 10 48 46 52 12 49 15 13 51 11 9 45 14 
14 3 9 25 11 28 26 7 30 4 29 22 27 24 23 
7 43 51 45 27 49 33 48 
10 17 27 28 31 25 11 26 30 13 32 
9 52 43 40 44 44 47 46 46 45 
15 16 22 17 12 11 10 15 17 16 19 18 21 13 23 18 
11 37 35 31 33 40 37 33 35 38 32 41 
18 10 13 23 12 6 22 25 19 21 26 18 24 5 8 11 7 9 20 
18 20 21 22 27 19 24 20 16 23 17 22 23 19 21 25 15 26 18 
9 51 46 44 45 49 48 43 47 50 
7 51 18 14 16 12 13 52 
13 50 35 52 49 46 33 29 51 48 47 37 36 31 
17 32 37 17 21 18 24 36 33 29 30 34 23 22 20 31 16 19 
14 52 50 14 15 11 49 51 48 17 12 13 16 10 9 
14 35 33 28 43 39 29 36 37 30 36 38 34 42 35 
15 19 18 20 39 33 21 23 35 24 40 17 34 37 32 22 
8 4 8 7 9 12 6 11 10 
14 26 13 28 8 30 16 9 24 10 32 14 11 31 25 
15 8 16 40 45 12 14 41 42 48 46 10 43 11 9 13 
11 23 27 26 22 18 22 20 25 21 19 20 
17 48 50 16 51 43 46 13 18 17 49 20 44 45 12 14 47 15 
7 24 28 20 15 27 14 10 
17 23 21 19 19 24 20 16 18 22 22 27 14 15 21 20 26 17 
9 38 34 32 39 35 37 31 36 33 
17 46 39 42 48 50 41 45 47 42 46 43 44 45 43 49 47 44 
8 6 7 27 11 8 25 26 12 
9 10 22 19 11 24 20 23 12 17 
12 15 12 18 17 3 19 6 14 13 8 16 2 
11 38 16 17 19 39 18 20 21 40 15 14 
12 15 25 12 19 26 17 24 30 22 18 13 14 
14 13 14 30 29 16 17 32 27 26 12 20 19 25 33 
9 27 28 27 20 24 30 31 26 19 
13 22 49 25 42 50 23 45 21 24 43 29 27 28 
14 18 15 16 20 38 14 41 17 45 44 22 19 37 21 
16 39 43 28 20 40 37 42 38 35 23 21 27 22 25 24 36 
10 21 7 12 10 22 27 14 6 8 19 
18 22 25 21 20 17 23 29 28 22 23 30 26 24 19 18 16 27 24 
10 49 44 22 50 19 24 21 25 27 48 
13 16 20 20 25 17 21 24 26 18 18 23 15 19 
10 3 1 17 7 5 15 12 8 13 14 
16 39 42 37 44 42 35 49 48 45 47 46 36 38 43 40 43 
8 32 24 2 28 1 31 27 29 
9 34 51 29 30 31 49 32 50 28 
14 39 12 11 13 15 38 35 37 32 18 33 36 31 34 
18 44 43 46 31 26 50 45 25 47 23 51 48 27 29 30 49 28 24 
16 23 22 22 19 15 21 21 15 16 23 16 18 17 17 20 20 
9 35 29 33 32 34 30 28 30 36 
15 17 50 46 19 49 52 16 22 18 48 14 47 20 51 21 
8 36 41 43 8 44 42 37 6 
8 33 34 29 35 37 32 30 36 
11 23 32 24 33 30 35 28 31 26 28 29 
9 38 32 35 34 11 33 12 39 36 
11 17 49 48 19 13 15 52 11 14 47 50 
17 31 32 38 37 44 27 29 25 43 30 40 42 28 26 24 36 41 
14 27 29 32 43 26 34 30 45 31 33 46 47 28 40 
17 12 25 21 24 6 7 13 10 23 8 19 18 17 22 5 20 9 
7 47 48 51 45 52 49 46 
13 42 28 27 43 21 39 22 24 20 41 23 38 25 
10 36 33 32 36 28 35 30 41 35 34 
11 19 48 50 25 21 24 20 26 51 18 22 
14 52 14 12 45 49 44 18 16 47 46 50 17 51 11 
15 22 20 26 25 17 23 23 24 18 21 19 24 20 18 19 
10 37 36 48 52 41 39 38 42 43 35 
17 39 21 23 24 22 19 44 27 47 45 43 42 41 20 40 26 25 
13 36 15 31 35 34 10 37 32 29 14 12 30 11 
17 45 51 32 28 48 46 49 36 31 29 34 30 50 35 33 52 47 
13 16 18 11 16 12 17 15 10 14 19 11 15 13 
12 31 12 25 30 28 29 24 32 27 26 10 11 
8 38 43 42 37 34 40 38 37 
11 52 51 28 32 48 34 31 49 45 46 50 
17 38 37 18 20 42 40 23 35 16 36 43 22 17 39 41 19 21 
18 42 37 47 46 43 30 33 36 44 32 29 35 34 45 41 31 40 39 
18 34 33 19 29 21 20 30 36 31 16 37 32 18 22 17 35 23 15 
18 2 9 6 10 7 44 50 49 3 46 47 48 42 4 5 8 43 45 
8 43 18 16 44 14 19 48 13 
18 22 11 19 15 12 20 25 17 21 24 18 23 17 16 13 10 14 18 
17 17 26 23 18 22 23 19 25 24 28 21 20 29 30 27 25 22 
16 15 20 14 19 13 22 17 19 23 18 18 26 20 16 21 12 
14 39 22 28 25 40 34 30 29 36 27 24 35 32 38 
15 16 10 11 7 4 12 5 13 2 9 3 15 6 1 8 
11 24 27 21 43 28 48 42 47 25 29 23 
13 18 20 21 11 25 15 16 10 13 14 19 24 17 
11 32 31 27 33 33 28 25 27 26 29 29 
16 46 47 49 34 31 37 45 30 52 33 36 29 48 32 35 51 
9 42 44 50 50 46 43 52 47 49 
9 48 34 31 38 51 37 35 36 39 
15 22 28 8 26 29 27 25 5 7 2 3 24 6 23 21 
17 13 14 47 44 12 48 51 43 45 50 46 11 17 49 18 16 15 
18 20 18 10 17 24 13 16 16 21 18 12 11 15 14 19 23 22 17 
15 18 14 18 15 14 20 12 16 13 19 13 16 17 12 10 
18 30 47 45 43 42 34 29 44 32 46 35 28 33 48 49 50 36 31 
7 32 48 49 29 33 51 47 
17 36 32 33 34 30 25 33 27 40 31 28 39 32 29 37 26 38 
8 14 12 11 13 16 17 16 17 
18 23 11 14 30 26 15 12 25 28 27 16 17 10 13 22 24 29 18 
17 19 18 22 41 44 45 20 26 24 40 38 21 39 23 43 42 25 
7 39 41 10 43 14 37 38 
16 17 28 23 15 24 16 29 22 18 20 26 22 23 19 21 25 
17 20 21 17 12 10 22 11 23 15 18 13 14 24 26 25 19 16 
11 44 27 20 39 47 28 42 21 40 22 41 
7 35 39 40 16 34 13 12 
12 29 44 32 45 40 41 43 39 24 26 28 38 
15 28 35 30 32 36 49 29 48 34 46 47 50 45 44 42 
14 29 39 22 25 41 45 42 23 28 44 40 24 43 27 
7 17 12 15 11 19 16 18 
13 40 22 42 30 47 26 27 24 45 41 46 48 23 
17 32 29 47 30 31 42 49 28 27 33 34 44 45 46 50 35 43 
7 48 9 47 49 44 46 10 
7 12 6 7 47 9 44 5 
18 16 17 19 5 4 9 22 15 21 18 12 20 8 10 11 6 23 7 
13 37 38 40 32 45 44 40 43 39 37 36 38 34 
12 14 17 37 41 44 10 18 43 11 12 39 15 
16 51 10 47 52 12 49 44 11 46 50 48 13 15 14 45 16 
9 47 46 23 25 48 24 21 49 19 
8 20 13 19 17 23 15 10 16 
14 48 50 4 45 11 7 46 8 51 5 12 9 52 49 
10 18 42 46 21 45 22 47 43 17 20 
11 44 34 37 47 40 39 42 46 41 42 49 
7 35 27 32 26 32 39 25 
7 10 14 47 13 16 46 42 
11 48 51 49 44 52 46 49 48 50 52 50 
8 7 44 6 9 46 8 43 11 
10 27 31 19 18 26 22 29 25 23 20 
15 38 30 29 27 33 26 34 31 32 31 28 30 37 34 36 
10 26 33 25 37 43 38 27 30 31 39 
10 39 23 18 31 35 19 15 37 17 21 
9 50 46 13 19 44 42 20 18 48 
10 25 9 30 29 24 26 2 27 5 28 
15 11 38 36 34 13 19 37 39 15 12 42 16 18 17 35 
12 13 16 29 17 25 30 31 18 14 24 28 32 
11 50 51 45 47 29 33 30 46 31 27 28 
16 12 11 13 14 15 18 16 10 8 6 7 12 5 17 10 13 
10 11 5 13 12 13 10 12 8 10 7 
8 31 16 27 18 33 34 17 32 
7 45 52 48 49 46 38 34 
17 12 11 9 10 15 11 17 14 10 14 13 7 12 8 16 6 13 
8 15 38 35 37 33 14 16 32 
10 28 20 24 35 30 26 25 36 23 37 
16 45 51 46 43 47 45 50 43 49 50 49 48 48 44 46 44 
7 14 49 42 17 47 10 13 
9 51 48 50 50 52 48 45 47 47 
9 2 5 16 4 14 11 1 12 17 
16 2 31 4 8 9 5 33 6 30 32 29 34 7 35 3 1 
11 20 13 9 12 12 6 7 11 10 14 16 
7 20 22 22 29 24 19 25 
11 28 29 39 30 42 25 45 46 40 27 32 
8 26 18 20 22 31 28 27 24 
7 28 22 19 22 23 25 21 
13 11 14 12 5 16 17 13 18 8 4 6 3 9 
14 22 37 28 41 40 29 24 27 26 42 23 35 25 39 
9 17 24 21 23 25 18 22 19 20 
14 43 42 49 52 39 38 36 50 48 51 47 40 37 35 
7 38 49 32 40 36 39 52 
9 50 47 20 16 12 18 51 48 19 
15 49 52 16 20 46 51 18 17 21 22 45 50 19 47 15 
16 26 28 20 29 24 25 25 24 21 27 26 19 32 22 31 27 
10 11 13 5 4 12 15 14 11 7 3 
18 42 46 45 43 44 43 46 48 38 47 39 45 50 40 42 44 41 49 
17 6 41 39 38 7 9 11 8 35 37 10 42 36 14 12 43 40 
15 18 16 9 15 10 8 16 20 14 12 21 13 19 13 15 
15 43 32 34 44 45 39 46 41 42 35 38 27 29 30 31 
11 11 47 45 51 50 10 46 49 48 44 52 
15 28 20 29 26 25 25 27 21 33 19 30 26 23 31 32 
12 25 12 24 28 27 30 29 6 23 26 13 8 
9 28 29 25 45 40 30 32 33 42 
10 44 45 49 19 42 17 47 46 13 12 
11 27 21 16 14 13 19 28 18 30 31 29 
7 14 11 15 41 46 10 38 
17 4 46 45 7 48 2 9 51 52 5 3 6 1 8 49 50 47 
8 28 25 38 36 24 23 29 31 
11 15 20 27 23 21 20 16 22 28 24 25 
11 29 51 33 35 47 49 52 48 28 36 50 
14 21 22 40 25 38 26 37 18 19 36 20 42 23 41 
7 36 36 42 42 38 37 43 
13 20 22 19 21 21 23 16 15 22 23 24 18 20 
11 21 36 22 32 24 17 33 31 19 35 34 
8 16 13 14 48 46 45 10 47 
14 25 24 16 18 21 19 21 24 23 22 20 17 20 19 
11 39 46 11 10 41 42 40 47 44 43 45 
11 42 40 38 23 37 24 41 27 35 28 20 
18 44 43 45 39 35 38 34 41 38 42 36 32 37 37 40 40 39 33 
7 18 19 26 20 26 25 21 
15 9 11 31 16 36 33 17 13 12 38 15 32 14 10 30 
13 46 43 21 48 47 44 45 18 20 50 19 25 42 
13 47 43 44 35 41 33 49 38 32 45 34 39 37 
10 44 34 33 35 40 38 36 43 45 31 
16 18 34 16 32 28 31 15 17 35 20 14 30 33 12 13 36 
8 33 32 47 42 45 37 43 34 
17 40 38 39 13 34 11 33 14 15 19 18 12 41 16 17 37 35 
10 24 22 25 48 21 43 46 41 49 19 
15 37 22 42 40 19 20 23 36 21 41 39 38 26 25 43 
13 12 30 34 15 11 32 36 29 13 33 8 9 10 
9 28 16 15 13 11 17 25 21 26 
12 8 30 31 7 33 32 14 38 37 13 10 36 
14 22 39 41 24 42 26 36 37 23 35 29 38 28 40 
17 49 42 41 41 48 45 47 46 40 46 47 42 44 43 45 43 48 
18 21 20 38 19 15 43 18 22 41 42 44 36 16 14 37 17 40 39 
9 24 15 25 12 22 19 14 18 23 
15 18 16 21 20 33 29 27 19 25 15 31 32 22 26 17 
13 32 33 45 50 42 39 31 46 44 36 34 38 35 
17 15 19 19 23 20 16 21 13 15 17 14 16 18 20 21 17 18 
14 2 5 24 31 29 30 28 6 25 27 1 32 4 3 
8 45 41 44 28 34 32 35 42 
15 45 44 48 19 47 42 49 23 21 27 22 24 25 26 20 
14 9 10 20 18 17 19 3 6 5 22 21 15 11 8 
15 3 13 9 16 15 2 8 1 4 11 5 6 10 17 7 
11 49 52 42 41 45 40 37 48 47 44 38 
17 32 21 25 34 27 23 30 26 20 22 35 29 31 36 28 24 33 
7 26 4 5 22 20 3 21 
13 5 30 31 4 34 7 28 10 12 6 29 26 9 
11 20 20 25 27 24 15 12 23 16 21 19 
14 36 35 23 34 21 27 20 42 39 25 26 24 22 37 
11 32 38 28 34 40 36 39 35 26 30 27 
17 33 32 31 29 28 35 27 31 25 39 32 36 30 37 34 24 38 
7 24 48 22 44 19 40 26 
8 8 11 19 16 20 17 22 5 
15 22 21 34 19 40 36 42 18 15 38 14 20 37 41 39 
12 24 3 22 16 23 17 20 19 18 4 2 21 
18 47 38 42 50 35 48 45 37 49 44 51 43 41 46 39 40 36 52 
15 11 14 12 15 17 16 16 10 11 15 8 13 18 9 19 
14 30 29 28 23 51 24 50 45 47 26 22 44 43 25 
11 40 36 32 37 43 33 42 45 29 46 31 
11 48 52 51 4 50 46 5 47 2 1 49 
