1000
8 30 47 45 48 28 26 50 49 
17 7 4 1 14 17 6 19 18 2 5 3 8 15 16 12 13 20 
10 13 10 27 12 21 25 22 11 24 23 
16 8 9 38 10 16 39 12 33 41 15 37 36 35 13 34 14 
9 51 46 45 38 49 42 50 47 39 
15 15 20 29 18 16 31 27 28 35 12 30 13 33 34 14 
17 20 23 15 26 24 22 17 13 16 25 28 29 12 18 27 14 21 
9 5 51 47 6 11 7 10 12 50 
12 24 23 24 31 22 20 17 29 28 25 32 19 
14 23 25 24 18 21 19 16 28 29 26 20 24 23 27 
13 45 49 47 43 49 48 42 41 44 51 52 47 46 
17 28 30 34 26 27 31 30 31 34 27 29 32 33 28 33 32 26 
8 48 28 33 34 47 50 29 35 
9 45 52 39 37 36 38 49 41 40 
9 50 52 39 37 40 43 38 44 48 
11 43 44 39 36 50 38 48 45 35 34 49 
15 50 34 47 37 52 30 29 33 32 36 48 46 35 31 49 
10 52 19 18 47 23 24 25 51 46 49 
7 47 50 41 46 48 44 48 
14 43 17 45 20 21 48 44 47 46 13 15 41 19 16 
16 20 10 16 18 11 15 8 19 15 21 17 12 7 14 9 13 
9 43 50 41 49 39 40 52 35 51 
13 7 21 8 1 4 25 29 2 24 3 27 23 22 
13 12 35 9 8 11 32 6 29 5 10 13 31 33 
12 20 32 18 35 33 16 27 28 31 17 29 24 
16 29 32 34 33 30 37 35 27 32 33 38 28 31 36 30 34 
14 21 23 24 48 51 29 22 26 52 25 49 28 50 27 
9 23 16 10 21 11 12 13 18 17 
8 9 8 48 7 4 12 41 44 
12 23 28 24 23 29 24 20 25 18 26 27 26 
15 13 25 11 14 30 24 28 17 10 15 23 22 18 29 12 
18 45 46 27 28 47 33 30 44 31 26 43 49 48 41 29 42 32 34 
7 6 30 27 4 5 25 24 
17 17 22 14 10 19 11 9 8 18 12 15 20 13 16 15 21 7 
14 34 33 26 14 13 12 28 29 27 11 10 30 32 31 
16 12 10 21 11 23 16 20 17 17 18 25 19 13 22 15 24 
15 23 29 43 26 28 30 45 46 44 24 25 50 31 51 47 
13 40 36 8 2 7 3 1 42 37 35 4 38 5 
16 25 49 46 28 26 24 50 52 48 31 27 29 47 51 32 30 
16 29 33 34 26 3 28 27 7 1 30 6 8 4 2 5 32 
17 38 39 12 43 42 16 13 14 36 11 17 41 10 37 15 40 44 
13 44 10 42 45 37 43 40 39 14 13 11 12 38 
10 39 24 28 21 38 22 41 46 20 43 
17 16 14 42 17 39 11 12 38 10 15 43 18 35 41 40 13 36 
16 12 29 35 33 19 34 36 32 20 30 31 15 14 13 18 16 
10 33 33 36 35 32 31 29 32 31 34 
9 28 29 25 33 31 30 26 32 27 
7 26 15 14 21 18 16 22 
10 43 41 6 9 39 44 42 4 3 46 
7 10 17 27 29 13 11 26 
13 21 27 25 30 29 24 28 23 25 20 24 23 22 
8 22 15 28 20 17 26 22 18 
16 47 45 51 48 50 17 14 19 21 46 49 15 52 13 18 16 
17 42 24 40 23 28 37 44 38 29 41 31 26 43 30 36 27 25 
14 40 41 39 34 35 40 42 37 36 33 38 37 38 41 
8 33 18 30 17 28 22 29 19 
8 5 7 10 2 12 1 6 3 
7 3 8 11 4 2 7 6 
7 9 7 33 32 35 3 10 
13 29 31 31 30 35 28 26 32 30 24 25 28 27 
7 51 44 47 48 43 22 26 
11 26 37 33 29 32 35 24 30 22 30 23 
9 30 16 25 18 27 13 31 28 29 
12 26 21 25 28 30 25 28 33 27 22 24 23 
14 36 38 13 33 34 9 40 41 8 35 12 39 11 10 
9 34 32 31 25 30 39 40 36 29 
7 7 8 15 9 13 16 12 
18 20 17 15 18 15 16 12 13 11 18 14 19 12 16 17 14 10 13 
11 48 47 4 44 52 5 1 49 45 2 3 
14 43 41 47 44 40 37 38 39 41 45 44 46 42 42 
9 27 15 14 13 17 24 19 29 21 
9 33 34 37 27 31 31 28 29 33 
16 42 40 47 32 39 45 34 37 41 33 38 36 43 44 48 40 
10 51 52 8 47 10 5 9 49 12 11 
11 47 22 18 14 49 21 48 19 45 51 46 
7 33 30 31 32 36 34 29 
16 43 37 37 32 38 36 34 42 39 35 35 30 40 33 31 38 
13 18 52 21 48 19 51 50 22 15 49 17 20 16 
16 45 24 40 38 21 43 22 27 39 26 25 41 29 37 42 28 
11 44 25 20 50 48 46 28 27 22 21 42 
14 43 23 46 48 26 29 27 45 44 24 21 22 41 28 
18 41 39 40 37 44 43 45 41 46 38 40 43 44 36 42 42 48 47 
7 23 33 30 29 38 22 25 
14 39 41 32 37 39 36 35 33 42 34 40 38 37 40 
15 26 26 20 30 25 23 18 27 23 31 21 19 29 24 28 
8 24 10 27 12 11 15 16 26 
8 20 23 24 22 19 25 17 21 
11 33 26 27 31 28 30 51 44 43 32 29 
7 19 33 29 14 36 17 16 
10 32 40 35 34 34 36 39 35 39 38 
14 30 52 48 35 50 32 33 31 34 37 36 29 51 49 
12 18 21 32 22 33 36 20 38 16 14 34 37 
14 21 22 25 49 26 48 23 28 44 47 51 20 52 50 
9 20 14 11 15 21 17 18 13 10 
11 32 31 10 11 33 28 34 36 30 29 35 
8 38 45 31 41 42 30 33 43 
10 48 49 50 52 39 34 38 36 40 41 
11 35 34 32 38 36 37 32 38 37 39 40 
15 34 47 30 45 48 32 37 46 50 49 35 31 38 36 33 
8 5 11 16 10 6 7 12 15 
7 8 7 10 9 6 13 5 
18 9 10 43 38 40 37 14 45 44 16 17 13 42 15 12 11 39 41 
7 31 36 30 39 38 35 34 
14 43 40 38 44 45 46 42 43 35 40 41 41 42 37 
13 46 38 40 42 44 42 43 39 37 41 39 36 43 
18 5 15 9 21 17 18 20 16 11 10 13 19 22 6 8 14 7 12 
17 22 39 41 42 44 37 19 23 26 40 36 38 25 24 21 43 27 
8 47 49 50 46 48 47 44 43 
17 41 21 48 26 18 22 23 45 44 24 25 46 40 20 47 42 19 
12 42 40 46 46 41 43 47 45 44 48 51 49 
10 9 3 30 29 33 26 28 7 32 5 
13 13 11 6 9 18 10 8 11 15 16 10 14 13 
17 24 22 21 20 16 21 22 20 23 19 19 14 17 25 18 18 17 
7 21 25 10 13 22 24 20 
8 10 42 35 40 36 37 38 11 
15 43 18 50 45 51 44 16 23 49 47 21 48 22 20 46 
11 32 34 33 31 38 37 10 30 35 11 36 
11 25 44 23 43 20 45 46 42 47 24 48 
8 27 29 26 32 28 10 25 31 
17 9 22 14 20 12 24 25 6 10 19 13 8 17 21 7 18 11 
15 46 45 43 14 48 47 42 13 16 18 15 21 20 44 49 
10 41 49 15 12 47 19 44 42 20 45 
9 40 21 18 41 16 34 23 38 33 
12 39 4 2 8 34 3 1 41 37 35 33 7 
7 25 29 22 27 23 21 24 
13 37 20 40 15 12 18 39 42 17 43 13 41 38 
17 37 40 43 51 45 48 52 46 50 49 42 36 38 39 35 44 47 
9 9 7 5 10 10 8 2 4 6 
15 45 52 50 51 52 49 48 50 46 44 47 49 47 51 48 
14 16 15 17 11 32 12 18 19 13 30 33 27 34 31 
7 21 17 18 20 20 19 16 
16 30 19 16 23 20 24 18 22 25 22 21 17 27 23 26 29 
11 36 43 37 40 41 44 38 38 35 39 42 
17 47 27 28 49 44 45 43 30 22 48 42 50 29 26 25 24 23 
9 28 49 21 27 23 25 52 47 24 
9 16 49 9 13 51 11 15 12 48 
17 40 16 12 14 15 37 19 43 41 20 18 36 44 39 42 38 17 
10 52 49 13 48 46 9 11 14 45 51 
14 13 16 13 12 14 17 10 11 21 19 9 20 14 15 
9 39 43 44 40 41 38 46 45 42 
11 47 41 49 13 15 21 48 44 45 14 20 
9 43 41 39 48 42 50 51 45 45 
10 50 2 48 47 42 46 43 45 49 44 
13 31 13 16 38 37 35 39 12 36 33 10 14 15 
8 19 25 6 20 27 9 23 8 
10 25 43 21 41 18 23 39 44 45 40 
9 6 4 9 3 8 47 48 49 1 
12 31 36 28 34 40 32 34 37 33 36 35 30 
13 25 48 52 27 49 50 26 28 51 24 23 29 21 
14 34 36 32 35 39 35 32 37 40 33 38 37 34 40 
9 30 33 32 31 37 33 35 38 34 
10 10 17 9 12 14 15 8 13 18 12 
14 20 18 31 24 23 36 33 17 39 35 22 34 25 32 
11 33 35 30 27 28 11 31 10 29 32 34 
8 22 29 25 26 19 24 16 20 
7 22 17 46 21 20 41 44 
15 30 22 38 28 34 35 36 40 33 29 37 26 39 23 25 
16 19 26 24 25 23 20 20 26 22 27 21 23 25 19 24 22 
16 23 17 21 18 24 40 34 38 41 16 37 22 19 36 20 39 
11 19 16 23 21 13 19 12 18 18 16 22 
14 30 26 41 25 39 45 23 47 27 28 44 46 29 24 
7 35 16 15 10 38 9 11 
9 9 14 32 17 31 36 37 35 29 
12 52 10 11 8 15 12 7 45 49 13 47 51 
13 29 30 31 35 3 8 36 7 2 32 1 34 33 
7 45 40 43 38 46 44 41 
18 15 13 41 39 18 10 11 46 45 38 16 12 42 17 40 14 43 44 
8 20 12 16 19 11 17 13 14 
17 46 39 38 36 35 31 34 43 37 32 44 40 41 38 45 42 33 
17 51 46 22 26 27 25 50 21 28 48 45 49 44 43 47 24 23 
11 47 41 36 43 37 46 39 51 45 40 49 
8 22 21 25 13 17 18 18 12 
13 37 40 39 10 11 41 9 8 5 6 7 35 3 
12 11 14 50 46 8 13 44 45 52 48 49 12 
14 12 20 19 13 18 16 11 22 23 24 19 18 17 21 
8 14 30 15 26 31 11 32 16 
13 49 49 47 45 50 46 48 51 41 47 52 44 46 
10 17 20 14 21 18 15 15 16 17 16 
18 44 40 13 46 41 20 39 19 17 43 45 14 16 47 18 12 15 42 
16 46 49 43 51 50 47 39 52 38 44 41 45 48 46 42 40 
7 41 35 31 29 42 32 33 
18 31 30 27 33 19 14 26 15 17 29 16 28 32 25 18 21 13 20 
12 47 31 44 41 32 35 27 30 49 46 43 45 
8 46 15 17 43 45 16 20 47 
16 7 12 19 8 14 21 5 10 16 15 18 4 17 20 9 6 
12 17 48 13 45 20 41 15 18 14 40 19 44 
7 37 34 36 32 34 42 33 
13 19 25 50 44 46 49 47 43 21 20 26 48 42 
17 20 36 23 33 31 35 34 25 32 28 21 24 30 27 26 29 22 
13 52 49 11 10 17 14 51 15 45 48 50 46 13 
10 22 17 19 20 18 21 20 15 14 16 
7 34 35 28 35 31 36 41 
12 7 22 26 28 24 23 5 29 4 30 3 25 
8 27 37 21 26 39 40 25 23 
16 51 48 26 47 46 30 44 52 45 50 27 29 32 31 25 33 
11 9 43 42 41 12 10 37 44 14 11 13 
12 31 10 15 27 11 28 25 30 14 32 12 13 
18 19 14 21 16 21 20 25 20 17 22 15 24 18 23 22 18 26 19 
11 22 38 24 36 29 25 42 37 27 39 40 
12 32 37 35 30 35 33 38 36 32 37 34 38 
10 49 52 51 47 48 49 50 48 51 50 
17 15 26 25 22 16 28 23 18 24 21 20 30 17 23 19 29 27 
8 24 26 20 20 25 16 17 14 
8 29 14 27 33 25 28 13 32 
15 15 8 14 12 16 10 13 15 13 14 9 11 10 11 12 
15 28 29 22 25 36 31 29 27 35 21 26 33 28 34 32 
16 51 46 11 43 13 48 12 15 45 49 14 44 50 16 47 10 
10 36 14 38 31 32 19 13 37 12 33 
9 12 41 44 46 10 45 43 11 39 
11 43 47 37 42 39 49 42 48 46 41 43 
13 48 49 50 45 47 51 52 11 13 15 14 12 46 
9 28 33 10 11 12 27 26 30 13 
8 49 39 47 41 38 36 52 35 
15 52 46 50 28 48 32 30 27 45 26 25 33 47 49 29 
16 27 33 26 34 35 38 24 22 32 29 25 40 37 39 23 36 
17 16 30 37 35 11 34 31 10 14 32 13 29 33 12 36 15 17 
16 37 48 45 33 47 43 40 41 46 32 44 42 39 35 40 38 
7 37 44 26 22 42 45 41 
7 39 47 49 51 44 45 46 
12 28 26 25 29 27 26 23 30 31 25 21 22 
10 21 20 19 19 18 20 26 23 27 26 
9 36 42 38 40 35 41 24 21 22 
10 39 44 41 21 18 23 16 46 22 20 
11 41 38 51 47 43 52 50 40 39 45 42 
8 12 19 14 13 20 18 17 15 
7 27 26 24 23 28 25 22 
13 8 48 45 7 3 44 46 47 43 2 5 1 49 
11 36 35 37 44 31 34 30 38 36 33 39 
17 34 19 33 40 15 18 16 14 12 11 41 35 37 17 39 13 38 
10 12 8 11 13 30 7 28 29 25 27 
12 39 9 34 38 4 36 5 10 32 8 37 7 
8 13 10 28 18 30 12 15 27 
15 50 22 17 16 47 19 18 46 49 20 51 52 23 15 48 
14 31 43 28 38 46 29 44 26 41 27 33 42 39 34 
7 44 42 39 31 40 32 37 
8 18 19 17 16 15 16 17 14 
11 14 11 17 17 10 14 10 18 15 16 12 
8 52 50 51 48 47 49 51 48 
7 52 48 51 50 6 49 7 
16 47 21 44 20 50 18 25 43 46 24 17 48 19 23 22 49 
13 46 13 17 44 20 47 49 42 18 16 14 43 15 
10 12 10 18 16 14 15 18 13 14 11 
7 52 49 19 20 47 23 17 
17 28 30 29 32 33 39 34 36 35 32 27 37 26 33 31 38 25 
8 26 30 23 32 33 22 34 25 
12 9 14 11 15 8 10 7 12 13 14 11 13 
15 8 10 4 15 16 5 13 3 6 14 9 12 11 2 1 
11 38 35 29 33 39 28 34 27 41 25 22 
13 21 38 23 39 16 22 36 20 37 35 18 19 34 
8 31 35 36 33 31 32 27 29 
9 18 43 17 45 47 44 41 22 19 
13 2 5 9 4 8 12 13 1 7 6 10 3 11 
13 34 19 32 38 16 33 14 18 39 11 35 12 37 
9 45 44 43 40 43 42 38 39 44 
8 25 21 22 11 6 4 23 24 
8 24 27 4 5 2 28 3 29 
16 42 13 41 14 48 15 46 10 17 43 47 40 16 44 11 12 
16 42 34 45 37 47 44 43 36 48 41 46 31 33 30 35 32 
12 50 46 14 48 51 22 52 44 17 47 15 18 
18 29 15 9 8 26 16 12 32 31 10 33 27 34 13 14 28 11 30 
12 10 37 38 36 12 39 33 35 32 11 40 34 
8 26 12 13 16 24 10 14 22 
11 46 49 51 5 3 48 52 50 2 47 1 
10 11 42 13 41 39 38 15 14 40 37 
15 16 50 23 46 18 43 21 48 47 17 51 20 22 49 45 
7 39 16 20 38 31 19 15 
14 45 43 44 49 27 41 21 46 25 24 23 29 42 47 
11 18 24 13 20 17 14 27 20 23 15 19 
16 23 22 22 21 26 23 26 20 25 18 27 24 25 24 28 19 
10 28 26 33 21 19 23 27 22 27 25 
12 36 42 39 21 41 37 23 35 38 20 25 24 
9 3 2 7 18 20 6 8 17 5 
9 47 7 5 9 48 10 12 11 52 
8 15 17 11 10 14 17 11 15 
17 33 27 27 30 25 31 26 25 31 24 29 30 28 29 26 32 32 
7 22 28 5 1 3 4 23 
10 13 22 14 27 21 16 8 9 12 25 
15 51 45 46 35 36 41 34 48 40 49 50 37 42 44 38 
12 52 48 4 2 8 49 47 5 1 51 9 7 
17 30 29 16 24 31 26 24 18 28 19 27 22 21 32 23 20 17 
17 49 11 9 12 43 44 14 48 16 41 46 45 15 42 8 10 47 
12 14 27 28 21 32 18 25 31 24 26 15 17 
16 14 39 42 38 11 43 36 41 40 13 12 10 16 15 35 37 
10 7 4 11 10 3 12 11 9 5 8 
17 25 34 38 32 35 29 33 36 37 24 31 30 40 32 26 39 28 
7 31 43 34 33 27 28 37 
7 23 3 26 22 7 4 20 
12 8 18 6 3 5 12 20 4 1 14 2 7 
15 35 34 32 30 37 26 32 38 28 33 25 30 27 31 31 
9 46 43 45 39 46 49 48 42 40 
11 28 38 25 24 27 33 39 40 35 37 32 
18 24 49 41 25 44 26 28 23 22 21 43 29 47 48 27 45 42 46 
9 48 40 41 46 47 42 42 44 45 
12 44 9 46 17 15 11 13 49 10 16 42 43 
13 23 15 22 17 17 11 20 14 10 13 16 12 16 
14 34 41 34 37 40 36 36 37 40 41 39 35 33 38 
10 51 50 52 49 50 51 47 48 45 46 
15 46 30 51 27 32 33 28 26 25 29 48 50 47 49 31 
14 15 21 38 18 20 35 34 17 22 23 19 40 16 39 
15 10 11 44 12 48 46 6 9 8 13 47 49 7 5 43 
7 13 12 23 29 25 15 24 
14 31 37 3 36 38 1 33 35 32 6 2 4 34 39 
10 31 30 23 24 27 26 47 29 25 50 
16 21 42 17 47 43 45 40 15 18 20 19 46 41 23 22 44 
14 45 40 26 33 29 42 28 38 46 44 39 43 31 34 
15 4 25 31 1 3 32 6 2 29 5 33 26 28 30 27 
14 38 37 35 38 33 34 42 39 41 35 37 34 36 40 
17 6 11 33 30 34 37 12 4 36 32 5 10 35 31 9 38 8 
10 1 21 25 2 22 20 5 3 23 27 
13 31 34 30 36 37 26 35 29 24 25 39 38 32 
13 48 47 45 45 40 50 43 42 46 43 42 39 49 
11 48 11 45 46 49 14 16 12 51 50 44 
10 15 18 12 23 17 8 14 25 16 10 
16 8 50 9 48 4 5 42 10 45 49 47 7 3 46 6 43 
18 26 36 39 31 40 30 27 38 43 42 33 29 41 37 34 32 28 44 
9 38 10 37 11 13 15 9 33 8 
13 10 11 14 14 12 10 11 13 16 15 13 9 15 
11 20 19 21 18 12 10 15 14 22 17 16 
8 30 35 17 33 13 36 11 34 
10 9 49 52 11 48 46 47 10 45 50 
9 47 41 40 44 43 50 46 45 48 
14 46 44 34 48 43 29 32 31 49 50 30 47 45 51 
12 24 35 32 39 37 29 36 22 38 25 33 30 
16 20 13 23 27 22 14 24 16 19 17 19 26 18 15 12 11 
9 38 34 22 23 21 18 41 19 24 
17 24 21 7 3 28 22 6 26 27 25 8 29 4 23 9 1 5 
10 1 4 40 2 6 9 43 44 47 41 
8 39 13 43 42 45 46 10 47 
10 11 25 20 27 26 12 21 24 13 23 
8 15 19 13 16 11 18 21 15 
12 36 39 18 20 32 33 16 24 35 34 22 21 
12 10 16 27 13 26 28 29 11 12 24 14 22 
15 11 31 25 13 30 17 27 16 28 29 14 10 32 12 26 
7 37 25 38 40 22 24 33 
15 29 45 28 22 26 24 47 23 50 48 46 27 43 21 51 
12 21 20 24 17 25 23 19 25 26 22 20 19 
9 16 30 15 13 27 24 25 18 23 
12 11 12 43 44 45 46 42 16 48 13 41 8 
15 38 34 13 18 31 11 17 10 36 30 33 14 16 15 35 
7 14 12 47 11 9 51 52 
7 14 18 16 15 34 38 35 
9 30 35 37 36 34 31 32 33 38 
15 25 20 30 29 22 26 27 24 18 21 23 24 19 25 26 
9 6 30 31 26 1 33 28 29 2 
10 45 52 46 27 29 50 35 33 51 34 
16 25 30 26 29 45 27 43 24 31 28 32 41 42 40 48 46 
11 40 18 15 20 47 46 44 22 16 42 23 
10 42 43 15 12 10 35 11 39 40 36 
11 46 50 34 42 52 40 41 38 37 35 39 
13 32 7 33 31 8 9 30 10 28 26 11 34 5 
17 40 39 36 41 36 35 38 43 42 37 35 41 34 37 38 39 40 
7 24 36 39 33 26 41 28 
18 44 45 42 40 41 49 43 42 41 46 45 48 38 43 44 46 39 47 
15 38 33 34 31 39 46 43 49 37 51 32 36 47 50 44 
10 28 20 21 36 29 35 30 23 25 33 
7 28 25 4 6 5 23 9 
8 12 32 28 31 13 34 35 14 
13 6 36 35 4 1 39 40 3 33 37 2 34 41 
7 29 49 25 27 26 31 47 
10 25 17 20 21 18 10 23 19 24 22 
16 24 27 5 26 22 10 29 6 8 25 7 11 9 28 12 13 
11 38 20 41 33 37 21 39 17 34 19 14 
16 22 38 34 41 18 39 33 36 37 35 19 20 15 40 21 17 
10 40 45 47 41 46 34 30 32 44 42 
15 42 38 35 39 37 36 40 41 40 43 43 36 38 44 42 
16 31 33 29 37 28 38 31 30 34 34 33 32 30 32 27 36 
8 48 29 31 25 45 27 51 49 
13 19 13 31 16 28 23 14 24 11 26 30 15 25 
7 18 19 13 47 48 50 11 
9 26 11 6 10 29 9 5 27 23 
17 36 39 40 39 41 35 38 38 43 44 42 37 42 41 37 40 43 
15 43 37 47 48 38 49 40 35 43 45 42 42 41 46 36 
10 24 25 30 29 23 47 52 28 26 27 
8 27 32 10 16 13 34 14 35 
17 14 12 10 15 13 10 16 9 11 11 14 13 12 17 15 17 16 
16 43 42 14 44 39 17 41 13 46 19 45 21 15 20 40 16 
16 29 32 28 16 10 25 13 26 15 12 8 33 14 30 27 31 
17 30 30 31 25 31 29 27 26 23 27 32 26 29 33 28 34 24 
12 10 12 9 49 50 8 7 48 11 51 6 52 
8 38 45 47 46 43 49 40 44 
18 19 17 18 45 37 22 42 16 41 21 39 43 44 20 38 23 24 40 
9 46 19 16 47 48 49 18 51 23 
16 38 44 40 42 37 47 43 48 45 46 39 49 34 35 36 41 
14 20 21 18 17 23 14 16 17 19 15 20 21 25 19 
18 17 41 46 14 10 47 13 45 15 40 43 11 12 44 39 42 18 16 
12 26 46 42 44 22 28 41 43 45 48 29 25 
9 13 11 36 42 14 18 38 41 35 
13 26 28 31 33 29 34 25 21 29 32 24 27 23 
15 26 23 38 37 40 22 25 39 28 27 36 34 21 20 24 
7 52 47 48 50 51 46 45 
11 27 22 30 52 49 45 29 23 51 46 26 
11 40 43 18 44 14 46 19 41 45 12 16 
7 46 22 52 50 20 25 19 
9 10 47 13 18 16 43 14 44 45 
7 17 32 18 29 27 20 15 
16 42 38 34 36 32 33 36 40 40 35 38 41 39 34 37 35 
7 43 39 12 40 44 15 38 
9 48 46 43 47 52 48 49 50 41 
14 24 42 17 46 19 40 25 48 44 41 47 18 21 22 
13 14 10 12 45 50 52 49 9 11 51 46 13 48 
8 20 17 21 23 18 24 25 21 
11 48 18 12 14 46 49 15 17 52 16 20 
17 38 45 27 40 31 39 46 44 24 41 29 28 25 42 32 30 43 
13 30 16 21 23 25 17 27 24 20 23 18 28 22 
11 13 35 10 16 36 11 39 14 31 37 12 
10 40 46 43 49 42 50 41 51 45 48 
9 35 34 41 36 40 37 34 37 39 
10 9 14 11 11 7 6 13 8 12 10 
13 25 26 29 27 12 24 10 31 11 14 32 13 28 
15 36 34 47 29 35 50 31 33 43 44 32 42 49 45 28 
12 29 27 21 31 22 20 23 28 25 33 30 26 
13 40 47 41 40 44 42 45 39 39 38 43 42 34 
14 7 3 2 26 4 24 25 6 22 19 18 1 5 21 
7 7 24 21 6 22 17 5 
17 25 42 21 44 49 48 26 28 20 45 23 46 22 24 41 47 43 
9 35 39 38 16 42 9 11 41 15 
9 48 52 51 47 51 49 52 47 48 
11 46 27 26 40 23 45 30 31 41 44 25 
16 8 11 12 16 11 14 10 9 10 13 15 7 13 15 14 12 
17 10 35 32 15 36 30 38 13 11 14 16 31 33 34 37 12 17 
16 27 20 24 23 22 9 19 7 1 4 5 25 2 21 6 26 
17 20 21 51 24 48 28 22 50 26 45 52 25 23 49 27 46 47 
12 40 24 37 42 39 20 19 43 26 18 23 38 
12 4 35 1 29 5 2 32 34 3 31 27 33 
9 39 36 20 23 17 35 41 25 18 
18 19 46 17 20 49 47 16 43 15 14 48 50 51 13 18 12 44 45 
12 51 25 48 27 21 49 24 22 23 47 29 28 
7 52 9 8 48 11 14 47 
14 46 48 35 31 34 51 47 32 30 45 33 49 36 37 
15 33 36 49 42 46 35 37 38 47 44 34 41 48 45 43 
9 24 26 19 28 29 21 25 26 20 
10 24 40 27 29 30 31 48 32 25 43 
12 34 38 29 32 41 37 42 30 33 31 35 40 
14 36 43 23 41 16 18 38 15 44 37 22 19 39 21 
7 31 34 34 36 32 30 29 
12 34 27 28 29 30 25 31 38 26 33 33 36 
7 11 17 18 35 12 10 36 
7 13 12 36 40 39 38 35 
17 27 20 22 13 12 25 19 14 23 29 17 26 28 16 18 30 15 
18 36 22 29 20 33 17 24 18 23 19 32 35 30 31 34 21 37 16 
8 51 25 27 48 20 24 47 19 
9 28 19 24 35 32 29 27 25 26 
8 40 45 44 42 39 35 41 43 
12 45 41 11 12 14 44 15 46 47 39 42 10 
12 7 8 43 10 42 47 45 5 39 6 44 11 
12 47 33 32 50 46 30 51 27 31 48 29 34 
7 21 43 36 35 40 17 16 
10 49 50 52 31 33 46 32 29 27 51 
12 30 32 8 33 35 9 12 34 31 29 4 28 
8 47 9 49 48 10 14 12 8 
10 8 9 29 7 31 4 34 32 35 33 
8 10 8 2 12 10 11 5 3 
15 23 29 28 26 25 19 27 26 24 21 21 27 20 25 22 
10 6 5 26 3 23 28 2 24 22 8 
7 17 14 16 15 14 18 11 
9 17 14 16 12 10 13 15 18 11 
13 28 34 32 31 32 29 29 31 30 28 30 33 25 
12 35 42 44 50 37 38 49 40 36 41 33 46 
17 29 25 20 28 26 23 18 27 25 22 30 23 24 19 26 24 31 
9 23 25 27 27 22 19 26 25 26 
7 50 43 41 49 49 42 47 
17 34 20 19 23 36 18 32 39 38 24 40 35 21 33 37 25 26 
18 41 42 39 36 40 33 46 37 32 35 45 38 34 43 40 48 44 47 
7 13 10 16 14 15 10 12 
13 44 32 41 28 34 26 33 27 31 39 30 45 42 
10 43 40 25 33 39 31 45 37 26 44 
16 15 34 30 22 18 28 27 19 29 21 14 20 33 32 16 26 
14 25 38 39 32 33 26 29 27 33 35 31 30 36 28 
8 22 50 14 52 19 18 21 15 
12 29 52 25 24 49 51 50 27 48 30 26 45 
13 36 6 40 4 5 1 41 37 2 34 38 8 35 
9 52 47 47 48 49 48 51 50 49 
11 10 36 12 37 39 43 42 38 40 41 35 
8 4 11 7 9 10 8 6 5 
11 25 46 20 45 49 24 21 26 50 23 51 
15 15 19 28 17 22 20 18 14 16 32 21 35 34 33 31 
7 11 10 9 8 15 11 10 
17 23 20 45 43 44 46 19 40 25 22 21 27 24 26 47 42 41 
7 13 9 13 14 10 5 12 
8 48 46 49 47 51 43 52 47 
15 44 38 40 39 41 35 36 34 31 32 33 30 29 37 36 
15 15 14 41 42 12 10 38 43 44 40 13 45 11 46 39 
13 12 35 9 36 34 14 31 33 13 17 37 15 32 
15 5 41 35 7 10 36 37 8 6 9 39 34 4 40 33 
11 51 45 9 11 10 49 47 52 50 12 46 
17 30 24 26 27 20 28 26 25 25 23 32 31 27 21 19 24 22 
18 24 28 27 20 23 25 16 18 20 19 23 21 17 15 22 22 26 21 
12 14 21 23 9 22 19 15 16 8 12 7 11 
16 18 38 21 44 22 25 19 41 42 45 26 43 40 20 37 39 
13 17 14 12 20 11 16 15 12 15 17 14 10 13 
13 14 15 13 15 17 19 17 16 12 14 22 10 21 
7 49 43 42 47 44 10 45 
13 28 27 32 50 35 52 48 51 30 29 33 31 34 
17 27 26 25 31 37 32 39 24 34 28 36 35 31 29 30 32 33 
9 42 43 44 38 37 36 39 41 40 
18 45 45 40 49 50 46 46 47 43 48 44 48 44 41 47 42 42 43 
8 48 21 20 26 52 22 51 25 
9 52 18 48 45 20 15 46 50 22 
10 21 27 19 29 17 25 22 18 24 23 
13 23 42 39 35 19 36 40 22 41 43 15 17 37 
15 44 52 45 46 51 25 24 19 50 48 47 22 23 49 17 
7 19 36 21 22 31 35 23 
13 35 19 18 40 24 41 39 25 22 42 36 21 37 
15 19 23 21 22 23 28 31 29 16 26 27 24 18 30 17 
17 25 24 18 47 46 51 21 19 23 48 50 26 44 22 20 45 52 
12 43 25 42 39 41 28 37 21 40 38 22 24 
18 8 19 3 18 4 21 20 10 5 26 25 23 22 9 6 2 7 24 
7 23 23 15 21 27 22 28 
9 35 41 48 37 42 44 43 32 45 
9 44 50 52 46 49 47 48 43 48 
16 45 43 42 32 31 33 35 36 41 46 49 34 29 37 47 48 
11 51 8 12 50 44 11 9 14 46 13 7 
14 6 4 3 8 15 5 22 1 7 17 20 19 21 16 
12 30 23 52 27 50 51 28 26 22 25 48 24 
8 19 20 13 14 11 16 15 15 
9 22 18 25 23 17 18 22 23 24 
18 26 12 27 30 18 11 24 29 25 23 14 16 28 22 15 13 17 10 
13 21 18 22 36 29 30 25 32 20 35 31 28 24 
11 3 33 7 32 11 8 28 29 26 34 9 
10 29 23 27 24 23 26 21 22 25 18 
17 45 50 30 48 43 44 36 33 49 46 32 37 51 31 35 38 34 
12 19 22 48 47 51 50 21 18 44 46 20 17 
13 25 25 27 21 24 29 30 19 23 24 26 22 20 
14 32 36 16 38 14 18 34 37 33 31 13 12 17 10 
14 18 19 23 19 16 15 17 18 14 22 20 21 15 16 
15 47 46 11 9 8 15 14 51 12 52 13 48 50 49 10 
11 23 21 29 27 25 26 11 10 28 24 22 
14 28 40 21 37 25 26 35 41 36 42 24 23 20 27 
14 29 4 23 27 5 28 1 30 26 3 6 31 2 25 
15 33 7 9 11 32 38 12 39 10 13 37 35 36 14 31 
12 37 34 42 38 40 45 40 35 38 41 42 37 
18 26 24 23 21 19 18 28 22 27 32 30 17 20 29 31 25 15 16 
15 33 31 37 30 36 29 34 35 30 35 27 33 29 31 32 
10 35 37 39 32 40 40 33 38 37 34 
14 9 7 13 12 6 27 25 28 29 11 24 30 26 23 
7 11 52 8 46 12 51 5 
13 30 34 27 32 18 19 17 29 26 14 15 31 22 
11 21 23 20 18 24 25 30 23 29 28 31 
8 40 41 43 38 39 47 37 49 
18 11 36 8 7 32 5 40 37 33 10 13 38 35 6 12 39 9 34 
10 48 16 13 45 47 14 49 42 15 19 
17 16 39 45 17 19 44 46 12 40 11 43 41 13 47 15 14 18 
9 28 26 20 24 22 21 27 25 27 
13 50 36 37 35 46 31 47 30 48 34 32 29 51 
9 6 49 11 8 7 48 9 10 52 
8 15 9 8 7 10 10 12 14 
14 37 52 48 32 30 35 36 51 46 34 47 49 31 29 
17 27 21 31 28 24 20 25 19 23 32 25 24 22 26 29 18 17 
12 16 48 19 47 52 46 21 17 51 20 22 23 
18 39 23 27 44 26 37 41 42 43 25 40 28 29 24 45 38 31 30 
7 6 11 7 12 8 4 3 
8 3 1 22 5 27 24 26 23 
13 41 46 47 47 40 39 45 39 43 42 41 43 40 
8 13 14 6 10 27 7 30 26 
9 19 24 13 15 18 16 18 23 20 
12 28 45 30 44 42 24 48 22 40 43 23 46 
8 11 4 51 6 9 52 5 49 
15 24 52 29 25 23 49 51 26 28 30 31 50 46 48 47 
11 40 35 21 34 37 24 20 41 19 38 36 
12 5 47 49 8 48 7 13 12 6 9 11 52 
17 22 7 28 26 9 21 6 10 3 25 4 5 24 8 27 29 11 
8 35 38 36 34 31 39 32 37 
18 15 20 16 19 17 13 12 16 21 15 11 14 22 17 9 14 10 18 
10 49 8 48 44 4 50 43 6 42 46 
7 23 9 24 11 12 20 6 
7 29 27 33 23 32 21 30 
13 40 15 14 41 34 38 37 39 13 18 12 36 33 
15 51 24 25 22 48 43 27 28 49 47 29 46 45 50 26 
9 18 17 33 13 38 40 39 21 14 
8 46 43 44 41 39 44 45 40 
17 31 27 23 33 30 28 24 30 29 34 29 28 31 32 35 36 25 
16 24 25 19 15 21 22 16 23 22 19 17 20 23 18 17 20 
14 23 7 30 25 28 27 9 26 6 31 29 8 5 2 
11 14 48 46 51 44 45 15 13 12 47 43 
15 24 19 27 14 18 29 28 13 20 12 22 15 23 16 26 
18 36 40 38 33 35 30 34 28 29 32 41 35 39 34 33 36 31 37 
11 13 28 32 33 36 30 11 34 35 12 29 
11 33 37 21 25 26 38 27 23 35 29 30 
13 23 47 27 51 20 21 48 49 24 26 19 52 25 
11 27 30 29 10 26 28 31 32 33 12 13 
11 26 24 20 27 19 19 27 21 22 25 23 
8 15 3 12 7 10 5 1 6 
9 48 46 50 48 51 43 44 45 45 
13 26 37 22 39 36 24 27 33 25 32 29 35 21 
10 42 46 50 43 37 42 35 45 38 48 
11 40 5 2 1 36 35 6 38 39 34 7 
7 18 11 22 21 20 15 17 
14 20 8 15 18 13 19 5 2 6 17 4 3 12 16 
14 32 29 46 27 31 45 52 30 25 50 48 44 47 49 
9 7 12 10 4 5 2 3 6 8 
8 26 29 21 27 26 22 24 30 
11 40 37 34 17 22 33 38 41 21 23 20 
12 15 11 17 12 19 17 16 13 12 10 20 14 
9 35 42 36 40 37 39 43 41 38 
14 30 34 31 32 35 38 42 44 37 40 43 39 41 45 
12 40 38 18 44 42 43 41 16 36 17 39 37 
9 10 26 24 11 21 23 18 22 25 
11 32 30 35 41 28 46 44 29 36 43 47 
13 22 18 21 22 23 27 17 16 26 25 23 24 19 
14 43 49 13 12 42 17 44 45 16 15 46 47 41 19 
8 43 42 41 46 47 40 45 44 
10 11 35 37 17 10 16 14 32 30 36 
14 27 25 24 23 29 24 20 19 22 30 22 28 26 23 
15 34 22 19 27 23 28 32 26 31 27 20 35 21 33 30 
12 15 16 20 22 17 24 14 23 19 19 18 21 
10 40 42 39 37 3 4 9 38 43 6 
18 21 15 19 7 6 3 13 8 14 20 4 5 17 10 18 2 9 16 
17 24 26 27 27 23 25 29 23 26 22 30 21 22 28 29 25 24 
17 48 47 45 49 32 51 29 33 50 46 30 28 34 31 35 52 36 
12 12 14 21 22 24 13 26 17 19 20 18 15 
10 50 47 43 47 45 51 45 50 46 48 
7 22 51 45 27 47 46 23 
14 11 9 13 15 15 12 13 14 17 16 14 10 17 16 
8 28 52 48 30 22 27 29 50 
16 33 31 35 23 36 24 26 28 25 37 32 34 29 27 22 21 
16 37 42 39 35 10 12 13 16 36 34 11 17 14 38 41 15 
8 15 11 10 13 13 15 16 21 
7 11 6 10 13 9 13 11 
7 45 15 38 10 44 7 13 
9 28 24 25 26 23 37 39 33 31 
8 14 21 27 20 18 19 28 15 
17 26 13 20 12 24 10 18 25 14 8 11 6 9 7 21 23 19 
13 30 37 38 37 40 32 36 36 39 32 35 34 33 
10 46 44 40 20 48 42 22 14 41 43 
13 39 33 18 17 20 16 40 22 35 32 34 21 15 
8 23 36 33 26 40 21 39 27 
8 39 37 35 34 38 32 33 36 
11 2 9 8 3 13 12 6 11 1 7 10 
13 30 28 17 23 26 23 22 19 29 20 21 31 18 
8 38 26 29 25 40 45 24 42 
14 48 47 1 50 4 3 5 49 6 2 51 46 52 7 
17 34 33 27 23 25 27 32 28 29 30 22 28 35 26 29 21 24 
18 36 34 38 37 36 35 43 42 39 39 41 40 32 35 33 31 37 38 
7 44 47 45 40 43 46 48 
8 47 33 32 37 36 31 48 49 
7 28 11 16 35 8 13 9 
16 16 20 41 18 35 42 38 12 37 15 34 40 36 13 39 19 
14 27 21 22 21 25 24 26 28 24 22 26 20 27 29 
17 26 44 49 20 45 23 21 52 19 25 18 47 22 46 51 24 48 
7 11 10 7 10 8 5 4 
11 29 27 19 20 31 28 24 25 21 30 22 
11 33 35 10 32 11 28 12 30 36 34 29 
11 51 35 33 29 34 46 48 31 52 37 49 
13 44 49 47 12 45 11 42 13 50 48 10 43 46 
8 23 24 50 52 19 20 22 51 
10 13 11 1 9 12 4 2 14 10 5 
7 25 49 18 43 22 19 20 
18 5 8 3 39 2 44 4 9 10 38 40 42 43 41 7 37 45 6 
14 10 14 16 7 9 4 8 15 12 13 6 11 11 18 
17 28 27 31 25 33 26 30 25 26 27 23 29 29 30 32 24 28 
10 46 50 42 44 49 47 43 50 51 45 
15 8 25 5 28 23 4 1 7 2 22 24 6 27 26 29 
14 34 37 36 35 32 39 34 37 39 32 40 36 38 33 
8 12 13 14 6 7 10 9 11 
13 17 27 24 26 30 25 28 12 13 20 18 32 29 
17 46 25 50 30 44 24 23 27 29 26 47 28 43 45 49 42 48 
16 37 44 43 39 40 40 39 36 38 44 41 37 38 43 42 42 
18 41 43 37 42 45 31 30 46 38 40 35 48 34 44 47 36 32 33 
17 15 14 19 17 22 18 20 16 22 21 14 19 17 20 18 16 15 
13 24 20 33 21 28 26 35 32 25 27 29 27 34 
12 39 15 41 35 16 38 14 11 10 40 43 42 
11 23 27 26 26 30 21 29 24 28 24 25 
7 37 27 29 40 26 45 38 
17 13 19 7 12 13 18 17 15 11 9 12 6 20 16 14 14 10 
11 44 43 15 21 51 16 18 19 20 49 50 
7 51 5 4 47 2 49 1 
10 22 24 27 5 26 6 4 30 1 25 
16 40 34 48 42 35 45 38 41 40 44 42 39 46 41 43 37 
13 38 13 34 12 11 32 40 33 8 15 14 10 37 
10 40 46 42 50 36 52 47 38 44 51 
15 45 42 11 13 41 44 46 14 17 38 43 16 15 18 12 
11 1 16 18 6 15 20 2 19 4 14 3 
10 48 48 42 46 40 46 44 47 49 41 
14 27 21 20 28 24 26 31 30 25 28 29 24 23 22 
16 7 24 28 12 11 9 27 29 8 14 30 6 25 31 32 26 
9 10 14 12 31 26 34 33 30 15 
17 31 29 31 34 30 28 37 38 24 27 26 25 23 35 32 39 33 
15 19 26 21 24 18 22 18 20 20 22 23 25 21 19 24 
10 24 28 29 22 21 31 25 27 32 20 
11 38 31 27 37 36 32 29 42 25 43 26 
10 45 36 33 43 30 40 44 47 34 32 
8 4 5 6 7 1 26 24 8 
14 8 3 42 1 9 49 48 43 44 47 46 45 50 7 
14 21 24 28 1 2 23 5 4 22 7 29 26 27 6 
8 19 34 33 38 13 31 14 15 
7 33 12 18 20 29 35 32 
11 16 3 7 2 15 1 14 13 11 4 6 
8 17 15 19 11 14 10 12 13 
8 33 10 8 32 27 25 31 3 
13 14 11 16 7 12 3 15 8 10 4 9 6 10 
15 47 44 51 12 16 14 10 15 13 17 49 46 43 11 48 
12 13 35 29 34 11 31 10 33 36 12 30 32 
14 17 22 50 49 20 23 46 21 51 52 47 19 18 16 
10 13 11 10 45 48 47 9 50 46 52 
7 28 27 23 26 46 21 29 
14 20 31 13 19 15 21 14 32 17 27 26 30 33 18 
10 5 24 25 4 8 28 6 9 3 20 
11 30 46 34 43 36 50 44 32 31 48 47 
16 5 14 3 10 16 13 15 12 17 6 2 11 1 8 7 18 
15 13 29 20 30 32 15 17 14 24 21 31 28 19 26 18 
17 38 39 41 42 36 35 37 40 44 43 39 41 46 40 45 43 38 
12 49 45 46 52 50 45 47 48 47 48 49 51 
10 32 27 47 24 46 29 30 43 25 40 
15 36 17 12 19 15 32 31 14 30 18 16 11 37 34 38 
12 51 49 50 2 46 4 52 48 47 3 5 1 
16 52 45 27 25 26 47 30 46 31 32 24 49 51 28 50 48 
10 24 26 25 22 28 23 30 24 29 31 
12 16 12 15 12 13 17 11 9 10 14 10 15 
11 15 33 40 34 16 14 19 20 39 13 18 
14 25 14 19 17 23 12 16 11 18 26 29 13 15 27 
17 46 26 28 32 27 30 48 47 33 51 45 29 50 43 31 49 44 
12 48 34 36 42 45 43 40 37 39 42 46 41 
11 29 30 27 25 30 28 34 24 31 27 28 
7 52 51 39 43 41 38 47 
15 21 17 11 13 19 18 12 22 20 14 10 16 16 15 15 
11 38 15 40 11 16 39 35 37 12 41 36 
17 16 32 29 27 13 30 24 18 26 20 28 19 17 14 15 31 21 
14 8 4 3 2 30 32 1 26 29 28 27 7 25 6 
7 31 26 32 32 28 27 39 
10 32 26 37 20 31 24 30 36 27 33 
9 44 22 19 46 39 42 41 25 23 
11 22 19 20 14 18 16 17 15 20 16 19 
18 28 47 30 45 51 50 29 31 34 43 32 48 27 49 44 33 46 26 
13 27 21 49 43 28 50 20 48 46 45 23 24 42 
14 17 23 15 22 18 12 19 16 13 24 21 25 26 14 
12 26 35 29 40 42 28 22 39 37 43 25 38 
7 11 17 16 19 13 14 22 
12 47 17 19 51 16 24 18 23 20 48 21 49 
9 16 33 40 20 22 34 18 37 19 
9 52 51 29 30 48 28 22 24 26 
7 46 50 47 51 47 49 52 
9 37 27 30 32 33 29 32 34 31 
13 50 44 46 47 51 49 52 44 47 50 43 46 48 
11 34 25 35 36 32 26 29 27 23 37 31 
8 17 19 26 29 12 28 20 32 
9 18 7 10 15 14 20 6 12 12 
15 48 47 47 49 49 46 48 44 45 51 52 50 50 51 46 
8 39 43 39 46 43 36 44 40 
10 18 48 16 52 22 50 21 51 19 23 
16 33 40 39 38 35 34 34 36 37 39 36 41 35 40 38 42 
12 22 11 23 10 15 12 14 30 26 27 13 16 
11 23 24 12 28 30 11 9 25 13 27 10 
17 43 24 37 40 27 42 39 19 21 23 20 22 25 36 26 44 41 
8 20 4 11 22 9 6 5 10 
11 26 30 28 37 41 32 25 40 27 38 42 
10 20 14 4 17 1 18 12 2 3 13 
10 17 23 51 48 52 25 18 21 49 19 
7 9 11 48 8 10 51 46 
16 19 12 16 18 15 20 14 31 13 30 17 25 29 27 28 26 
16 27 27 32 29 19 22 25 21 24 30 31 23 26 20 26 25 
9 39 41 37 40 21 35 33 38 26 
11 36 39 33 34 5 37 35 7 9 41 38 
16 2 3 5 23 28 7 25 27 24 8 22 6 4 21 26 10 
17 44 35 47 34 38 43 49 42 41 40 37 46 36 42 48 41 45 
9 39 36 42 18 22 26 38 19 24 
9 32 33 15 19 31 28 27 26 16 
17 46 29 26 45 34 44 47 33 40 39 43 32 42 27 28 30 31 
10 3 5 28 31 27 2 24 26 4 1 
9 8 6 11 9 10 13 7 5 12 
7 48 41 40 46 51 43 50 
17 32 43 49 29 42 44 24 41 27 31 28 26 46 45 48 25 30 
16 24 30 26 28 33 32 31 29 25 28 27 25 30 27 22 29 
11 45 41 42 29 32 31 34 44 46 47 33 
13 27 23 17 20 18 28 19 22 14 16 24 20 15 
9 32 49 25 48 51 45 46 28 24 
9 22 26 19 25 20 14 23 19 17 
18 43 43 45 40 49 50 38 41 44 44 46 46 47 45 39 42 42 48 
13 33 44 50 31 34 36 48 49 35 45 42 32 46 
13 27 27 28 31 33 29 31 35 34 28 29 34 30 
18 38 36 35 39 39 36 37 42 37 34 32 41 38 31 33 40 35 34 
11 37 38 6 8 10 11 9 7 5 13 44 
16 39 42 35 39 38 40 37 36 41 42 44 41 43 40 36 38 
14 40 45 12 44 13 47 20 39 15 17 18 46 42 43 
17 15 14 19 39 44 45 42 13 46 11 17 40 18 16 12 41 38 
18 28 25 30 27 29 34 31 30 32 31 33 26 27 33 28 32 26 29 
9 45 39 40 42 37 38 48 41 44 
18 41 8 44 42 10 9 38 36 6 4 39 3 40 2 5 37 43 7 
11 34 37 39 36 28 25 41 31 30 35 32 
13 52 48 2 47 3 1 51 4 46 50 5 44 45 
14 45 40 46 38 42 36 34 37 41 44 40 42 35 43 
13 7 9 11 17 15 14 10 13 14 11 18 16 19 
16 25 44 40 42 24 41 29 46 26 22 30 47 27 45 43 39 
14 7 51 50 10 12 5 8 46 48 9 47 11 52 49 
13 25 24 22 26 46 41 42 28 45 44 29 21 23 
8 20 18 15 17 2 21 4 16 
7 49 25 50 23 51 48 29 
18 41 39 10 42 13 11 37 12 40 9 34 38 5 6 36 35 7 8 
18 25 42 45 49 44 21 50 28 46 27 22 29 48 23 24 43 26 47 
12 45 50 52 18 48 47 12 51 15 14 16 19 
13 16 49 18 52 46 47 22 51 50 17 23 19 20 
9 50 24 19 23 47 26 21 48 45 
14 23 11 13 30 24 31 27 28 26 12 14 29 10 25 
15 34 36 34 35 37 36 30 32 32 38 33 31 33 37 29 
13 29 28 24 25 19 20 23 22 27 21 22 24 23 
13 25 18 16 12 18 23 21 19 13 17 17 15 19 
17 31 32 33 39 32 38 35 39 36 31 34 33 35 37 34 38 37 
15 38 44 40 37 36 42 42 46 41 41 45 47 44 48 40 
13 15 23 21 18 20 13 14 17 11 19 12 16 22 
14 27 17 13 20 18 14 25 28 31 29 30 19 12 26 
7 44 45 42 50 39 52 51 
14 41 11 14 39 40 15 9 36 10 17 34 16 37 38 
12 27 40 44 41 47 48 23 20 24 22 45 43 
15 19 12 14 20 17 12 13 18 14 19 15 13 16 11 18 
9 29 49 30 43 31 33 27 44 42 
9 12 24 25 10 21 22 11 15 16 
14 30 52 26 49 50 47 51 32 25 31 28 29 33 48 
8 22 20 18 15 13 11 19 14 
11 8 21 1 4 18 19 25 20 5 24 9 
10 39 37 40 39 40 41 44 42 43 42 
14 26 33 24 23 27 25 30 32 29 35 28 30 29 22 
9 10 14 8 9 6 7 11 12 5 
7 42 40 40 43 38 46 38 
12 3 4 8 5 2 7 6 9 12 13 10 11 
10 5 27 30 1 28 4 23 7 31 26 
13 50 38 46 34 33 30 36 35 45 51 47 44 32 
10 46 44 51 49 43 45 42 39 38 47 
15 18 23 46 48 16 45 44 20 49 47 15 43 17 50 21 
9 27 21 20 13 10 22 12 19 11 
10 12 9 16 17 17 14 12 16 10 15 
7 37 33 46 32 36 34 52 
7 39 44 42 41 33 41 38 
17 21 44 40 48 28 29 43 47 22 46 23 26 25 45 27 42 41 
12 52 42 47 51 46 45 46 49 40 38 44 43 
12 52 44 48 37 51 47 40 39 50 46 41 49 
16 33 25 23 40 21 22 34 36 26 24 28 35 38 41 27 37 
8 42 38 39 45 41 47 43 40 
8 18 14 51 17 47 49 10 52 
7 49 22 20 46 17 23 47 
16 44 40 41 47 45 46 40 43 45 39 47 42 43 48 42 44 
17 37 29 39 34 36 31 30 27 40 33 28 35 26 25 24 32 23 
7 47 52 44 47 42 49 43 
10 20 36 25 19 24 32 38 35 31 33 
16 15 48 14 17 16 52 47 45 18 21 20 49 50 51 46 13 
7 17 11 16 23 19 18 17 
11 31 29 39 36 34 28 41 37 38 43 36 
7 23 35 26 29 34 33 31 
11 44 34 35 30 45 32 39 28 37 42 41 
14 37 28 29 43 27 23 22 41 30 24 44 36 40 26 
13 32 31 29 29 31 34 34 35 32 30 35 28 33 
15 14 47 51 15 16 20 52 45 17 46 12 18 13 50 49 
12 9 41 10 40 38 39 5 42 13 7 44 8 
16 31 39 36 48 49 35 32 44 46 50 43 33 34 45 37 47 
9 52 42 34 39 41 37 48 46 49 
8 22 25 17 21 19 20 15 21 
17 25 51 45 27 28 50 26 23 30 29 52 31 47 24 49 48 46 
18 10 29 33 13 37 32 31 34 8 12 16 30 11 36 9 15 35 14 
7 40 35 22 38 25 37 36 
11 19 21 28 34 18 16 27 13 32 14 33 
16 15 11 14 12 19 18 9 15 13 16 8 16 14 10 17 12 
10 43 47 38 34 36 40 48 41 32 37 
10 8 11 3 11 13 4 12 10 7 6 
15 36 43 38 50 40 49 37 45 43 46 41 42 44 48 47 
18 41 49 43 42 37 44 46 38 44 50 42 45 45 43 48 39 47 40 
15 28 31 32 30 31 29 26 27 25 29 26 23 24 33 27 
15 37 6 3 38 7 34 35 2 40 41 1 42 5 39 36 
17 40 46 41 41 42 45 47 48 46 40 44 43 45 48 42 47 44 
17 46 39 45 30 41 26 38 29 27 40 32 24 44 42 31 25 28 
11 23 18 26 33 20 19 28 32 22 34 24 
18 37 29 32 39 34 28 30 35 35 32 36 33 40 31 38 33 34 36 
8 36 31 39 35 34 33 37 10 
14 29 45 34 32 44 46 49 43 30 31 26 27 28 33 
13 40 43 37 38 41 4 44 42 2 39 45 3 5 
10 48 52 36 47 43 37 39 49 46 42 
7 38 21 32 34 33 14 16 
9 33 36 6 2 34 29 32 4 31 
15 30 36 28 29 31 27 32 31 26 30 33 34 29 33 32 
10 37 25 43 45 40 24 19 42 38 20 
8 29 22 28 27 28 29 25 24 
9 46 7 51 50 49 2 45 4 6 
7 14 20 45 18 40 42 39 
13 12 36 11 31 13 38 10 18 15 30 14 17 37 
7 27 28 31 1 2 30 26 
11 33 36 35 38 34 39 41 40 11 10 37 
14 24 22 12 11 27 14 13 26 20 10 19 21 23 25 
9 34 37 35 41 40 36 39 33 38 
12 32 31 50 30 36 51 29 28 47 49 33 52 
18 25 26 14 19 19 17 20 18 21 15 16 24 22 21 22 20 27 23 
9 47 48 46 49 45 44 43 42 50 
7 19 34 18 20 29 28 26 
11 28 29 36 27 22 33 26 28 24 21 35 
15 23 14 21 22 16 17 15 24 21 16 20 19 18 17 18 
14 38 43 36 36 30 41 32 37 35 38 33 44 42 39 
13 10 15 9 7 11 12 12 14 10 11 13 8 13 
18 46 45 47 49 51 49 47 50 44 41 42 43 48 43 44 45 48 46 
8 2 38 3 42 4 1 37 44 
9 13 8 15 47 10 14 11 51 9 
7 20 18 2 19 14 17 12 
17 21 24 40 28 38 45 25 22 41 20 42 26 46 39 27 44 23 
7 44 34 38 31 41 45 36 
17 46 45 33 47 30 39 42 43 31 29 44 26 32 28 40 41 34 
15 13 6 11 25 26 20 7 22 12 10 23 27 8 21 14 
8 23 29 41 27 24 42 26 38 
14 15 47 12 14 41 16 18 43 49 45 10 11 46 17 
10 6 31 28 27 11 9 12 4 29 8 
14 9 15 10 12 6 8 5 7 1 4 3 2 11 13 
13 44 36 37 38 41 40 12 10 43 42 13 15 39 
12 34 25 26 31 35 27 31 33 32 36 24 23 
10 44 42 40 41 29 45 30 47 25 26 
16 43 39 37 38 45 41 33 31 36 42 37 32 44 30 34 35 
8 44 24 43 31 29 27 42 39 
11 43 41 39 35 15 21 14 37 36 38 22 
10 51 1 9 2 52 49 4 44 45 3 
12 28 32 33 31 33 34 29 31 35 28 27 32 
18 42 39 26 43 38 36 44 22 19 37 24 23 25 40 27 20 21 41 
12 30 43 32 40 29 47 26 46 24 41 39 28 
7 12 39 32 34 10 15 36 
11 12 31 36 33 11 37 32 30 35 10 38 
7 38 26 42 25 43 39 30 
14 48 50 3 4 5 8 52 10 51 9 6 11 49 7 
12 41 39 41 36 43 38 37 44 46 40 45 35 
8 41 35 41 37 45 38 47 42 
18 15 19 18 12 20 22 17 18 21 20 19 25 17 23 13 16 14 24 
8 25 24 46 39 43 42 23 41 
8 21 25 19 20 20 26 19 26 
9 25 34 27 32 29 35 39 31 33 
15 25 17 12 19 16 18 23 19 11 14 13 20 22 18 24 
15 47 48 43 50 45 49 44 44 45 48 51 46 50 46 47 
15 31 28 8 10 30 12 6 34 5 4 26 33 11 32 29 
9 3 46 4 51 50 49 45 2 48 
10 41 46 2 4 7 1 43 45 6 8 
10 45 48 46 44 42 47 51 43 41 50 
13 16 5 19 15 18 17 2 20 3 4 1 12 13 
11 52 35 40 34 37 50 49 48 46 39 38 
15 47 42 4 3 40 6 46 2 1 44 48 43 45 5 41 
10 32 36 34 39 35 11 33 37 31 10 
16 36 28 23 29 34 37 38 24 33 30 25 27 31 35 32 31 
18 15 35 19 32 40 34 38 20 12 33 37 17 13 18 14 36 39 16 
16 49 13 20 44 51 46 19 16 48 47 45 14 18 50 21 17 
7 41 32 29 30 34 38 33 
7 26 21 24 44 47 20 28 
13 39 41 44 40 29 30 28 32 43 38 26 42 34 
13 23 28 26 28 31 34 35 30 33 24 30 29 32 
12 36 44 37 31 51 52 39 48 47 45 49 32 
12 3 9 8 2 11 6 10 12 5 4 1 7 
7 6 3 4 11 7 10 5 
11 13 4 7 3 6 5 1 11 2 8 9 
18 15 17 16 22 18 16 21 23 19 20 22 21 24 14 18 19 20 17 
11 18 11 42 19 40 34 39 14 16 41 17 
16 43 41 40 47 42 44 39 51 46 38 49 44 45 43 46 48 
13 36 41 40 36 38 35 37 37 38 40 41 34 39 
16 18 11 13 14 13 10 18 15 12 19 16 17 17 21 14 15 
7 9 46 49 15 47 48 50 
11 44 42 23 22 29 41 47 24 28 43 26 
12 3 16 6 5 4 2 1 17 23 8 9 22 
7 49 45 51 28 24 44 46 
14 14 17 20 11 4 19 8 12 13 10 9 18 15 7 
14 10 7 38 6 39 4 43 44 42 45 11 37 40 9 
16 27 28 31 30 34 33 26 29 35 38 42 39 43 41 37 36 
18 25 30 27 30 31 28 33 25 23 28 32 26 29 26 29 22 27 24 
9 43 18 20 45 48 23 47 42 49 
11 40 13 9 11 10 34 32 16 38 33 14 
12 25 34 27 37 22 20 24 38 31 35 26 23 
15 17 20 17 15 12 14 13 22 24 16 10 23 25 19 18 
13 31 29 36 33 32 2 1 30 4 28 35 34 6 
8 2 5 8 7 6 10 4 1 
8 50 29 47 26 49 45 22 51 
17 18 14 10 19 12 20 17 16 16 17 11 18 21 15 14 22 13 
15 26 30 29 25 24 27 47 31 44 48 50 49 45 51 46 
9 44 37 9 5 4 7 10 40 45 
14 41 19 44 24 46 47 43 40 22 20 26 45 23 25 
14 46 44 52 49 32 39 40 47 35 45 36 37 38 50 
13 28 34 18 35 29 32 13 14 11 19 12 17 31 
16 16 18 13 18 11 12 12 19 14 17 17 20 19 15 16 15 
14 50 22 48 18 26 47 23 49 45 52 51 21 24 19 
13 4 5 40 35 33 37 36 34 7 39 3 2 1 
12 33 6 34 32 2 29 4 35 3 28 1 8 
14 17 5 12 2 6 14 1 3 19 13 16 18 15 20 
8 29 34 31 28 27 28 26 32 
18 14 40 19 42 37 36 13 20 34 12 18 39 15 17 41 35 16 38 
14 24 21 25 51 49 18 48 52 17 19 22 50 23 20 
8 39 28 25 23 26 43 45 27 
14 44 46 43 49 52 48 50 42 39 46 45 51 41 47 
7 10 13 11 9 12 8 16 
12 7 5 34 38 36 37 8 35 4 39 33 32 
17 50 11 43 51 16 12 18 13 48 19 46 47 49 44 17 15 14 
16 50 22 24 51 19 49 52 18 23 48 17 20 46 21 47 25 
10 32 16 11 15 17 14 34 33 29 12 
7 33 37 36 1 2 31 5 
18 40 35 33 39 40 32 38 34 38 45 44 39 43 37 37 41 42 36 
11 26 27 20 29 19 23 31 30 26 24 27 
18 48 7 9 11 46 41 12 42 47 8 40 13 45 10 5 43 44 6 
7 16 14 9 13 35 40 38 
9 22 41 21 27 25 37 43 26 38 
14 23 22 21 16 20 20 26 24 23 19 22 19 24 17 
13 41 43 35 10 5 8 12 13 37 39 40 6 11 
11 12 43 13 47 40 42 41 10 45 44 46 
8 30 29 32 24 27 36 39 25 
16 21 14 18 17 19 22 21 17 16 23 15 20 18 24 22 16 
16 8 29 4 25 24 23 11 30 27 5 10 7 28 12 6 31 
9 24 19 25 22 10 26 27 11 21 
10 51 31 44 30 46 29 26 50 28 45 
8 22 38 43 37 41 27 40 39 
13 33 16 15 27 20 28 21 14 26 32 25 29 17 
13 19 20 22 8 17 23 15 10 5 9 13 12 21 
10 45 47 26 41 48 43 49 23 31 42 
18 20 23 28 29 17 16 18 19 25 27 26 13 30 22 15 24 14 21 
11 48 40 46 50 48 52 42 41 45 49 44 
15 13 12 11 13 15 10 8 12 19 14 18 5 9 6 7 
11 42 27 40 41 43 39 46 38 22 26 28 
7 30 28 23 24 31 24 27 
