1000
17 50 49 48 52 44 47 45 51 46 40 46 47 43 44 41 45 39 
14 24 25 20 38 41 40 19 44 36 23 26 18 22 39 
11 52 12 11 49 10 14 15 50 16 8 48 
15 36 32 14 34 13 35 11 16 10 38 37 15 17 31 33 
13 13 11 10 12 7 14 16 11 10 12 13 8 9 
11 50 17 18 14 12 20 52 16 49 48 47 
8 27 26 25 31 32 28 33 30 
17 38 36 29 31 33 37 32 28 34 33 34 30 35 30 32 36 31 
13 36 18 41 38 14 12 13 34 16 35 40 10 11 
9 25 28 33 34 26 32 37 27 29 
10 28 30 32 26 29 11 8 10 31 9 
15 35 23 34 29 33 32 39 25 38 24 40 26 37 22 27 
9 25 20 45 50 48 22 21 47 19 
16 29 37 21 28 24 30 36 35 31 29 23 26 33 27 34 32 
9 40 39 43 14 41 11 8 36 12 
7 25 28 27 11 31 29 26 
8 12 8 35 5 10 33 38 9 
11 35 33 44 48 34 50 46 49 45 30 29 
7 6 9 20 21 4 14 8 
13 19 4 16 13 17 18 3 14 1 5 15 2 21 
13 4 15 10 11 13 9 8 17 12 12 7 14 10 
10 27 22 20 28 50 25 26 24 23 52 
16 12 10 14 15 16 18 17 17 15 20 11 16 21 13 18 22 
12 11 14 9 10 13 17 10 15 12 12 16 11 
9 49 52 51 9 10 46 4 47 45 
15 30 37 36 14 16 19 13 34 29 15 20 21 18 17 32 
16 23 22 38 35 39 24 33 36 30 40 26 37 25 29 34 28 
11 15 26 17 32 10 31 29 13 30 11 16 
16 32 30 28 24 25 26 27 27 28 25 31 26 24 31 30 29 
14 36 37 22 35 24 21 32 27 26 20 25 33 38 23 
7 23 22 19 27 24 25 21 
13 51 44 47 46 46 40 49 44 39 50 41 43 48 
12 28 30 26 12 29 11 31 10 27 32 24 25 
18 37 52 46 51 42 41 49 40 48 44 36 44 39 38 45 43 50 47 
17 48 52 51 49 47 44 41 50 42 47 44 40 46 46 45 43 45 
13 23 26 36 22 35 37 40 19 25 21 43 42 20 
13 32 34 37 31 30 27 35 36 32 24 33 30 26 
9 39 25 20 45 44 46 40 23 22 
14 2 15 8 3 9 14 13 4 11 1 5 10 16 12 
9 20 18 21 26 23 43 24 19 22 
9 50 27 51 29 46 30 33 34 47 
12 22 23 21 23 24 25 17 20 22 21 24 20 
17 21 46 40 48 47 43 44 42 23 22 26 45 20 27 24 41 19 
10 43 48 46 45 44 6 11 10 9 12 
14 48 42 41 47 19 17 18 16 21 20 23 15 40 45 
9 34 40 36 39 36 38 37 37 41 
18 4 32 36 12 11 10 39 38 6 7 37 33 35 34 8 5 31 9 
14 27 26 24 16 21 19 25 13 15 28 14 17 11 23 
7 31 27 25 26 52 51 28 
11 8 9 7 10 43 4 42 46 48 44 11 
13 25 18 3 4 24 20 23 19 26 2 5 1 21 
8 35 31 28 36 32 30 33 34 
7 46 45 47 22 29 50 48 
13 42 38 40 39 36 37 33 44 36 38 37 39 41 
12 16 9 32 28 31 26 10 15 30 12 13 29 
18 34 32 18 17 24 30 33 35 16 23 22 31 37 20 36 21 19 29 
15 13 12 15 11 16 9 14 6 8 5 10 11 10 12 7 
8 12 17 49 47 50 15 18 11 
12 18 42 41 44 14 20 16 48 19 46 47 40 
16 26 28 29 24 33 20 31 25 23 30 28 32 34 26 27 22 
17 43 31 40 25 46 47 28 32 39 44 29 33 30 41 45 27 26 
11 46 46 44 42 39 40 44 41 40 47 45 
8 23 47 51 21 48 22 49 50 
16 34 20 28 33 18 23 25 29 35 21 27 30 24 31 26 22 
14 49 36 33 35 29 34 31 48 51 37 30 50 32 52 
13 30 35 36 22 27 24 21 26 32 34 28 23 29 
13 42 33 44 29 41 36 37 31 48 34 47 46 30 
17 20 17 45 22 47 46 24 41 19 21 44 42 48 40 43 18 16 
15 11 7 9 34 32 10 36 12 30 33 14 29 15 31 37 
11 44 16 12 49 47 43 48 17 14 45 15 
8 40 42 42 41 39 47 44 44 
7 34 37 2 42 39 41 36 
16 40 52 51 41 37 39 38 48 49 46 35 42 36 50 43 47 
9 9 5 2 11 6 7 8 10 4 
13 7 1 30 25 4 23 24 29 26 31 2 28 27 
17 14 16 11 17 18 21 19 17 10 15 16 20 14 15 13 13 9 
12 50 49 27 20 23 21 48 24 52 51 19 22 
14 41 37 22 29 35 23 34 38 28 40 26 25 39 24 
13 33 12 36 14 37 13 31 10 29 34 15 16 30 
17 3 7 10 9 25 21 20 27 8 24 19 6 26 11 22 4 5 
10 12 18 17 52 15 16 10 46 49 48 
9 24 35 30 33 29 27 31 37 28 
9 14 25 10 16 21 11 17 22 23 
9 47 44 46 41 48 47 49 45 49 
7 9 8 52 47 51 7 11 
17 39 41 48 37 43 45 42 46 38 40 49 47 41 36 43 42 44 
13 37 35 38 31 33 34 29 30 40 25 32 27 42 
15 12 33 35 38 10 34 32 30 36 31 15 37 11 14 13 
11 17 40 39 33 20 19 37 34 15 14 16 
12 22 25 21 42 24 37 38 28 26 45 43 27 
12 25 25 28 26 21 23 24 27 22 22 24 21 
8 29 24 26 30 25 28 23 22 
10 7 21 22 24 20 5 18 6 25 19 
12 2 5 7 16 12 15 11 8 6 10 4 18 
11 19 20 43 13 42 16 40 41 18 38 17 
13 22 25 18 26 20 19 21 23 18 21 16 24 23 
11 34 14 37 13 11 39 40 32 15 38 33 
17 26 38 22 36 37 23 39 34 20 24 25 35 41 28 27 42 21 
9 32 29 36 39 43 37 41 33 30 
17 37 39 47 44 48 45 38 49 33 40 34 50 36 52 35 46 51 
7 2 39 6 41 45 42 8 
16 27 28 29 16 14 22 21 17 18 26 30 34 19 15 31 20 
7 36 35 38 39 42 24 27 
11 41 40 25 21 23 45 46 28 22 43 29 
7 20 22 38 44 41 39 40 
10 17 37 20 41 19 38 42 12 40 45 
8 17 30 31 13 29 16 37 34 
11 4 15 11 3 16 17 10 19 13 12 20 
11 41 38 47 31 33 42 44 48 36 46 45 
11 45 51 24 25 50 48 26 30 29 27 31 
14 32 35 28 9 33 30 8 7 12 31 6 34 29 27 
9 9 5 8 11 13 12 10 7 6 
14 2 36 40 8 5 38 7 3 34 33 4 39 41 37 
14 32 20 36 17 31 13 18 33 35 12 19 30 38 15 
9 15 18 37 19 41 20 33 21 38 
17 13 14 12 12 16 15 14 17 11 10 16 18 17 18 13 15 10 
8 21 37 38 35 18 16 40 23 
9 30 25 28 31 27 26 31 23 26 
11 28 20 18 27 31 21 29 30 22 26 19 
8 51 46 47 46 50 52 49 45 
7 35 21 17 22 30 33 19 
17 34 19 14 20 21 15 18 36 38 33 32 17 39 35 16 31 37 
8 29 48 28 36 33 41 47 32 
10 10 52 12 9 6 49 5 51 11 48 
13 24 15 26 22 28 27 19 21 18 25 22 14 20 
9 16 45 38 46 20 17 14 44 39 
17 36 20 33 32 16 18 19 17 21 35 38 23 37 39 40 34 15 
16 23 27 10 30 16 9 24 15 13 8 31 26 12 28 14 29 
7 51 9 8 47 52 48 50 
17 25 17 15 28 32 18 14 33 29 20 13 27 16 19 26 21 30 
7 40 39 33 37 32 34 35 
11 33 27 26 48 31 28 32 30 46 43 44 
14 45 42 49 45 48 43 44 49 44 43 46 50 48 47 
10 29 27 28 24 27 26 26 23 21 23 
16 39 26 21 42 22 23 35 20 27 19 34 25 36 37 40 24 
15 50 24 30 25 27 29 45 23 46 26 47 48 49 31 51 
15 2 3 32 1 40 33 35 36 34 39 5 6 38 37 4 
10 22 10 12 14 11 17 19 16 20 21 
13 4 7 32 3 30 28 6 31 35 5 29 1 34 
14 4 40 9 5 34 1 33 6 37 3 32 2 36 38 
12 30 34 30 35 36 33 31 38 28 34 32 33 
7 46 28 42 26 27 24 23 
12 9 7 11 43 45 42 41 14 15 48 40 8 
8 51 48 43 50 51 52 44 47 
7 34 30 25 24 38 37 32 
15 36 10 41 8 39 6 4 38 37 7 3 42 9 40 35 
17 33 35 28 34 5 31 30 32 4 1 2 7 3 29 8 36 6 
8 13 36 32 19 14 11 17 33 
16 46 50 16 45 43 51 17 44 14 20 15 18 19 12 48 13 
9 20 10 16 16 11 22 17 18 12 
11 26 19 21 25 27 22 28 25 24 30 22 
13 34 35 40 37 17 33 38 15 39 12 32 14 19 
13 17 16 1 18 23 7 22 4 2 6 3 5 20 
14 27 29 35 31 29 30 28 32 30 31 34 33 25 33 
9 7 1 10 9 4 8 2 12 5 
10 14 13 10 12 6 11 11 9 15 16 
17 27 26 43 28 42 22 24 39 38 36 44 20 25 41 23 21 37 
9 51 5 11 46 7 45 47 48 44 
16 26 20 27 36 25 24 39 38 23 21 32 34 40 37 19 35 
17 38 37 30 34 36 34 36 32 28 33 41 35 31 35 40 29 42 
12 22 29 26 26 32 30 20 28 21 33 25 24 
9 21 10 22 11 19 23 26 18 24 
9 12 10 16 24 21 11 22 18 17 
15 18 52 48 16 50 49 19 47 22 17 20 14 15 21 51 
17 13 18 16 15 21 17 10 14 11 12 16 17 20 13 19 15 14 
11 12 4 11 9 12 6 11 8 10 10 5 
16 13 21 42 16 41 14 17 18 46 19 39 40 20 43 47 44 
7 52 47 48 49 46 51 45 
15 38 42 39 39 41 40 42 43 41 43 38 40 45 44 37 
14 22 16 41 40 23 37 17 38 21 15 42 19 39 20 
9 5 47 8 11 6 12 50 7 49 
18 45 42 47 20 49 44 18 19 43 13 14 21 46 17 50 15 48 16 
11 19 22 27 21 18 20 23 30 31 35 29 
15 22 19 36 20 18 26 24 37 35 23 34 39 33 32 25 
7 25 28 31 35 27 23 26 
15 4 8 27 6 10 26 9 19 25 7 21 2 23 5 24 
13 31 49 35 34 38 32 48 36 39 37 50 52 47 
15 50 47 48 49 37 39 43 52 38 36 40 51 42 35 41 
8 22 16 19 24 18 21 25 28 
8 19 29 17 31 28 18 26 33 
14 16 39 38 35 40 36 37 34 33 18 13 12 10 41 
11 26 31 29 8 28 33 13 12 32 27 11 
13 21 17 26 14 23 22 25 19 22 19 20 21 24 
17 39 44 45 44 43 46 45 42 41 40 50 42 47 48 46 47 43 
10 50 51 10 11 6 45 9 5 49 47 
18 29 26 43 23 46 47 25 44 28 50 48 24 42 22 45 30 49 27 
8 13 19 32 33 34 12 14 35 
8 9 4 6 25 24 7 18 20 
8 27 25 26 26 23 20 32 19 
11 36 42 41 35 36 39 38 40 40 38 44 
14 22 24 20 26 25 22 27 29 27 23 26 21 23 28 
13 20 40 38 33 39 19 18 16 21 15 37 34 22 
14 19 41 13 39 37 14 18 42 40 15 34 16 17 38 
7 33 40 36 41 35 37 31 
12 39 40 26 37 24 33 34 21 20 25 36 27 
7 31 19 16 20 17 30 29 
14 14 7 8 15 20 4 21 3 19 6 18 17 5 1 
14 11 24 16 17 10 13 18 26 21 20 12 27 23 19 
11 39 21 37 22 42 24 17 41 35 16 38 
15 15 37 17 40 36 41 39 14 34 38 18 42 21 19 35 
14 46 3 45 47 7 10 6 4 9 41 8 43 42 2 
11 31 8 38 13 10 35 11 12 33 14 9 
11 8 3 7 5 41 35 42 38 4 43 37 
16 7 35 40 32 2 6 36 3 8 33 37 34 9 5 10 4 
12 27 40 42 25 28 24 37 35 41 26 38 39 
7 18 15 17 16 15 12 14 
10 46 44 17 49 51 48 20 45 47 18 
16 38 24 26 33 25 36 35 23 20 39 22 34 19 18 41 37 
10 10 15 32 11 28 33 34 9 7 13 
12 9 5 27 31 28 6 2 30 7 25 3 8 
16 27 28 25 20 19 18 30 22 24 29 25 26 31 21 23 17 
8 39 5 9 4 37 7 42 10 
7 9 29 37 6 31 8 7 
8 18 13 12 12 14 13 10 15 
9 45 43 41 38 41 43 39 42 39 
8 43 46 39 42 40 39 47 43 
12 20 24 19 21 13 19 15 26 12 14 17 23 
7 20 25 24 23 22 17 18 
13 41 18 24 42 44 25 37 39 21 38 22 23 43 
9 34 41 35 33 30 37 33 35 37 
11 45 47 41 32 34 36 37 29 30 48 44 
9 42 41 39 1 37 5 43 4 40 
16 1 47 7 3 49 48 4 46 5 9 50 51 6 8 2 52 
18 24 26 21 35 40 34 42 41 36 23 25 39 37 27 28 20 38 22 
14 34 32 20 29 19 21 37 35 16 17 18 23 30 33 
13 51 24 50 52 18 19 23 20 21 16 17 49 22 
10 51 29 47 33 44 49 46 34 50 37 
17 7 30 4 12 9 5 6 25 32 29 11 8 10 27 31 33 28 
11 30 28 17 33 32 23 18 15 16 36 19 
9 17 34 36 33 29 19 15 18 20 
7 24 25 47 27 50 28 51 
8 43 45 8 11 10 47 5 42 
15 32 23 24 28 31 20 26 27 21 28 25 27 30 33 22 
12 1 17 5 11 4 16 18 14 19 15 13 2 
12 18 19 20 21 17 16 52 50 15 14 48 51 
9 11 26 25 27 20 14 22 23 28 
11 11 34 13 28 31 19 30 29 36 12 32 
7 44 9 6 42 36 40 43 
9 21 30 28 27 24 24 26 32 19 
18 37 44 41 36 37 42 43 39 40 40 44 39 42 38 41 43 36 38 
14 16 23 20 36 35 21 31 37 18 32 22 38 30 19 
11 21 26 24 23 5 22 1 3 2 4 27 
18 26 7 6 8 27 22 10 11 21 29 12 28 9 13 25 23 5 24 
14 23 31 22 26 28 24 24 25 29 29 28 26 25 30 
11 7 3 10 4 9 6 1 2 11 8 5 
12 35 10 32 13 15 28 14 27 12 30 33 34 
11 18 10 48 14 47 15 52 51 17 12 49 
12 45 40 42 37 33 31 34 29 38 39 44 35 
10 29 20 32 28 31 33 15 16 17 14 
9 9 48 46 51 44 14 50 8 43 
13 24 10 12 17 11 16 21 23 22 13 20 19 18 
18 17 20 25 21 19 16 24 15 23 30 28 29 18 27 14 22 13 26 
17 13 31 30 32 33 14 37 36 20 35 21 15 18 38 19 16 17 
12 4 1 11 2 6 8 5 3 9 12 13 7 
17 27 17 24 22 19 20 26 14 16 21 19 23 25 21 18 20 13 
16 43 12 48 42 49 14 50 13 16 47 15 44 11 10 45 46 
10 27 21 23 32 25 27 24 26 29 29 
9 26 28 27 51 49 29 48 32 31 
13 13 10 15 40 34 39 11 41 14 12 38 9 36 
12 27 50 31 51 47 29 25 28 33 26 32 52 
8 12 19 49 20 13 46 50 47 
9 16 10 12 13 17 11 9 11 15 
14 38 21 41 40 20 43 27 26 39 23 42 25 44 24 
10 24 22 34 20 23 26 17 31 30 16 
8 41 3 42 5 2 7 47 10 
10 26 30 24 29 10 25 28 31 23 27 
8 36 34 37 39 38 42 35 39 
18 38 37 31 34 23 21 36 26 28 35 20 33 24 27 39 22 25 32 
16 7 39 36 42 12 9 11 38 40 43 4 37 35 8 10 5 
17 28 31 30 8 25 23 11 15 24 26 27 10 14 29 7 13 9 
14 35 37 36 40 45 44 39 41 46 41 42 39 42 38 
18 31 32 33 17 27 25 29 14 10 30 11 26 15 13 12 28 18 16 
14 13 31 32 6 14 8 27 34 30 12 29 33 28 11 
16 31 24 49 47 46 23 25 30 27 45 29 28 50 52 26 51 
8 41 43 49 48 52 50 46 47 
13 9 5 48 8 47 43 7 45 3 10 49 44 50 
12 14 10 13 23 20 22 11 19 15 26 21 25 
16 25 7 1 8 27 2 23 5 4 21 24 3 20 6 26 22 
14 37 19 41 43 38 44 39 21 25 20 40 18 42 17 
8 36 13 16 12 35 34 41 14 
14 43 49 5 45 6 3 4 46 2 48 44 7 50 9 
16 39 43 44 46 38 37 41 48 49 47 36 33 35 34 40 41 
11 1 11 7 13 8 12 15 3 9 2 4 
7 28 18 34 33 31 12 29 
12 31 27 32 29 28 25 31 24 25 26 29 32 
13 12 51 17 15 48 19 52 13 14 18 20 47 16 
12 11 14 20 13 18 16 12 16 14 17 15 18 
14 23 36 24 39 22 28 42 25 29 26 38 21 27 43 
18 32 30 29 35 22 23 26 27 29 30 28 34 24 25 28 31 36 33 
8 43 47 44 46 50 48 45 49 
10 40 23 24 22 43 44 45 29 46 25 
13 50 49 22 47 20 18 16 21 17 14 51 52 45 
10 51 52 47 27 25 49 50 44 48 33 
10 11 30 23 10 26 24 28 29 27 12 
11 41 42 46 39 43 50 51 44 49 52 47 
15 6 2 32 1 31 5 4 30 29 37 34 35 36 3 33 
18 31 36 38 30 35 31 32 35 39 34 37 34 33 33 32 38 37 36 
7 33 2 37 29 35 4 36 
8 40 39 43 36 11 13 10 35 
8 15 30 29 34 35 37 18 20 
14 39 37 32 37 38 30 35 41 31 34 34 33 38 40 
8 21 18 18 15 19 17 16 15 
16 21 37 45 43 38 42 16 41 40 20 19 17 22 23 18 15 
7 22 24 25 9 6 10 14 
12 23 40 19 36 43 38 20 24 25 41 37 39 
15 37 42 5 43 38 39 41 40 36 6 3 4 35 2 1 
12 18 49 52 51 24 47 22 21 26 25 23 20 
10 39 44 37 18 22 38 25 20 26 42 
17 24 21 26 31 33 32 22 34 26 29 28 30 27 20 28 23 27 
10 20 19 24 23 17 20 16 18 18 16 
18 35 28 33 38 34 29 39 36 35 32 30 40 43 31 41 36 42 37 
13 43 48 50 19 16 23 44 18 46 49 45 15 51 
13 46 47 40 39 31 33 29 43 32 45 42 35 41 
8 51 51 49 52 52 48 47 50 
12 37 36 29 32 28 35 27 34 33 30 35 30 
13 32 31 41 36 30 39 38 33 34 33 35 40 37 
18 26 26 25 23 28 24 24 31 28 30 23 29 25 27 27 31 29 30 
17 33 36 16 17 32 31 34 30 23 35 20 18 21 37 15 22 38 
9 39 6 9 8 42 7 10 41 12 
12 5 2 4 1 51 50 6 48 3 52 49 7 
8 45 37 44 34 33 31 26 27 
10 26 30 28 31 27 20 16 29 22 32 
7 27 23 20 13 21 12 24 
9 40 36 16 39 17 41 18 42 43 
9 40 48 45 42 43 46 38 52 50 
15 35 29 32 24 33 23 26 30 25 34 27 27 28 31 30 
12 14 12 36 10 34 8 35 11 13 33 40 41 
7 26 25 15 22 20 27 33 
18 37 20 15 38 19 13 32 17 14 33 31 34 39 36 16 12 18 35 
16 29 33 40 41 38 39 28 31 42 36 30 32 37 35 34 35 
9 2 36 35 37 34 4 6 38 5 
18 44 40 42 43 16 21 22 15 45 39 38 18 23 41 17 37 20 19 
9 41 34 36 38 34 40 37 35 40 
11 28 27 10 33 12 11 13 31 26 14 29 
8 16 20 28 17 27 22 18 22 
17 34 13 10 8 6 35 12 7 32 9 33 11 37 30 29 36 31 
16 41 39 36 39 36 41 38 34 38 43 44 40 37 40 33 42 
8 48 49 50 22 51 44 16 18 
17 44 34 30 52 36 47 50 48 51 35 49 46 32 29 31 45 37 
8 12 27 8 10 25 7 24 11 
12 6 9 8 13 1 5 18 4 3 2 17 7 
17 6 50 8 49 11 52 7 4 10 45 51 5 12 46 44 47 48 
16 17 18 39 34 19 24 37 38 25 40 20 22 36 23 41 21 
12 38 22 17 36 21 43 44 16 42 23 37 24 
11 5 25 9 4 28 8 21 2 3 1 24 
16 3 48 47 44 1 4 6 41 45 5 46 42 40 2 7 43 
14 31 12 18 19 13 37 15 34 17 32 30 16 20 29 
11 5 16 8 12 7 19 18 15 9 10 11 
10 37 34 36 16 38 32 15 31 33 13 
16 36 38 27 24 32 20 35 25 19 26 39 33 23 31 34 37 
17 13 11 44 42 19 12 45 48 46 14 18 15 43 40 16 41 47 
12 9 1 21 4 18 6 16 22 5 2 7 3 
9 22 21 10 23 16 12 17 11 14 
8 17 41 46 19 15 49 44 13 
9 9 50 6 8 48 7 52 51 49 
8 11 12 7 14 10 6 9 8 
14 47 51 45 43 48 52 48 45 44 47 50 50 46 49 
14 33 37 35 43 30 42 32 28 36 29 34 36 39 31 
16 32 33 14 37 10 12 36 30 13 31 35 16 17 15 38 34 
9 11 9 10 7 12 6 10 13 8 
7 14 33 37 13 9 12 34 
7 4 38 5 3 1 44 45 
9 29 28 24 26 21 25 23 27 22 
7 12 49 15 52 14 13 10 
15 43 45 36 43 44 40 42 38 39 37 42 41 41 38 40 
12 10 7 8 52 12 9 51 50 11 6 13 49 
15 50 43 47 42 40 45 46 49 48 41 46 44 43 47 45 
15 26 44 45 18 22 23 42 39 25 20 46 40 24 47 19 
13 9 37 10 11 12 6 13 31 36 35 39 5 38 
13 14 40 10 12 15 17 18 37 35 39 36 11 42 
13 8 22 4 21 2 1 5 7 6 29 27 25 26 
15 47 41 46 42 8 3 5 45 40 4 6 44 7 43 11 
15 36 24 25 28 41 39 23 26 35 40 27 30 22 37 42 
13 42 44 36 40 38 41 41 37 45 43 47 39 46 
9 44 29 42 28 25 45 43 48 24 
10 41 37 23 36 34 38 42 35 22 24 
10 10 11 5 14 3 9 2 13 1 12 
16 23 38 22 35 30 41 24 37 39 27 34 36 28 25 29 26 
15 26 41 36 29 33 34 37 42 28 39 44 31 27 43 40 
7 10 44 43 38 39 12 42 
10 10 49 8 15 16 46 47 48 51 11 
11 39 51 35 33 40 36 52 34 41 37 50 
9 9 8 6 14 26 23 25 29 13 
8 13 40 34 17 35 11 38 16 
7 29 24 23 26 22 27 30 
8 40 43 40 44 44 38 42 42 
12 20 22 16 26 24 21 21 22 20 18 23 19 
8 12 31 32 29 35 33 10 28 
11 43 47 46 43 50 49 47 49 42 48 50 
7 26 30 51 49 28 47 48 
12 2 11 16 4 1 3 19 5 17 15 13 14 
13 18 15 11 6 14 5 7 19 13 13 9 10 12 
15 48 41 34 39 37 32 35 43 44 36 45 38 47 33 40 
13 18 16 2 5 10 4 3 13 15 11 17 12 1 
17 42 43 40 46 39 41 36 37 44 40 41 39 43 44 38 38 45 
16 38 32 39 35 37 40 33 36 37 33 38 31 34 36 32 39 
10 12 41 44 46 40 15 43 16 42 47 
12 22 21 44 28 48 24 26 42 45 49 25 20 
9 14 24 25 15 21 26 18 20 13 
11 52 39 45 41 40 47 46 45 50 38 43 
13 27 24 30 28 29 22 26 25 27 29 23 30 26 
17 50 47 48 43 31 45 49 44 34 33 28 35 30 27 46 29 51 
7 41 16 43 45 17 18 24 
17 20 18 15 32 37 17 38 16 34 39 14 21 19 35 40 36 22 
8 49 21 45 51 47 27 24 20 
14 10 32 36 17 37 15 31 35 16 11 33 13 14 38 
11 11 13 47 52 49 48 50 16 18 14 17 
12 11 34 36 14 39 33 37 38 32 10 31 35 
12 26 25 30 29 30 35 31 24 27 28 31 23 
14 10 25 17 16 28 30 24 13 18 31 26 27 15 11 
15 17 36 19 35 38 43 20 41 23 40 24 21 39 22 25 
11 15 14 12 11 8 10 5 11 13 6 7 
12 43 18 40 23 41 21 42 17 35 38 39 20 
8 20 6 1 23 18 2 5 3 
14 2 3 33 27 5 26 32 29 28 30 25 4 31 6 
7 31 20 36 22 35 30 34 
18 17 23 22 21 24 21 22 23 19 20 18 25 26 24 19 16 20 18 
13 47 50 33 48 26 32 27 34 29 51 52 46 31 
16 27 35 28 25 22 26 21 31 36 24 34 32 23 28 29 33 
14 15 20 14 5 2 18 4 13 6 17 16 21 3 19 
10 41 23 27 38 35 22 36 20 19 39 
8 50 48 35 37 34 51 36 49 
16 49 52 51 22 44 50 48 46 21 23 47 24 26 27 19 20 
8 36 33 39 33 30 31 35 34 
14 46 50 42 45 40 45 46 44 41 49 47 44 43 48 
14 14 9 38 44 7 39 46 15 10 8 13 12 41 45 
15 50 29 48 43 49 46 44 30 33 32 34 42 28 36 45 
17 38 39 36 42 43 40 45 43 37 37 40 39 35 41 42 38 41 
9 42 5 39 44 2 43 38 1 3 
11 24 35 21 42 37 20 23 43 18 22 40 
17 22 20 19 21 25 21 18 24 23 26 27 24 29 23 22 25 28 
11 52 51 48 52 49 49 51 50 47 48 46 
12 40 31 30 34 32 41 33 38 35 44 39 37 
17 26 44 29 48 32 46 27 43 49 47 45 31 24 25 42 30 41 
10 22 24 27 26 28 29 29 35 21 30 
7 39 25 27 30 23 31 31 
16 36 1 34 38 31 33 6 32 5 37 30 2 7 8 4 3 
8 14 11 10 13 49 47 46 44 
9 15 35 36 31 29 34 22 17 16 
17 15 22 19 18 21 22 24 23 18 17 25 20 16 20 26 19 21 
9 19 18 27 25 19 24 22 20 21 
8 16 18 16 12 11 13 19 24 
17 11 18 10 16 24 26 23 22 25 12 15 13 29 27 17 14 28 
8 21 29 22 14 23 24 11 13 
10 34 27 22 31 20 21 26 28 32 30 
11 7 49 12 9 52 14 10 13 8 15 51 
15 9 12 43 41 42 45 39 5 46 6 8 10 7 40 38 
12 7 8 6 3 35 4 1 36 31 37 9 5 
11 37 21 19 22 31 39 20 24 33 38 35 
12 48 14 13 46 43 45 12 11 16 49 15 50 
14 33 35 34 13 10 40 11 37 41 38 12 14 39 36 
16 10 15 14 18 19 16 18 17 14 15 12 11 20 13 13 21 
15 32 29 12 33 8 37 13 6 7 10 9 35 31 30 34 
7 51 43 48 40 42 44 50 
10 13 9 15 7 41 8 45 10 47 43 
16 18 13 28 31 32 17 29 33 26 25 16 30 12 14 19 27 
15 32 30 33 25 26 28 24 23 31 35 21 34 29 27 27 
11 46 50 20 18 15 49 17 51 48 13 14 
8 18 14 19 17 16 12 15 20 
8 6 5 25 30 24 26 23 2 
10 31 11 6 33 7 12 29 34 30 32 
12 46 24 26 27 52 20 50 23 49 47 25 51 
11 24 29 26 32 28 27 31 30 10 12 11 
12 19 18 10 17 17 9 22 14 20 12 16 13 
13 42 41 49 46 48 43 44 38 50 40 45 46 39 
11 16 50 45 48 46 51 44 17 13 15 43 
9 15 18 28 23 13 22 14 21 27 
7 35 7 4 3 36 30 37 
8 11 32 15 39 36 33 17 12 
7 5 7 6 3 4 8 1 
17 12 11 14 13 23 25 7 15 18 10 21 20 26 9 24 19 22 
17 16 16 18 13 17 20 14 12 15 11 14 19 15 21 22 18 17 
13 16 23 21 12 17 9 5 10 18 7 11 24 6 
10 48 28 30 45 31 26 33 27 49 34 
7 43 40 46 47 45 41 44 
7 13 49 19 48 51 12 16 
9 52 48 47 8 9 7 3 49 6 
18 34 5 10 9 6 33 32 3 4 35 28 31 27 29 8 30 2 7 
13 35 31 35 31 28 33 29 34 29 33 30 34 30 
9 29 28 27 24 26 33 26 23 27 
18 9 22 2 8 23 7 26 3 27 29 25 5 21 28 24 6 10 4 
15 21 18 24 15 16 21 17 19 22 19 25 13 20 14 17 
15 18 22 24 10 14 25 13 6 26 20 19 8 7 23 9 
15 20 47 22 52 24 50 49 17 18 23 25 21 51 19 48 
10 32 35 30 19 16 11 14 12 15 36 
8 18 33 30 22 36 19 31 29 
12 21 15 16 19 13 20 23 18 18 17 25 19 
10 21 13 19 10 20 14 15 9 17 18 
16 37 37 36 34 38 41 33 39 40 39 34 32 42 35 40 36 
16 27 21 29 51 23 46 26 28 48 50 49 52 47 22 45 24 
18 18 16 45 44 40 19 38 39 13 15 43 17 20 37 14 41 42 21 
11 23 17 20 16 19 10 11 22 18 24 21 
10 32 28 17 18 35 21 34 33 20 15 
17 14 15 8 9 16 22 15 11 21 10 13 16 14 18 12 17 19 
8 48 46 41 43 45 43 40 44 
8 15 16 48 14 50 19 51 17 
10 38 40 42 44 11 45 10 12 41 39 
17 36 35 34 32 7 31 37 6 1 3 4 33 38 2 8 5 30 
12 12 46 50 51 13 9 10 15 49 16 48 11 
8 46 42 41 44 43 49 42 44 
12 28 36 23 39 22 42 30 26 24 38 41 25 
11 33 30 11 16 14 12 36 31 13 18 32 
12 32 29 50 30 49 31 48 51 33 28 27 34 
14 46 48 52 52 49 51 47 48 51 45 49 46 50 50 
11 23 20 27 11 16 15 26 10 17 24 14 
9 12 52 47 48 45 46 11 50 51 
8 27 32 24 26 31 30 23 29 
9 16 14 19 18 17 15 18 10 12 
15 29 14 27 31 9 15 28 12 26 13 23 11 25 24 17 
11 31 18 32 20 23 36 22 21 16 34 19 
15 10 38 14 12 16 31 33 34 36 32 37 30 11 15 35 
12 22 29 22 28 15 25 17 21 19 23 26 24 
18 42 47 11 41 15 44 18 43 45 46 40 19 14 17 12 16 13 39 
7 29 46 48 44 28 22 41 
12 9 42 10 34 4 36 8 5 7 39 40 6 
18 33 27 34 30 37 30 31 32 36 32 35 38 26 31 28 29 33 34 
15 2 50 7 9 51 5 3 10 48 49 4 8 46 6 47 
16 39 40 36 49 51 47 48 46 44 38 37 50 35 34 32 43 
11 51 27 23 20 21 49 28 25 22 26 50 
8 37 34 10 11 30 35 12 31 
9 43 42 46 8 14 6 44 41 11 
10 30 32 28 14 33 13 34 15 26 16 
14 44 52 51 47 38 45 41 46 43 50 39 42 49 48 
16 24 23 35 31 21 34 37 18 25 26 22 33 19 20 36 30 
8 39 41 37 35 36 41 42 39 
16 17 31 12 32 33 34 37 11 35 13 15 10 16 38 14 39 
13 21 19 43 46 22 42 40 41 24 20 18 39 38 
14 49 26 52 25 24 20 19 21 48 45 47 27 46 22 
10 4 21 19 8 22 6 2 14 1 5 
13 32 29 48 26 50 30 51 52 33 25 28 31 27 
15 44 47 43 15 11 46 10 45 49 13 48 42 41 12 14 
15 26 31 29 40 32 33 41 27 34 30 36 37 33 38 34 
16 26 38 35 34 33 27 32 30 36 29 31 34 32 37 30 31 
7 41 11 10 33 37 35 12 
9 52 47 11 12 50 10 48 46 8 
13 45 2 1 41 8 42 40 44 43 5 46 3 4 
18 36 27 37 22 26 34 23 35 33 32 24 31 30 20 29 28 21 25 
7 8 47 43 41 10 46 4 
10 14 17 15 41 22 37 19 36 18 39 
13 41 40 13 43 39 10 11 44 45 12 14 42 47 
7 31 36 33 27 37 32 40 
9 35 30 37 34 36 38 33 32 31 
7 51 29 31 50 47 28 26 
15 31 32 27 32 30 26 24 28 29 28 26 27 31 25 29 
15 51 41 46 42 49 47 47 48 49 50 45 48 52 43 45 
7 39 43 44 12 41 10 13 
14 32 35 37 40 36 33 35 34 38 29 30 37 33 36 
15 40 39 20 21 41 19 22 23 43 15 42 47 46 44 45 
18 46 42 47 32 43 40 31 27 48 30 29 44 45 41 33 28 34 26 
7 19 22 17 2 4 20 21 
10 22 21 19 23 18 49 20 52 48 50 
8 34 32 41 35 35 30 36 37 
14 25 5 24 3 1 8 18 17 22 20 6 23 4 7 
13 45 38 48 46 52 40 49 47 50 44 51 41 39 
14 40 39 47 34 48 36 35 37 46 49 51 50 41 38 
10 37 33 13 9 11 35 36 38 8 14 
10 42 46 48 45 41 42 41 47 45 40 
13 37 3 38 5 33 32 8 7 39 35 34 4 6 
15 30 42 43 32 37 41 38 35 31 44 36 39 38 34 40 
8 37 33 38 38 35 34 39 37 
8 50 52 46 47 45 51 48 49 
11 18 15 17 16 14 13 12 15 11 13 19 
7 16 17 36 23 18 35 21 
14 15 39 44 18 12 11 40 42 45 19 43 46 47 41 
13 47 52 27 24 51 46 21 26 49 45 20 44 50 
10 30 33 34 34 37 33 36 27 28 38 
8 50 44 47 23 18 43 24 26 
9 39 35 34 38 41 42 30 37 33 
11 14 49 17 16 15 44 21 42 20 46 45 
11 43 47 19 21 50 44 45 17 16 48 46 
16 29 21 23 24 31 25 20 27 25 22 33 30 32 26 18 19 
14 18 50 47 19 51 25 21 48 22 43 23 49 24 17 
8 37 29 33 34 36 37 31 40 
18 13 15 19 13 20 16 14 21 12 17 18 19 17 16 20 14 18 15 
14 28 27 24 30 32 29 50 51 49 52 25 48 31 26 
15 43 38 38 42 40 37 44 35 31 39 36 39 34 45 46 
8 22 36 20 21 39 14 41 38 
10 6 16 9 13 11 17 15 19 14 14 
15 38 42 32 46 31 35 43 45 33 48 47 39 34 49 37 
11 40 10 12 43 46 45 41 16 44 42 11 
15 12 14 48 47 50 16 43 13 18 51 19 17 44 46 45 
11 26 10 27 25 28 30 16 17 12 11 14 
8 29 34 31 32 23 24 26 27 
9 26 30 14 16 15 17 24 10 29 
13 25 27 29 26 26 30 28 31 21 29 24 28 32 
7 51 49 23 24 26 25 48 
9 25 27 46 49 28 51 24 50 52 
17 19 21 23 18 15 20 16 24 18 16 21 22 23 17 20 19 17 
14 49 44 43 42 42 41 41 48 45 46 44 46 48 47 
9 36 31 39 33 36 38 29 34 34 
10 48 46 17 18 51 14 45 50 44 52 
11 19 12 22 18 20 13 17 23 10 15 11 
13 11 36 13 10 43 39 14 41 40 35 12 42 37 
18 6 20 12 9 11 22 10 21 7 16 23 8 17 24 4 19 5 18 
12 10 6 4 10 5 7 15 14 11 13 11 16 
15 47 27 26 29 44 48 31 25 30 43 32 49 50 46 24 
7 26 20 24 20 16 19 21 
16 24 31 22 26 27 25 32 28 21 19 20 30 27 29 23 33 
12 10 12 37 11 14 34 36 38 32 35 33 15 
12 15 27 30 33 29 12 28 10 14 9 17 16 
10 44 43 46 50 12 10 8 45 49 13 
15 49 45 47 46 39 48 44 50 47 43 41 40 45 52 51 
11 23 22 19 20 51 49 50 47 16 43 24 
16 22 20 22 26 18 27 20 25 16 24 19 17 23 19 21 21 
15 47 40 18 41 16 43 48 45 17 21 46 20 15 42 19 
11 21 20 15 19 16 22 17 22 17 20 16 
18 12 8 10 5 43 44 45 46 13 41 48 9 7 49 11 42 47 6 
18 22 8 27 5 23 24 19 11 7 12 6 20 10 9 25 26 13 21 
14 45 49 50 48 49 44 46 47 45 48 47 46 41 52 
11 34 32 35 39 11 37 12 38 31 36 10 
16 47 43 21 18 45 46 44 16 19 48 17 14 41 20 40 42 
11 50 46 18 14 15 17 16 52 51 49 47 
18 47 44 51 33 38 48 49 37 36 32 43 31 34 30 46 35 45 50 
14 14 15 13 6 10 14 12 11 7 10 11 13 12 8 
15 38 39 38 36 42 34 39 35 40 40 41 37 35 32 36 
10 12 3 19 2 13 17 5 20 15 4 
13 5 46 51 45 2 49 47 1 44 48 3 7 52 
17 33 29 27 28 32 31 22 19 23 24 20 25 21 30 26 25 18 
12 16 23 35 18 39 21 36 19 31 20 38 33 
9 10 12 23 17 24 11 19 22 21 
7 31 32 38 37 36 34 33 
7 45 31 47 32 44 40 46 
8 29 31 42 30 32 40 33 39 
8 47 13 43 49 18 51 44 11 
10 39 40 3 1 41 45 44 7 4 37 
18 34 20 37 14 16 19 33 15 13 17 40 35 36 21 38 39 32 18 
7 37 45 44 39 41 42 38 
13 46 42 43 45 39 51 43 44 45 48 49 47 50 
7 13 11 15 12 38 35 42 
16 18 19 40 23 39 36 34 41 33 35 26 22 20 21 38 24 
14 45 52 51 47 33 48 37 40 38 50 41 36 35 39 
15 14 18 13 20 15 16 17 19 17 14 20 16 18 15 21 
8 43 21 39 26 42 35 38 24 
15 32 35 35 29 29 30 32 34 30 37 31 36 33 28 31 
12 20 12 47 43 42 48 19 44 13 46 45 14 
8 37 32 39 30 31 44 43 42 
13 38 28 40 43 23 27 42 36 30 24 41 25 26 
12 30 27 42 26 23 43 40 22 25 44 46 24 
16 38 37 16 13 39 19 12 18 34 35 42 15 36 41 14 17 
9 13 18 16 12 52 49 45 17 15 
16 28 41 43 25 24 26 42 45 47 48 30 32 29 44 31 27 
13 10 7 32 12 14 25 31 33 11 27 9 15 29 
11 27 50 31 52 47 46 44 32 29 25 51 
14 32 5 1 35 4 34 29 31 30 6 36 2 37 8 
15 13 5 2 10 3 1 6 14 15 8 7 12 11 9 4 
15 2 42 38 39 7 3 4 35 37 36 34 6 41 8 9 
11 24 22 23 31 25 32 24 30 29 27 28 
14 20 20 28 18 24 27 23 21 24 26 25 22 22 25 
17 22 30 28 26 32 24 36 34 23 28 33 30 29 29 35 25 31 
8 10 15 13 14 11 8 16 9 
14 47 44 18 48 43 11 10 12 42 14 40 45 46 41 
13 34 36 38 16 21 33 22 24 41 40 17 35 39 
18 36 6 7 8 32 38 33 13 9 12 11 34 37 31 10 14 30 35 
18 11 17 14 7 18 11 13 10 15 5 12 12 6 19 8 16 4 9 
9 45 46 49 44 50 52 48 51 47 
7 29 30 34 28 31 35 33 
11 18 24 46 39 17 23 38 21 40 22 45 
8 44 36 36 38 40 41 37 41 
8 51 17 15 10 12 16 50 47 
7 46 48 23 24 45 25 21 
11 13 10 39 42 14 45 47 44 46 40 41 
14 43 32 29 31 35 27 30 36 41 37 24 42 38 39 
18 43 36 40 23 41 37 42 25 20 27 35 38 28 22 24 39 21 26 
12 19 20 40 43 45 17 44 39 15 46 22 23 
18 43 34 39 35 36 39 38 32 40 37 41 42 38 35 36 37 33 40 
8 39 13 12 10 37 36 35 33 
8 27 12 24 25 23 21 11 10 
17 37 40 30 34 39 31 35 36 38 33 34 29 41 32 37 36 35 
9 18 22 23 19 3 26 1 2 25 
15 28 34 45 30 33 32 35 47 49 29 46 42 48 41 27 
16 19 51 22 45 48 25 20 52 21 50 23 46 18 17 24 49 
8 52 21 18 49 51 24 26 23 
18 26 47 45 25 40 39 27 24 43 32 44 29 46 30 42 28 41 31 
7 10 9 12 7 6 11 13 
16 16 34 39 35 36 37 19 38 14 17 18 13 32 33 40 11 
10 14 12 40 35 13 34 37 10 39 16 
10 17 10 44 15 40 45 37 42 39 11 
17 18 15 18 23 17 19 16 23 20 17 22 20 24 21 22 19 21 
10 6 42 8 39 44 45 7 9 10 37 
9 7 1 47 50 6 51 43 9 4 
16 31 27 25 22 30 24 27 23 25 29 29 21 28 32 28 24 
15 25 24 28 31 26 30 27 38 35 32 33 37 36 29 34 
14 43 46 48 51 44 50 40 49 42 43 48 47 46 47 
16 30 36 31 35 25 32 30 29 37 26 27 32 28 24 34 29 
10 38 13 37 8 35 10 14 39 34 6 
10 15 14 33 16 12 35 38 31 10 13 
12 41 29 47 42 43 45 46 35 34 30 40 32 
15 16 26 28 24 13 21 25 11 27 9 10 15 8 14 23 
13 43 26 47 30 29 50 28 33 48 27 32 46 49 
14 22 40 17 16 38 37 18 14 20 35 36 43 19 15 
7 20 19 29 24 18 27 26 
10 24 25 27 26 22 28 21 13 20 10 
12 23 22 6 21 11 8 16 17 10 15 20 18 
16 14 23 18 27 24 25 26 13 19 15 21 12 22 11 17 16 
17 30 28 51 45 50 27 26 49 52 46 31 34 29 32 33 47 48 
8 46 18 42 44 47 25 23 26 
14 23 43 36 22 24 38 44 21 25 42 20 41 27 26 
9 4 33 9 6 8 29 10 25 26 
14 10 12 42 9 37 13 8 38 14 39 11 16 15 43 
8 17 42 13 20 40 16 43 19 
7 26 24 25 43 28 23 36 
16 39 20 17 19 32 35 34 21 23 18 25 38 31 37 22 24 
14 39 40 41 38 41 39 40 37 37 43 45 44 42 38 
9 40 42 45 43 44 46 41 39 38 
8 45 42 47 39 46 41 43 44 
10 17 15 19 21 14 11 18 16 13 14 
14 26 22 24 27 28 27 22 25 23 29 26 25 30 20 
17 35 37 33 30 36 40 34 34 36 33 32 39 38 35 29 41 31 
9 31 33 30 26 29 6 5 32 3 
8 50 38 40 52 43 41 49 51 
13 40 48 41 46 43 44 35 47 49 37 45 39 42 
15 34 30 26 28 31 31 27 34 30 27 28 29 32 35 33 
9 47 45 48 50 42 52 47 43 51 
12 49 28 46 21 45 22 47 48 23 41 25 24 
15 29 37 38 36 40 41 44 39 42 34 35 32 43 33 37 
10 26 30 23 12 24 14 25 31 13 29 
9 47 49 51 45 39 47 42 45 52 
7 21 6 1 18 5 20 23 
16 39 29 32 27 35 28 37 35 36 30 42 40 41 34 43 31 
18 36 29 31 14 9 7 32 30 33 12 10 8 6 28 11 34 35 13 
13 38 36 36 33 37 35 39 42 32 37 44 40 41 
14 33 32 30 31 29 31 27 36 35 37 26 38 28 39 
15 44 33 32 43 49 31 36 35 48 47 34 29 42 46 45 
14 43 18 38 41 16 14 44 12 40 15 37 39 36 13 
13 47 10 9 17 14 15 11 13 50 12 49 51 16 
7 2 50 46 44 43 4 5 
15 17 18 16 20 20 15 13 19 15 22 14 21 19 14 17 
12 40 38 13 17 16 34 20 37 21 15 18 32 
8 21 28 9 29 25 10 24 27 
16 46 45 43 48 40 39 45 49 43 50 38 46 41 44 44 51 
7 40 51 37 41 49 34 33 
8 21 25 17 9 14 18 20 13 
18 22 18 46 43 44 40 23 21 48 20 42 19 41 47 16 15 45 17 
10 11 43 46 47 45 9 41 16 17 13 
17 51 14 46 8 50 13 11 49 7 10 52 48 9 45 47 12 15 
13 37 47 46 44 40 43 43 44 49 38 45 50 45 
14 14 13 11 15 30 7 25 27 8 28 10 26 29 12 
11 47 46 44 41 52 47 51 45 50 49 48 
9 10 6 4 3 5 11 8 9 7 
8 42 44 49 47 52 50 43 46 
14 18 45 40 15 21 23 41 19 16 43 44 47 48 46 
14 4 1 5 6 2 37 3 36 33 38 30 32 34 35 
15 30 24 28 23 50 46 27 48 49 52 29 51 22 26 25 
10 41 43 36 40 38 17 16 18 22 37 
9 2 13 8 3 11 10 1 7 9 
12 29 45 44 43 41 32 40 35 46 37 36 31 
9 30 28 27 30 36 29 25 32 33 
11 49 9 51 14 50 11 12 47 10 16 15 
12 52 50 51 29 25 31 24 49 28 48 30 26 
11 44 6 4 43 8 36 41 37 3 1 42 
8 46 44 39 38 41 40 45 43 
9 13 48 12 50 11 8 46 52 9 
8 13 11 8 9 21 18 12 14 
11 47 37 38 51 40 39 41 46 50 42 48 
7 36 38 47 42 49 46 40 
18 31 28 44 42 30 49 45 29 46 32 47 43 41 35 34 36 33 48 
8 24 37 40 20 19 23 22 18 
8 50 51 15 14 52 8 11 12 
12 47 49 50 46 52 48 50 47 51 51 49 44 
10 21 26 23 22 25 24 20 11 19 10 
15 41 42 49 40 39 45 42 43 44 41 46 43 44 47 46 
13 7 16 5 17 8 19 23 12 18 10 21 6 13 
8 14 13 14 11 10 11 19 17 
7 25 15 16 27 30 17 20 
15 13 2 14 19 17 6 21 1 20 5 15 18 16 4 3 
11 45 23 20 43 51 46 48 17 44 50 49 
10 18 16 49 23 20 21 17 24 51 52 
13 13 31 17 14 28 26 23 16 11 29 27 19 12 
18 15 18 19 13 23 19 16 21 22 15 11 14 18 12 17 20 16 17 
12 6 34 29 30 2 4 36 37 5 32 3 1 
8 33 44 27 47 48 41 46 45 
15 33 44 43 49 32 31 34 46 48 45 42 35 47 50 28 
7 28 34 37 25 33 36 32 
18 28 26 25 20 47 46 21 41 23 22 27 43 48 40 44 45 24 42 
14 52 14 51 18 50 10 17 15 47 49 16 13 12 11 
10 37 22 24 21 30 23 36 34 26 20 
7 11 12 33 34 28 10 30 
7 15 14 16 17 13 20 16 
10 37 35 23 34 38 40 42 17 18 25 
17 31 26 21 24 27 22 28 20 30 38 23 36 33 37 25 32 35 
13 7 11 22 6 9 10 8 18 12 19 20 25 17 
7 19 22 23 35 21 34 37 
13 32 50 44 48 49 45 34 43 39 38 37 40 35 
13 29 33 36 36 32 30 35 34 35 32 30 29 37 
7 9 12 16 11 14 11 12 
10 24 11 18 20 19 17 22 10 23 25 
15 12 32 13 39 7 37 34 11 33 10 31 8 35 15 9 
7 25 35 34 40 37 38 20 
13 32 12 34 10 11 31 36 29 35 30 13 37 33 
12 18 7 13 20 4 14 2 19 17 21 15 3 
17 41 44 45 7 38 39 2 40 6 42 4 3 1 43 8 5 37 
12 5 9 24 23 2 6 21 27 20 8 25 26 
7 17 16 13 45 49 14 12 
17 29 47 41 34 45 46 33 32 42 30 43 40 35 48 36 31 44 
8 20 17 21 24 23 16 19 22 
17 9 37 7 4 41 10 39 35 11 5 43 42 8 40 38 3 36 
18 31 30 43 35 38 36 32 44 34 41 38 39 37 33 36 42 37 40 
18 17 12 22 16 18 19 14 13 25 11 24 23 28 20 27 21 26 15 
13 13 32 30 16 14 26 33 17 19 29 28 11 18 
14 24 25 29 38 22 37 28 32 26 33 36 21 39 23 
12 2 5 4 7 13 9 10 6 3 14 11 10 
7 30 48 31 37 47 38 51 
14 25 48 45 46 27 49 43 51 26 44 24 47 23 28 
16 2 15 23 6 18 10 9 7 19 17 4 3 20 21 16 8 
7 39 11 35 37 12 14 38 
12 25 29 28 29 22 35 21 30 26 24 34 36 
8 39 48 34 36 38 46 44 49 
18 38 39 37 34 40 37 33 41 31 38 30 44 43 35 36 32 36 42 
14 28 29 27 22 35 38 26 23 32 37 34 30 30 33 
7 33 13 35 11 40 32 39 
9 46 51 44 50 52 47 10 48 49 
17 26 48 22 20 51 47 19 23 18 49 25 21 46 24 50 52 45 
14 43 5 40 4 41 3 2 38 36 6 1 39 44 42 
16 50 52 49 4 8 7 51 6 2 1 46 45 3 5 47 48 
12 19 15 18 18 15 16 21 14 17 11 12 14 
15 34 38 46 45 39 43 33 41 40 36 37 47 48 50 44 
11 44 41 48 47 13 46 43 12 14 40 11 
11 5 7 3 19 14 9 11 18 13 6 10 
15 44 40 43 38 46 24 41 39 21 42 17 23 25 22 45 
14 47 49 50 33 28 52 29 30 51 34 31 46 27 48 
12 24 35 29 31 37 34 33 32 27 36 30 22 
16 40 31 37 28 36 33 35 38 35 39 29 32 32 30 36 34 
13 50 43 31 27 32 44 42 35 49 28 30 45 46 
8 22 27 48 23 42 46 49 45 
7 34 35 19 17 15 12 18 
9 13 18 20 14 16 17 12 19 15 
14 14 19 18 20 20 15 17 16 17 19 18 16 14 21 
9 28 27 30 37 32 38 40 31 39 
9 34 16 27 19 20 33 35 30 31 
10 38 41 44 45 47 36 35 46 37 43 
16 51 46 31 37 30 35 33 36 32 45 34 49 50 29 52 48 
9 26 15 17 16 13 23 11 25 28 
8 29 36 27 41 40 39 43 37 
7 16 11 5 6 13 15 9 
8 26 20 25 43 45 44 19 22 
7 39 33 36 35 34 38 41 
17 39 35 33 34 40 38 26 31 34 29 32 30 27 33 36 37 28 
14 43 37 36 38 43 45 46 44 42 40 39 50 42 41 
7 46 45 51 42 38 47 48 
15 14 13 16 19 20 15 15 17 12 18 10 21 11 22 14 
15 18 10 7 8 11 14 13 12 6 16 19 9 13 17 14 
13 52 37 39 46 50 40 36 49 35 48 34 38 41 
12 39 51 46 35 52 38 49 45 47 42 36 37 
13 23 1 4 6 25 7 24 21 8 3 28 2 5 
11 25 27 29 5 24 7 30 22 3 6 26 
8 25 30 15 17 14 13 33 32 
9 37 33 40 34 36 18 19 20 25 
7 19 26 23 21 22 49 51 
13 38 39 44 41 41 37 43 39 43 42 42 35 36 
12 35 50 45 32 28 49 51 31 33 30 48 44 
10 15 3 5 21 14 1 18 17 13 2 
12 49 52 36 35 31 37 33 50 47 30 38 48 
16 29 41 27 34 28 32 33 49 43 42 47 48 26 31 44 46 
8 25 30 29 33 26 50 49 52 
11 43 36 29 40 36 38 35 35 33 32 42 
8 18 38 33 20 17 39 16 15 
17 7 10 22 13 9 23 20 27 25 26 11 21 8 24 5 19 6 
18 14 11 9 8 16 2 12 18 6 4 10 17 15 7 19 3 5 13 
18 26 22 22 23 18 17 16 23 27 19 28 20 25 15 21 29 24 21 
11 41 40 43 8 44 6 42 9 39 12 38 
10 19 23 22 17 16 20 17 24 14 12 
12 21 20 16 14 22 19 2 3 18 1 7 5 
8 37 9 38 11 39 41 42 5 
7 4 2 9 5 7 8 10 
7 48 50 22 19 47 20 16 
12 15 14 17 13 18 19 13 14 16 9 17 15 
7 30 3 8 32 4 37 2 
7 46 47 44 51 45 49 48 
8 4 18 20 6 24 3 5 2 
8 12 16 17 14 15 18 10 11 
15 21 18 24 23 11 16 19 12 26 17 25 13 22 18 19 
13 24 13 9 16 26 17 22 20 12 23 25 15 11 
11 41 50 36 42 48 39 38 52 51 49 43 
13 17 30 33 32 29 15 10 12 28 16 11 18 14 
14 36 37 22 24 25 23 38 33 21 34 35 32 26 18 
9 37 46 39 29 44 34 42 45 43 
16 31 32 12 28 7 9 29 8 34 13 30 14 35 36 11 6 
13 21 40 14 18 16 35 13 38 39 34 19 36 41 
7 14 12 38 10 41 37 36 
9 10 18 14 17 25 16 19 12 22 
13 42 46 43 38 40 49 46 50 48 45 51 41 44 
17 24 5 7 19 20 8 26 22 6 4 27 1 2 21 23 25 3 
9 41 42 37 39 36 44 38 43 40 
13 28 26 21 25 25 27 24 29 28 26 21 27 24 
8 9 40 35 41 37 36 38 6 
16 29 30 35 23 25 28 29 36 34 24 28 32 27 31 30 31 
10 23 22 28 15 14 16 26 19 24 20 
16 16 37 36 19 12 31 32 18 13 34 38 14 15 17 33 11 
11 15 11 13 12 11 10 6 9 14 13 14 
18 42 44 6 5 7 9 10 47 46 8 48 43 50 12 45 49 13 11 
14 37 21 22 24 36 20 31 34 29 33 32 30 35 17 
7 11 12 18 17 13 15 14 
16 27 29 23 28 31 25 17 19 20 30 15 22 33 18 16 32 
9 14 16 17 46 20 47 18 50 13 
15 6 13 16 14 10 4 5 11 15 18 9 10 17 12 11 
11 1 37 38 7 39 8 41 6 5 40 43 
9 19 22 38 37 23 45 41 44 26 
7 9 4 23 8 20 21 24 
13 46 44 41 48 45 40 39 46 45 43 44 42 47 
7 44 45 39 41 48 45 47 
10 35 17 37 40 11 42 38 14 13 36 
10 23 25 27 24 26 45 21 50 22 44 
14 3 10 45 40 5 44 7 2 37 9 41 38 39 42 
8 46 49 48 43 48 50 49 51 
14 45 44 47 48 49 41 46 45 42 43 42 46 43 40 
8 22 24 32 37 19 25 40 34 
16 41 42 24 19 38 22 20 17 40 21 36 23 25 39 34 18 
16 42 42 36 47 37 40 50 49 41 46 48 44 35 43 45 39 
13 36 21 35 40 38 18 23 43 17 22 19 16 42 
8 13 16 42 38 14 35 11 36 
9 17 16 20 16 23 19 18 17 13 
8 14 12 17 15 13 11 16 9 
10 47 43 48 42 50 51 46 49 49 48 
15 44 14 40 41 16 42 38 13 12 43 11 8 10 37 36 
11 21 19 16 21 20 22 22 24 27 17 18 
10 14 15 20 23 19 18 20 17 17 15 
13 43 33 36 39 41 30 42 45 35 31 46 44 40 
12 52 51 15 46 17 47 21 19 16 18 50 20 
13 35 29 30 35 36 32 34 29 33 34 33 32 31 
10 13 18 13 8 14 11 12 10 9 5 
7 48 17 23 21 19 51 52 
11 30 29 25 27 25 26 28 33 22 24 27 
11 28 26 23 30 32 19 25 20 18 24 22 
10 18 25 42 43 38 22 24 17 21 41 
12 41 47 34 40 52 51 46 44 50 38 42 37 
10 14 19 37 31 18 12 15 30 35 17 
15 52 51 50 21 18 17 49 20 23 47 22 16 48 19 24 
8 32 37 34 32 27 29 38 34 
8 33 31 29 32 16 18 13 30 
18 32 29 35 31 28 27 34 23 26 25 27 30 33 31 24 29 28 30 
8 32 27 12 14 11 31 26 28 
18 31 26 41 30 40 27 44 32 46 48 25 47 28 42 45 33 29 43 
9 10 11 13 16 10 12 9 15 17 
8 4 51 49 48 50 2 47 6 
12 9 11 50 8 49 10 47 48 13 7 46 52 
12 8 16 19 7 1 5 6 24 2 20 17 23 
7 35 43 29 27 31 34 33 
10 33 30 34 50 27 32 35 48 46 28 
12 12 11 35 32 28 33 17 14 15 19 30 34 
9 14 28 18 27 26 11 15 24 31 
11 39 43 36 48 38 40 42 41 44 37 43 
8 11 8 12 21 9 22 6 26 
14 17 31 10 29 30 16 15 32 13 12 35 14 11 33 
14 40 39 3 45 9 6 8 44 7 37 43 41 4 38 
14 32 28 30 31 27 31 28 27 30 29 29 26 25 23 
7 27 24 30 32 33 28 22 
10 14 38 40 13 16 36 42 12 39 18 
18 34 38 36 40 32 33 37 34 41 36 35 37 40 39 38 33 35 39 
8 19 5 8 11 7 9 17 12 
9 49 35 52 32 38 46 37 51 30 
13 23 26 14 19 13 22 17 24 25 15 20 21 18 
15 44 40 38 16 23 22 17 20 43 42 21 41 19 18 45 
7 33 47 44 26 28 51 31 
10 41 45 3 1 42 7 4 37 40 44 
16 6 9 14 10 14 20 16 7 17 13 15 12 12 13 11 18 
18 7 8 10 37 13 40 44 6 43 12 36 39 9 42 41 38 5 11 
11 21 33 24 36 22 35 23 19 32 39 34 
12 16 17 17 20 24 13 19 18 23 16 19 14 
12 11 23 24 14 9 26 27 28 7 12 13 25 
16 13 15 37 16 11 33 17 36 35 14 32 38 12 10 40 34 
17 12 15 16 18 29 32 10 31 24 27 17 26 25 13 14 30 11 
17 23 17 20 36 22 37 19 21 30 32 33 35 18 16 38 31 15 
10 17 16 11 10 18 21 16 15 17 13 
16 10 27 25 14 28 20 12 21 8 11 15 16 22 24 9 23 
12 50 44 40 48 47 46 49 35 51 38 36 39 
15 6 4 7 41 36 37 8 35 5 10 34 39 11 3 38 
8 42 47 48 43 44 45 40 41 
11 46 17 15 13 47 40 18 41 14 16 11 
11 19 27 25 24 20 28 21 22 15 26 16 
10 33 38 31 32 34 31 32 35 36 37 
17 22 21 26 24 27 42 44 43 23 41 28 40 46 20 25 45 48 
15 27 24 25 22 34 30 29 26 21 29 31 28 26 32 23 
9 5 7 13 6 10 38 40 39 37 
9 41 36 33 39 35 12 11 40 10 
9 11 26 27 32 33 30 31 28 10 
15 13 9 11 14 17 10 11 13 15 15 12 10 12 16 14 
11 35 30 36 37 39 34 33 38 36 34 31 
15 41 16 46 10 13 17 43 45 14 44 48 40 11 42 15 
7 48 51 46 40 41 47 38 
15 23 24 40 41 38 29 25 28 44 46 43 26 22 42 27 
13 13 14 17 9 12 16 18 21 24 6 7 10 22 
11 22 47 21 16 48 49 15 50 52 19 17 
15 23 26 43 46 42 41 25 24 22 39 40 21 19 44 45 
10 30 35 16 21 14 17 32 22 31 19 
15 50 52 46 15 14 17 48 51 13 12 47 19 49 18 20 
10 38 36 37 26 23 25 28 35 30 33 
14 51 21 48 44 27 45 22 26 29 52 25 28 24 23 
15 31 33 32 28 31 33 30 35 29 27 34 28 35 30 34 
10 29 28 27 24 23 21 30 25 31 34 
14 37 50 34 43 45 36 38 47 41 42 44 40 33 46 
7 24 25 17 28 24 20 23 
14 11 24 12 21 25 17 14 22 23 19 16 10 15 18 
16 46 47 40 43 48 41 45 46 44 48 41 42 42 47 49 45 
18 25 32 32 40 39 29 35 30 36 27 24 34 26 33 38 31 37 28 
9 40 42 38 12 43 19 13 39 18 
13 29 26 37 35 22 36 34 33 24 41 30 40 27 
13 19 21 16 17 15 16 18 19 20 23 18 21 20 
10 23 21 24 18 24 23 16 20 22 21 
8 27 12 8 14 6 31 25 9 
8 2 18 16 1 4 3 20 17 
