1000
8 35 38 37 16 12 40 15 11 
11 13 2 3 5 6 12 10 8 1 11 9 
8 11 40 33 34 35 38 37 36 
13 43 10 13 8 45 44 47 14 46 12 9 49 7 
7 25 32 28 11 6 9 33 
13 22 35 31 18 17 16 36 32 21 33 24 34 23 
13 35 31 32 39 33 37 38 36 41 42 40 37 29 
17 30 28 31 25 35 29 39 27 26 32 36 40 24 38 34 37 33 
7 21 16 19 14 15 12 20 
7 28 33 34 34 33 29 32 
12 31 29 33 19 17 25 28 32 27 20 26 13 
13 9 13 15 17 11 16 8 18 13 19 7 10 12 
7 12 9 14 10 11 20 16 
10 34 38 35 37 38 39 39 36 31 34 
16 18 26 27 20 12 25 21 13 23 28 22 19 17 20 16 24 
17 46 37 38 50 41 36 47 43 45 42 52 40 51 44 49 48 39 
15 39 48 49 45 44 42 44 52 50 41 37 40 47 51 46 
13 41 45 21 19 39 46 15 13 14 40 18 43 42 
17 29 41 39 30 27 44 40 26 32 33 28 37 43 31 45 34 42 
9 23 27 22 21 20 25 28 26 24 
15 27 48 22 52 51 24 49 47 26 20 21 50 23 25 28 
14 27 24 44 19 41 47 22 46 20 43 40 25 21 42 
8 11 9 8 2 5 10 1 4 
16 34 37 34 33 37 36 40 35 36 41 29 33 35 39 32 31 
7 43 4 2 6 5 39 42 
14 27 33 6 26 4 32 3 9 2 28 30 31 8 25 
12 51 45 46 49 48 49 47 48 47 51 50 50 
11 46 14 41 48 19 47 17 20 13 12 49 
9 16 21 23 29 22 20 24 18 19 
11 21 22 24 14 29 13 11 26 27 28 12 
12 45 45 51 43 47 50 49 44 48 51 48 50 
13 21 15 20 15 16 13 17 19 17 10 13 14 11 
13 21 19 20 24 17 25 21 18 23 29 16 22 23 
11 51 10 8 7 50 49 15 47 52 11 13 
7 6 12 46 50 44 10 11 
8 45 40 30 27 44 33 31 43 
18 40 37 33 27 30 28 31 34 35 26 25 36 41 32 29 38 42 39 
10 12 10 38 36 32 33 31 35 37 39 
12 40 49 36 38 39 52 50 33 34 37 41 51 
13 51 50 49 47 40 47 52 43 41 42 46 45 48 
8 33 38 32 28 31 29 36 34 
7 42 43 40 10 46 12 45 
11 3 48 6 4 2 52 49 47 50 51 1 
16 9 37 29 15 36 34 13 35 12 33 7 32 30 14 31 11 
12 34 36 37 36 29 32 34 31 30 38 35 31 
8 43 37 39 19 44 38 36 16 
10 11 18 14 50 52 15 51 47 48 13 
11 33 13 28 29 10 30 31 26 12 27 32 
14 7 29 1 8 31 28 30 27 26 2 32 9 33 3 
17 21 19 42 38 25 23 26 22 20 35 24 37 41 43 18 36 39 
10 48 44 47 44 46 41 52 45 50 46 
10 17 40 43 41 13 46 11 19 44 18 
8 22 31 32 19 28 15 25 21 
10 32 25 36 29 30 34 21 23 37 35 
7 21 40 37 22 18 42 36 
11 28 29 22 25 49 23 52 26 48 50 27 
18 49 43 52 45 44 40 39 50 51 46 47 42 38 48 41 45 44 37 
16 40 41 48 45 41 47 40 44 46 38 43 44 42 46 43 42 
7 43 40 35 46 36 42 40 
12 11 11 10 13 5 3 17 6 7 16 8 12 
15 18 11 23 18 16 20 19 17 14 19 17 12 15 22 13 
9 21 16 50 19 17 22 24 20 49 
16 21 20 20 15 22 19 19 23 18 18 17 16 15 16 22 23 
12 31 30 3 4 6 28 35 34 32 36 29 2 
13 16 34 41 37 23 15 20 38 40 36 17 21 42 
14 10 33 11 31 34 12 37 36 16 13 15 32 38 35 
14 52 44 15 45 23 16 18 22 47 21 17 19 20 46 
18 19 26 27 28 17 22 20 18 16 14 23 20 21 15 21 22 24 25 
9 48 13 43 11 17 41 46 18 44 
10 11 17 14 12 16 10 9 15 13 10 
7 38 33 10 6 11 9 5 
15 28 44 32 43 31 41 24 47 29 27 46 42 25 45 49 
8 21 26 27 20 28 23 25 24 
14 35 11 34 36 29 33 13 10 28 14 12 30 31 32 
9 19 20 24 18 28 25 21 26 22 
12 36 45 34 44 50 51 35 47 30 32 46 31 
12 29 21 29 22 26 28 31 26 24 28 27 30 
8 30 34 28 35 30 31 31 29 
8 23 24 26 20 27 29 35 25 
7 51 49 47 48 50 45 49 
9 23 18 25 32 34 35 17 21 22 
15 24 22 18 23 27 22 19 16 21 21 17 28 20 23 20 
9 7 9 2 6 4 10 1 11 13 
8 31 32 21 37 25 27 39 22 
13 4 1 36 5 35 41 40 3 6 43 37 2 42 
11 40 15 34 18 35 20 17 41 37 16 19 
10 29 31 34 30 36 23 33 37 27 24 
17 32 12 33 35 15 14 39 13 38 16 36 34 18 11 37 40 17 
11 11 12 13 9 16 12 14 10 11 8 15 
12 40 36 48 52 39 45 37 46 38 50 42 51 
10 45 44 52 50 14 49 12 51 13 11 
14 27 30 11 15 14 34 31 16 13 32 26 10 29 28 
12 13 9 33 37 12 7 38 15 10 14 41 36 
10 24 26 22 43 50 49 19 42 45 21 
9 33 27 30 33 34 28 28 31 25 
17 40 45 41 42 42 44 48 43 44 47 45 46 39 43 37 40 38 
7 31 35 32 27 30 28 29 
11 15 10 29 12 28 17 16 26 14 23 11 
16 10 14 12 8 25 11 9 7 13 23 24 28 29 6 26 30 
14 11 25 13 29 26 7 12 14 15 31 24 8 32 10 
9 28 33 12 11 32 35 10 34 30 
9 10 24 20 26 13 22 11 14 18 
10 21 27 15 11 12 26 25 17 29 28 
14 39 47 37 38 50 41 52 33 51 48 34 49 35 40 
10 1 23 28 24 6 25 22 21 27 3 
15 34 30 27 43 33 44 46 28 42 45 48 31 41 32 40 
7 34 44 42 43 32 35 39 
9 29 30 32 29 28 33 35 31 30 
7 25 23 31 28 18 34 22 
18 3 47 8 9 10 5 41 39 11 40 44 46 7 43 42 45 6 4 
13 30 35 31 35 28 30 32 36 29 32 29 34 33 
7 16 11 14 15 13 15 11 
17 5 47 7 46 50 9 51 45 8 49 44 6 10 4 3 2 52 
14 35 24 18 34 20 22 33 41 37 25 40 39 23 19 
14 24 25 16 19 21 20 17 18 19 24 22 23 22 23 
10 37 31 16 13 32 11 36 33 12 30 
12 15 8 13 14 15 13 14 17 10 12 16 16 
17 23 25 43 48 29 24 51 28 47 26 46 45 27 44 50 31 49 
12 32 30 29 19 21 13 26 31 34 16 14 15 
10 37 46 36 42 47 35 38 39 41 40 
9 22 25 31 30 18 19 21 26 32 
15 21 29 30 31 19 17 22 37 34 18 35 23 36 32 33 
8 43 46 51 28 49 27 25 22 
17 23 22 23 22 18 24 26 21 16 28 27 30 25 29 20 19 24 
10 46 51 19 47 45 25 49 27 21 52 
11 9 34 38 6 7 11 37 39 5 8 3 
15 47 51 30 28 48 46 34 32 31 45 26 44 29 50 33 
7 2 4 1 3 7 5 10 
15 16 21 18 9 10 20 15 14 8 7 19 4 3 5 11 
7 9 32 30 12 31 28 34 
17 44 22 21 46 38 20 42 18 39 45 25 41 43 23 24 19 26 
9 11 42 41 10 44 39 40 46 47 
17 23 19 25 22 23 22 21 21 20 20 19 18 26 27 26 24 24 
12 26 25 40 22 27 23 42 39 41 45 29 28 
7 43 51 52 45 48 44 47 
15 37 19 34 38 23 40 36 22 32 24 33 18 20 25 26 
9 36 37 35 40 34 36 39 37 33 
12 13 31 24 12 23 28 27 25 26 11 10 30 
16 33 29 23 26 32 15 17 22 18 31 27 20 16 34 21 30 
15 30 28 32 27 31 34 33 28 29 35 36 33 30 29 32 
14 2 36 38 40 41 8 37 44 6 7 4 9 42 39 
16 46 47 41 42 48 36 33 45 39 34 43 44 38 35 37 32 
10 24 21 18 16 17 20 15 19 17 19 
9 50 42 45 46 44 49 43 47 48 
8 50 48 11 46 49 10 45 52 
16 18 43 22 21 25 42 48 20 19 46 17 45 44 50 47 49 
13 40 51 39 38 52 43 50 42 47 48 45 41 49 
13 39 20 37 19 38 18 36 14 35 16 34 42 41 
15 10 7 24 6 8 2 5 18 21 19 17 25 23 22 20 
17 42 39 13 15 40 16 18 19 14 36 43 41 17 11 44 38 37 
11 46 28 24 26 27 22 43 30 25 29 38 
11 15 6 10 19 8 21 5 9 16 18 17 
7 21 5 1 2 20 25 23 
11 6 12 9 10 13 8 12 14 13 11 7 
11 11 13 10 10 16 14 12 15 8 9 11 
12 20 19 31 34 35 33 25 26 39 24 22 38 
16 16 15 17 19 21 20 16 23 23 17 18 22 21 18 22 19 
15 44 46 40 43 39 23 38 27 26 30 31 41 29 24 45 
17 15 14 19 17 21 21 22 18 20 23 22 16 18 19 17 15 16 
10 7 6 42 11 45 44 13 8 46 12 
13 11 30 14 28 10 12 27 29 31 32 33 34 35 
16 20 23 7 5 21 19 11 13 10 9 6 17 12 8 22 25 
11 16 14 15 13 21 18 19 12 15 20 16 
13 11 20 19 17 17 21 15 23 16 14 13 10 18 
9 48 36 52 42 45 37 34 51 50 
16 20 15 10 7 19 18 3 21 22 9 4 5 23 6 17 8 
16 23 19 17 40 43 18 20 16 36 44 39 38 22 42 15 21 
12 16 14 50 52 21 48 17 18 20 51 49 15 
14 51 46 43 3 47 49 7 50 45 44 1 4 2 48 
11 38 22 31 39 21 27 36 20 25 32 19 
9 21 19 17 20 22 23 10 11 25 
13 45 50 20 44 19 47 23 46 52 48 16 18 17 
17 19 20 21 32 34 27 28 24 33 17 31 23 18 26 30 29 22 
18 21 13 31 30 26 27 17 32 20 15 19 33 28 14 29 25 18 16 
13 37 41 42 43 36 34 38 39 39 36 41 33 35 
17 18 39 45 43 23 20 47 22 21 41 16 40 46 19 17 24 42 
7 41 40 21 42 20 17 19 
11 35 37 38 35 30 41 34 36 37 40 36 
7 51 40 39 47 42 48 50 
8 16 15 21 10 17 22 18 12 
10 44 13 37 12 41 10 43 40 11 42 
9 45 3 9 5 47 50 48 10 8 
7 27 28 24 24 29 23 26 
17 28 24 26 39 25 37 38 41 27 45 29 42 43 21 22 23 44 
10 26 32 31 45 29 30 27 25 48 52 
9 49 35 32 45 33 36 31 37 34 
12 32 40 44 43 38 33 45 42 34 37 39 39 
16 40 41 42 29 43 45 26 28 30 31 34 39 32 33 38 27 
12 22 18 16 22 19 25 23 17 19 23 15 21 
12 39 27 40 43 47 41 46 33 31 45 30 35 
15 30 29 33 33 32 26 34 35 28 34 30 27 36 31 29 
11 32 34 39 36 10 37 38 11 31 35 33 
8 22 19 24 25 26 20 23 18 
15 13 12 16 14 35 32 29 30 11 10 36 31 34 37 15 
12 32 29 27 28 30 31 37 31 35 32 34 35 
8 48 48 47 51 50 51 49 52 
14 13 14 12 15 11 14 19 15 16 12 11 13 17 18 
13 42 41 49 42 45 47 44 41 46 40 47 45 44 
7 40 29 35 26 31 25 28 
17 16 15 18 50 11 44 43 48 10 14 51 49 46 13 47 45 17 
13 52 51 50 47 45 46 49 48 44 41 42 43 40 
10 21 47 43 46 48 49 17 19 45 20 
11 15 14 11 19 18 20 12 14 15 13 16 
9 32 36 38 38 40 36 31 37 35 
7 3 13 9 6 5 7 2 
15 43 6 44 39 37 3 1 7 45 40 4 41 5 38 2 
13 11 13 17 10 7 14 15 15 12 16 19 11 12 
15 20 28 15 16 27 31 12 35 32 18 19 17 14 33 29 
17 19 19 24 20 25 22 20 26 22 15 23 14 16 27 18 21 21 
7 6 2 27 3 24 28 1 
8 42 40 37 44 45 43 42 39 
12 4 28 27 6 31 5 26 30 29 1 24 25 
17 47 46 51 48 43 50 52 45 44 42 44 47 48 45 46 49 50 
14 37 33 40 26 35 27 32 43 30 28 38 42 31 29 
14 26 23 27 24 25 22 29 26 22 28 25 19 21 23 
12 13 12 15 11 8 16 10 11 13 9 14 12 
16 49 46 41 30 44 28 48 43 45 32 29 33 25 47 26 42 
8 19 27 22 47 43 45 46 50 
18 26 32 31 28 27 29 25 25 29 24 24 26 27 23 30 28 31 30 
9 44 39 38 47 48 42 40 49 50 
17 14 17 17 12 19 14 15 16 12 18 15 11 13 13 16 19 18 
17 48 24 42 17 22 45 43 49 21 20 23 41 47 16 46 19 44 
15 23 42 38 27 25 41 39 43 28 31 44 45 26 29 30 
12 50 47 49 22 23 20 52 26 21 27 51 19 
7 19 12 25 13 17 31 18 
9 24 25 27 28 21 26 22 29 23 
18 4 8 28 30 3 2 29 10 27 9 32 25 31 24 6 7 26 5 
14 32 47 48 42 24 41 27 40 30 43 25 44 46 28 
12 22 24 33 23 32 34 19 36 38 25 17 21 
9 11 2 12 14 10 7 3 4 5 
11 35 18 20 24 21 17 23 37 38 22 36 
11 38 44 40 47 39 45 40 41 39 43 46 
10 46 52 51 37 43 50 49 36 35 40 
16 13 20 25 14 11 15 19 23 22 18 10 12 16 17 24 27 
10 6 32 10 5 34 29 4 2 7 8 
14 40 32 39 28 34 44 33 31 38 43 27 41 37 42 
15 44 11 9 45 14 38 40 7 46 15 10 39 42 13 12 
8 42 39 34 10 9 40 41 6 
14 20 19 21 16 24 27 13 26 14 25 23 18 12 15 
9 2 36 32 33 35 5 4 6 3 
14 40 32 36 25 37 23 39 24 28 35 20 33 27 21 
12 33 1 2 36 29 7 4 9 5 3 35 8 
8 47 21 42 23 22 45 24 27 
10 30 34 32 36 35 33 32 33 29 34 
7 46 50 45 51 48 44 47 
11 13 46 5 12 49 6 50 48 8 47 43 
14 48 51 52 14 15 22 16 21 19 20 17 50 49 18 
8 30 34 27 31 30 26 23 32 
14 13 42 12 39 44 16 20 43 17 40 46 45 19 38 
10 32 52 47 36 34 50 37 38 30 35 
11 26 38 39 45 24 46 25 29 40 27 41 
7 13 15 11 30 34 36 29 
12 28 14 35 18 19 27 30 32 16 29 21 34 
9 30 44 28 31 26 41 48 43 29 
10 50 33 46 39 37 49 38 51 48 35 
7 42 41 38 36 35 37 43 
14 23 21 38 39 44 27 42 37 45 20 22 41 43 26 
9 48 52 46 20 51 25 22 49 50 
15 45 52 48 41 50 43 48 46 51 42 49 44 49 47 47 
7 46 47 52 50 48 9 49 
17 30 25 24 12 29 23 10 22 28 27 15 26 14 11 8 7 13 
17 29 33 46 39 44 43 32 28 40 41 26 45 25 27 31 42 38 
7 16 20 1 12 3 13 18 
16 52 51 47 20 14 50 17 19 48 45 22 49 15 21 16 46 
16 38 31 34 35 41 36 39 29 33 42 43 37 30 37 32 36 
18 14 9 7 18 10 6 17 4 16 8 22 5 3 20 15 21 19 2 
17 35 7 8 34 11 12 6 41 33 39 9 36 40 13 10 38 14 
10 41 47 42 33 28 46 32 35 34 48 
16 44 41 37 5 10 40 11 4 43 6 42 8 9 7 38 39 
14 19 33 35 18 34 37 32 16 20 29 21 23 31 22 
7 24 30 31 26 12 15 27 
8 19 22 21 16 17 19 20 15 
7 1 4 7 6 45 44 39 
14 15 12 38 40 39 36 10 33 14 35 34 13 41 11 
7 31 32 30 3 25 24 26 
11 35 40 47 52 33 37 49 38 36 41 48 
16 35 33 48 44 50 31 47 29 37 46 43 45 36 32 34 30 
8 37 35 41 30 28 33 29 36 
9 17 20 22 19 18 14 16 15 21 
7 21 9 22 24 11 13 10 
8 39 15 37 12 13 7 14 9 
7 21 18 22 51 49 48 26 
10 40 13 12 41 14 44 46 42 38 10 
13 15 13 12 3 2 14 5 18 17 7 16 11 1 
14 32 30 20 22 23 36 17 31 38 33 24 19 37 21 
11 16 23 11 18 21 22 10 12 14 15 25 
7 49 45 46 43 49 45 47 
18 22 40 41 45 16 19 39 17 23 43 18 46 20 21 38 42 24 44 
7 11 8 30 34 7 28 35 
13 39 44 41 42 42 45 45 43 40 44 48 38 43 
11 44 48 45 42 46 43 47 41 49 10 11 
10 40 44 9 42 6 43 7 5 2 36 
9 42 8 3 2 40 39 7 1 46 
15 39 30 36 31 32 34 38 33 35 43 27 29 28 42 41 
11 16 15 29 35 10 18 31 14 33 17 34 
9 48 45 52 50 49 44 51 11 47 
15 40 38 36 37 32 37 39 34 33 32 33 35 34 38 36 
13 18 19 37 23 44 39 38 45 16 15 41 17 40 
12 34 35 24 18 40 22 16 32 38 19 21 36 
13 17 45 22 38 41 19 21 43 42 37 20 40 44 
14 13 23 14 17 26 16 18 28 12 30 29 15 25 31 
14 46 17 47 48 13 20 16 19 42 15 14 18 41 12 
11 48 42 47 13 45 49 17 19 14 12 20 
7 44 46 50 49 43 47 48 
17 29 30 23 27 23 24 31 26 26 22 25 21 28 24 25 28 27 
9 15 17 20 16 13 23 18 20 17 
9 46 41 10 11 12 42 45 43 39 
8 24 21 23 27 20 25 27 24 
11 29 36 30 10 15 16 13 32 14 33 37 
15 32 50 37 44 29 46 47 33 49 52 45 30 35 31 36 
9 23 16 20 18 19 22 15 21 17 
8 21 20 7 15 10 14 19 8 
11 15 39 17 40 33 19 14 35 36 34 20 
16 43 51 48 47 45 46 44 42 48 45 49 50 47 40 41 46 
9 27 11 26 13 29 23 22 14 15 
8 37 38 48 51 44 46 39 52 
8 14 15 41 40 11 44 10 39 
18 16 14 19 21 12 25 22 20 11 17 15 13 23 18 27 24 26 19 
13 47 11 12 13 9 51 50 5 8 52 6 7 48 
9 14 8 18 19 10 7 12 23 13 
18 28 26 32 33 25 41 39 30 37 27 35 36 29 33 31 40 34 38 
7 41 43 46 38 42 45 44 
9 33 31 49 34 51 45 30 48 29 
13 10 17 13 11 25 24 17 14 16 21 23 20 15 
15 44 38 36 43 36 42 39 41 40 38 41 37 35 43 39 
15 34 40 48 44 39 45 43 36 47 46 33 49 51 38 37 
7 14 21 13 16 18 17 18 
11 48 38 36 33 49 32 35 51 45 50 34 
13 7 14 12 10 10 6 11 13 12 13 11 9 14 
7 20 24 19 35 39 41 23 
17 5 48 8 45 9 47 44 6 10 12 11 50 43 46 13 7 49 
16 35 12 11 30 36 18 17 16 33 31 37 29 10 34 14 13 
16 34 38 31 36 22 26 19 32 25 35 24 20 37 39 18 33 
12 21 13 16 19 26 17 14 31 28 32 33 30 
18 34 28 27 33 27 24 29 35 31 30 26 22 28 29 23 32 25 21 
15 4 32 38 6 36 8 35 1 7 5 2 34 3 33 31 
14 12 10 11 11 10 18 17 14 15 12 16 14 13 13 
15 10 33 12 6 31 11 37 39 32 5 35 7 4 8 9 
18 15 44 50 17 51 46 10 47 16 18 49 13 45 48 43 11 14 12 
15 27 24 26 40 21 23 25 41 43 36 39 42 38 44 22 
7 18 21 35 29 36 32 34 
13 51 22 25 52 21 27 26 49 28 50 23 24 29 
18 44 39 46 35 38 41 43 33 50 49 40 37 47 45 36 51 48 34 
9 31 35 30 34 27 27 34 29 28 
9 37 38 32 36 36 35 41 40 34 
13 15 18 43 42 41 21 16 20 19 39 23 47 40 
7 34 33 27 34 29 30 35 
10 15 45 16 17 14 50 48 49 21 52 
13 34 43 42 40 46 48 32 47 28 33 45 29 27 
8 32 52 49 35 36 39 31 48 
13 16 13 14 18 12 12 8 17 11 10 9 7 20 
14 39 7 3 1 43 42 40 6 36 41 38 37 44 2 
11 11 13 34 29 32 10 36 35 14 33 30 
9 34 42 20 37 19 26 41 40 35 
17 41 39 42 40 34 38 33 43 46 32 47 37 44 49 35 45 48 
13 30 11 10 6 23 9 22 12 25 5 7 27 29 
12 22 48 21 20 24 16 17 19 50 51 52 18 
14 50 23 15 45 48 22 17 46 43 49 16 44 47 21 
13 51 31 36 45 50 30 52 46 38 47 32 33 49 
8 36 41 28 26 20 22 25 42 
17 27 22 26 23 22 17 24 23 21 28 24 19 25 21 20 20 18 
17 31 39 41 36 36 40 29 33 32 33 38 35 34 35 34 30 37 
11 14 10 17 39 35 43 40 36 12 9 37 
10 26 26 23 24 22 23 27 29 27 25 
16 9 12 16 17 14 17 18 14 12 11 11 19 16 15 15 10 
13 43 41 40 11 36 39 37 10 8 13 42 12 9 
18 36 33 17 16 12 37 18 41 40 11 38 34 35 14 15 13 10 39 
16 47 51 45 30 36 49 34 44 48 46 35 50 29 31 33 37 
14 47 51 52 50 45 46 48 48 49 46 49 52 50 47 
10 28 49 26 20 22 23 47 27 48 24 
12 24 27 40 37 45 42 28 25 21 38 23 43 
16 17 13 20 18 41 15 43 44 48 42 21 49 19 16 14 45 
8 11 28 26 27 32 10 33 29 
14 26 50 28 21 20 49 23 48 24 25 47 51 27 52 
7 18 17 20 18 13 22 14 
9 52 46 51 47 48 8 9 50 10 
7 13 41 15 43 39 12 37 
10 19 18 19 22 22 20 17 18 23 17 
17 14 15 11 33 28 27 31 8 26 16 13 30 10 34 9 12 32 
13 36 31 38 39 35 52 50 47 49 32 33 48 51 
16 1 27 35 30 9 6 8 34 28 32 31 5 2 33 4 3 
11 14 16 19 18 17 20 15 13 19 17 18 
10 28 30 22 24 26 27 21 33 32 18 
15 43 32 28 37 25 30 27 26 42 38 44 41 29 39 36 
12 26 43 21 42 41 38 27 23 45 24 44 37 
7 43 19 44 41 42 47 16 
9 6 32 28 12 7 13 31 27 26 
11 39 36 43 38 34 37 35 41 41 36 35 
7 36 41 2 40 3 34 6 
18 33 14 18 11 35 36 29 15 13 17 34 16 12 37 32 31 19 30 
10 34 10 11 36 40 37 42 38 35 39 
7 40 39 31 42 35 36 38 
18 29 25 32 27 34 30 36 31 32 29 33 26 33 35 30 28 31 28 
11 20 18 45 41 49 42 21 16 47 44 43 
11 6 4 47 3 46 43 48 42 49 45 44 
13 13 49 21 20 15 48 47 52 16 19 46 17 14 
16 16 31 11 34 29 33 10 26 12 27 28 17 13 15 14 32 
13 10 22 17 16 19 17 13 14 18 15 21 20 11 
14 19 46 23 44 15 20 18 47 16 45 50 48 43 49 
8 27 31 31 33 29 25 27 29 
11 52 50 48 48 44 43 51 47 49 41 49 
15 23 12 24 15 8 13 10 22 18 16 21 16 19 17 20 
8 47 29 51 23 46 24 28 50 
15 20 27 25 16 13 12 20 15 22 19 24 17 18 26 14 
7 45 40 38 32 37 35 33 
12 38 51 50 44 36 47 39 46 40 43 41 48 
10 43 44 38 37 37 40 41 38 40 36 
15 46 45 23 22 20 48 24 43 27 50 51 26 44 47 21 
9 47 48 25 49 45 23 24 46 26 
15 31 27 28 26 30 11 13 16 25 14 24 15 29 9 10 
13 45 41 39 40 22 24 26 42 21 23 38 19 18 
14 30 26 3 28 23 24 4 25 8 7 2 22 27 1 
13 16 29 14 34 11 28 13 35 33 15 17 12 30 
16 47 48 31 32 33 35 50 52 30 49 37 29 34 51 36 46 
16 34 21 29 23 33 37 36 25 22 31 28 26 30 24 35 29 
17 34 33 32 35 35 34 40 29 33 31 30 39 38 36 28 27 32 
10 17 10 18 43 36 37 35 16 12 42 
16 40 42 10 16 43 45 12 18 14 46 11 44 17 48 41 47 
18 37 24 36 23 39 33 38 40 34 27 21 26 19 35 20 25 22 32 
15 39 24 45 27 28 21 38 22 25 43 23 42 44 20 26 
15 47 18 13 46 45 48 20 44 12 49 19 17 43 14 50 
9 6 4 3 5 39 41 40 11 42 
7 39 22 25 41 38 20 33 
16 20 49 19 26 23 50 51 44 48 45 18 52 47 25 46 24 
18 12 19 18 5 9 16 7 3 14 13 15 17 1 2 11 8 6 4 
9 39 32 34 40 39 33 36 38 36 
8 48 30 31 46 42 26 27 41 
13 19 23 45 22 49 43 25 24 18 21 44 47 48 
14 43 23 28 49 22 25 26 47 45 29 27 24 50 42 
11 7 13 11 33 14 8 9 36 34 15 12 
12 28 41 43 21 23 26 44 25 38 22 40 24 
14 27 7 29 5 2 3 26 32 9 6 25 30 8 10 
17 14 10 25 20 12 23 13 19 24 11 15 16 22 18 17 26 27 
16 18 6 4 5 3 23 11 20 21 24 10 16 8 19 7 9 
9 34 35 40 36 36 40 38 37 33 
17 11 16 32 28 9 13 26 15 14 33 17 12 30 10 29 34 31 
17 35 25 37 33 36 20 26 18 32 38 39 34 22 21 40 24 19 
7 15 18 17 16 51 13 49 
15 3 17 5 11 8 6 4 12 18 1 2 9 15 7 13 
10 11 12 50 48 51 47 46 14 13 15 
11 31 26 31 35 28 32 33 34 36 25 29 
10 43 44 10 14 47 12 13 11 46 45 
13 28 35 32 36 33 37 39 36 34 33 31 29 35 
11 28 33 40 34 41 35 38 30 27 31 33 
12 38 37 36 34 10 42 35 11 39 12 41 40 
12 51 48 26 50 24 29 30 31 27 25 52 23 
8 47 50 45 48 49 49 52 46 
9 9 50 48 49 6 8 52 10 7 
8 45 47 48 46 49 46 44 49 
7 19 18 17 26 14 20 13 
17 32 27 10 31 14 33 13 29 11 12 7 8 35 28 30 6 34 
8 27 37 29 25 36 33 34 31 
11 13 3 16 17 5 11 15 14 9 10 2 
12 46 33 39 43 34 38 48 44 32 37 36 45 
7 46 50 48 49 43 35 34 
11 43 38 11 40 45 41 42 44 39 12 37 
7 29 33 26 28 25 32 30 
8 39 38 34 36 32 35 33 30 
12 39 38 11 12 45 37 40 14 9 8 16 41 
7 37 46 51 36 30 48 52 
10 17 41 45 22 15 44 20 42 43 48 
13 6 1 28 5 25 2 22 26 29 3 7 30 24 
12 44 37 42 41 39 43 43 36 38 41 40 37 
7 51 46 16 17 12 9 13 
10 46 40 19 23 18 15 45 22 44 41 
16 23 21 23 24 22 22 25 25 20 26 21 26 29 27 28 28 
10 45 41 48 49 42 44 47 43 41 40 
8 28 20 24 25 23 24 26 19 
13 48 20 19 14 52 15 18 45 21 13 47 51 46 
7 38 33 47 50 41 36 49 
16 38 46 43 42 40 37 38 40 36 45 41 39 39 42 44 43 
7 27 20 26 21 23 32 18 
11 45 2 47 4 51 6 5 46 3 48 52 
7 22 19 15 21 41 43 23 
9 46 49 52 4 6 51 47 12 11 
7 29 30 38 42 24 43 35 
14 33 27 31 22 20 21 25 30 29 28 35 24 34 23 
16 4 5 34 1 37 3 41 7 33 6 40 35 39 38 36 2 
12 51 45 44 48 49 46 47 49 48 50 43 46 
16 20 19 40 42 46 41 44 15 16 43 22 14 18 21 38 45 
8 21 10 23 7 27 28 25 4 
7 16 10 13 23 18 12 21 
7 16 9 3 6 13 17 8 
14 5 43 6 1 2 42 45 44 4 38 37 39 3 41 
12 48 27 26 25 19 51 47 52 20 49 21 50 
13 21 32 36 39 23 33 20 24 22 37 35 40 25 
15 27 29 28 30 30 23 23 31 26 29 25 28 24 24 22 
11 23 44 46 17 38 16 45 20 40 43 39 
17 44 37 46 52 43 44 41 38 48 50 45 42 40 47 45 39 49 
15 39 47 29 43 41 33 28 45 46 30 44 34 40 27 26 
8 43 44 34 47 31 32 36 37 
12 11 15 19 22 12 21 10 13 9 17 20 14 
15 33 34 24 29 31 20 18 19 27 23 22 35 30 21 28 
8 12 10 15 25 32 24 13 16 
10 36 39 31 34 29 37 33 38 43 41 
15 7 10 6 9 34 4 3 2 28 33 29 8 35 30 36 
12 13 10 32 12 30 11 27 14 29 34 15 26 
14 18 11 19 15 20 15 13 17 12 14 13 19 14 17 
13 22 33 23 35 18 37 41 34 40 39 21 38 17 
14 48 26 25 24 46 43 40 27 45 47 44 21 22 28 
9 40 41 47 10 11 46 43 45 42 
16 41 40 43 42 42 41 37 46 38 45 36 44 40 39 44 39 
10 51 37 47 46 35 38 41 42 36 52 
10 45 22 21 14 48 16 18 50 43 20 
13 51 48 47 45 47 43 46 45 49 50 48 44 44 
8 38 34 10 33 36 14 12 9 
14 17 10 13 42 38 14 37 11 15 40 36 12 41 39 
9 16 11 9 8 25 14 17 15 22 
10 41 30 26 32 27 28 45 29 44 33 
8 22 19 40 14 43 21 44 38 
16 26 20 27 20 26 21 27 23 21 25 24 22 19 23 24 22 
7 9 12 47 8 6 52 10 
16 40 8 36 9 35 42 37 39 16 38 10 12 13 14 41 15 
8 41 33 40 39 34 22 25 23 
14 39 41 40 34 44 39 32 40 38 36 42 35 36 33 
16 13 13 9 17 16 7 6 15 11 11 12 10 8 10 14 12 
7 52 42 46 43 40 49 48 
10 16 28 34 14 11 33 12 32 29 10 
13 23 3 28 1 27 25 5 29 30 26 24 2 6 
17 52 49 44 48 47 49 46 48 50 51 46 51 45 45 50 52 47 
8 16 14 41 18 39 12 17 47 
11 50 34 37 33 32 42 49 30 43 35 45 
8 9 10 7 10 3 5 11 6 
14 43 40 24 39 19 23 17 35 25 37 42 22 20 38 
10 47 10 8 52 50 14 7 49 12 9 
17 33 44 43 41 30 32 26 48 46 27 45 34 31 28 47 49 29 
14 24 21 19 8 23 3 17 7 2 20 18 4 25 5 
13 4 6 7 5 34 29 8 3 35 28 32 27 1 
8 15 13 33 11 12 27 30 25 
15 21 13 17 18 16 20 14 19 15 16 20 14 12 18 17 
7 46 45 42 48 44 41 49 
15 18 38 14 17 15 34 11 13 36 35 39 12 40 37 10 
16 39 46 3 42 7 4 47 2 41 43 40 6 1 44 45 5 
17 14 25 19 29 27 30 17 26 22 28 15 23 18 20 16 21 24 
7 49 48 52 50 46 48 45 
17 31 29 34 30 2 7 35 36 8 5 6 4 28 3 32 1 33 
13 35 19 24 22 32 27 20 34 33 23 27 25 30 
8 29 13 32 15 27 14 33 17 
9 34 26 11 31 33 15 16 12 27 
8 30 48 29 27 47 24 52 49 
7 27 29 11 26 10 25 14 
10 2 7 52 5 49 51 3 48 1 50 
15 49 19 17 14 13 47 18 51 46 52 20 12 16 50 48 
13 35 19 22 34 30 24 26 28 25 31 23 36 32 
8 21 26 21 20 26 25 23 22 
15 18 11 47 10 40 43 12 13 39 42 44 16 15 17 14 
13 47 13 9 12 14 48 10 44 8 43 6 46 11 
12 11 33 38 10 40 15 37 36 34 14 35 13 
11 47 48 41 45 46 43 9 42 44 14 15 
15 21 25 22 22 23 25 19 20 17 27 28 24 21 24 26 
8 36 38 12 19 40 39 34 35 
18 46 45 34 43 42 40 36 41 49 41 47 39 48 44 38 37 35 33 
16 27 25 21 29 31 32 24 28 28 22 20 25 30 27 26 26 
15 20 13 19 16 11 18 12 18 15 13 21 17 16 19 15 
13 28 20 32 35 31 23 34 24 33 29 22 21 30 
16 40 21 39 46 16 19 22 23 20 17 45 42 41 44 47 15 
13 7 9 3 10 45 41 43 4 8 40 5 42 46 
9 21 17 15 40 43 18 16 46 41 
12 32 36 30 35 26 28 31 33 31 34 29 29 
8 19 23 10 15 18 26 21 22 
15 52 49 51 38 41 37 44 40 42 48 39 45 43 47 50 
18 31 13 9 30 28 34 5 11 12 8 29 7 33 36 10 32 6 35 
14 27 30 33 46 50 51 52 49 34 31 28 26 45 29 
12 37 41 34 42 39 35 3 38 36 4 5 40 
11 20 23 25 29 27 28 24 21 18 30 23 
14 20 14 28 25 15 29 26 16 23 21 30 17 18 13 
7 42 49 46 45 41 16 17 
9 7 48 8 51 49 9 50 47 52 
8 23 25 29 31 42 47 44 24 
11 40 34 36 27 39 32 37 42 38 43 31 
10 37 21 23 35 22 18 36 24 20 17 
14 18 44 22 25 43 40 45 47 19 46 41 21 24 20 
8 37 36 7 4 34 29 9 30 
13 37 20 34 18 21 32 16 14 15 13 36 19 38 
10 43 44 42 45 33 35 37 32 38 31 
10 18 35 37 15 13 19 30 16 29 17 
16 42 39 35 36 38 34 33 43 37 37 36 39 40 31 38 44 
11 17 18 19 20 22 18 21 16 16 24 14 
8 29 34 19 21 28 27 15 32 
10 11 34 35 33 12 13 31 15 37 30 
7 36 42 38 37 38 36 39 
15 49 44 45 39 44 38 42 43 37 50 40 51 47 52 48 
10 40 44 27 23 46 22 47 21 45 41 
9 13 12 11 29 25 31 10 28 30 
10 46 21 45 23 43 41 24 47 27 39 
7 18 10 17 13 22 12 21 
10 1 10 3 8 2 9 4 5 7 6 
13 37 39 38 35 14 16 11 13 18 34 10 12 32 
8 47 51 52 4 3 5 2 46 
7 38 44 41 42 47 39 36 
10 24 37 18 32 33 26 22 19 35 29 
8 37 42 35 23 20 16 38 21 
14 47 9 43 41 12 42 11 5 40 46 13 44 45 7 
9 41 50 48 44 49 51 43 45 46 
9 20 16 14 28 19 17 27 18 25 
10 33 29 28 32 22 35 26 34 28 25 
9 3 14 16 5 9 1 13 15 12 
11 46 37 41 40 39 42 43 40 43 41 47 
9 39 30 40 27 29 31 41 24 26 
9 12 12 15 13 9 10 11 7 6 
8 7 33 4 6 29 31 8 10 
8 46 48 50 9 11 52 49 8 
13 52 2 49 9 5 8 48 3 6 50 51 1 7 
8 35 41 42 43 46 36 45 49 
8 14 12 13 18 20 15 11 13 
15 13 15 5 2 12 4 8 11 14 6 9 3 7 10 16 
15 22 32 19 27 35 25 30 20 28 31 34 29 33 23 26 
7 30 24 7 8 13 11 28 
14 49 44 42 45 50 39 46 41 47 52 45 47 46 48 
11 29 33 32 40 37 45 44 46 41 48 43 
17 35 37 40 36 25 39 23 34 27 24 20 41 22 28 26 38 33 
10 40 46 4 10 41 9 43 6 45 42 
10 37 35 36 43 45 37 39 39 40 41 
13 36 51 49 31 35 33 34 50 47 39 52 37 32 
8 36 41 39 35 40 42 34 38 
15 23 21 18 20 20 19 22 14 17 16 15 15 19 16 18 
16 24 20 20 18 21 28 23 25 22 22 15 23 21 16 26 19 
12 43 17 40 24 21 16 39 23 42 20 18 37 
12 24 29 28 24 27 26 27 32 23 26 31 30 
9 42 44 43 7 40 10 6 4 12 
12 49 10 14 50 8 48 11 15 52 13 9 12 
10 28 26 29 34 28 31 30 24 33 27 
10 43 48 32 42 30 33 35 44 47 34 
8 7 5 21 19 14 9 8 3 
17 12 38 35 14 33 37 31 39 11 15 36 7 8 34 13 9 10 
11 39 41 10 14 42 46 12 13 40 9 11 
16 19 13 14 30 18 36 15 32 12 16 29 31 17 28 35 34 
11 41 34 40 42 43 40 42 37 39 41 36 
8 17 42 25 39 23 37 40 22 
7 23 27 11 14 26 18 21 
7 10 48 11 51 49 12 9 
7 11 15 14 17 10 13 16 
13 1 19 27 25 4 26 2 6 20 23 5 3 22 
13 18 3 16 5 15 4 2 1 17 14 7 19 6 
13 5 2 41 4 3 48 46 10 7 9 44 8 42 
12 6 8 45 9 38 44 43 7 41 5 4 42 
11 19 10 4 9 21 15 14 6 20 18 5 
10 33 35 45 50 52 47 30 46 51 48 
11 32 36 28 10 11 30 33 12 35 34 29 
18 26 22 18 21 19 21 20 22 25 23 19 18 23 20 24 16 15 17 
13 16 12 11 17 14 19 10 13 16 14 18 17 15 
9 46 44 43 12 10 49 45 42 47 
14 18 16 23 52 50 20 22 15 47 51 21 49 17 19 
17 22 26 42 27 38 24 43 21 41 25 19 23 45 44 20 37 39 
11 27 8 30 4 11 7 29 9 5 3 25 
15 34 36 39 37 11 13 33 10 40 16 35 18 12 41 15 
15 31 28 33 30 27 24 30 32 26 29 34 26 28 32 29 
18 23 22 25 27 24 30 26 34 27 33 28 31 32 21 28 29 29 35 
7 48 45 46 43 50 45 46 
14 6 2 8 27 32 4 31 25 28 7 9 1 30 26 
13 10 29 24 21 17 14 25 23 13 12 22 15 27 
12 9 3 37 4 43 10 38 40 42 6 44 41 
13 2 22 18 4 19 23 6 24 1 7 5 21 25 
10 48 25 46 22 29 27 47 51 49 24 
8 17 15 4 11 5 6 2 16 
9 29 28 47 42 45 30 26 44 49 
12 12 35 30 13 11 38 32 37 14 33 34 36 
8 31 36 35 11 33 30 29 37 
12 7 10 6 21 11 28 22 27 23 14 12 8 
7 31 27 10 5 3 2 6 
8 42 14 39 47 41 17 40 46 
8 12 24 28 30 10 23 26 29 
9 20 18 22 16 15 21 14 18 19 
14 48 44 50 20 18 13 17 43 16 46 19 47 21 42 
12 39 36 36 37 38 31 29 30 32 34 32 35 
11 18 17 9 14 15 13 12 19 10 12 16 
9 45 40 26 33 47 30 27 42 39 
15 40 39 17 14 12 20 37 15 34 36 35 16 19 32 38 
18 22 23 21 24 26 24 25 23 27 22 28 19 21 20 25 27 20 26 
18 24 17 19 29 31 20 32 34 33 37 23 35 18 22 25 21 30 36 
11 33 43 30 44 45 35 38 31 46 42 37 
15 39 41 43 44 46 46 41 44 42 40 40 47 48 38 42 
8 13 39 40 34 11 38 15 37 
7 29 27 20 26 23 18 25 
14 48 49 50 31 33 36 51 32 30 52 34 47 46 35 
11 39 37 42 40 29 36 30 36 32 37 41 
13 37 34 31 38 33 42 40 35 37 44 36 39 41 
9 17 4 14 16 6 3 13 19 18 
15 28 31 24 16 23 20 34 18 36 32 30 29 21 17 33 
9 21 24 20 51 48 22 52 18 17 
18 6 23 10 26 29 7 4 2 3 30 25 31 24 8 28 27 9 5 
8 35 38 34 36 32 39 33 35 
13 6 44 4 1 5 7 8 40 37 3 45 42 43 
7 24 29 30 28 25 27 10 
10 51 43 50 44 45 48 47 52 48 49 
9 20 21 8 6 24 17 4 10 19 
14 37 17 12 13 18 31 30 16 11 35 10 14 34 15 
17 19 43 39 37 44 21 20 17 24 41 40 18 23 45 22 38 25 
8 14 10 14 13 10 16 12 12 
9 20 22 24 16 19 25 17 18 13 
11 13 20 11 16 13 10 14 12 21 15 14 
10 46 46 47 48 52 50 51 44 45 48 
15 7 50 5 3 51 49 9 46 52 6 4 45 8 47 1 
13 52 28 51 25 32 30 31 48 50 26 33 29 49 
12 30 35 29 41 42 44 33 43 28 47 36 31 
9 2 47 5 51 1 3 7 52 46 
7 41 42 47 40 37 40 48 
9 47 7 10 9 48 13 52 12 8 
17 12 35 36 10 43 38 14 16 37 40 42 17 11 41 13 39 15 
12 31 4 30 33 28 6 8 34 32 1 3 29 
7 4 23 3 25 20 22 9 
9 3 30 27 24 8 26 29 7 1 
17 50 19 20 22 21 17 16 48 47 51 49 45 15 46 44 14 18 
8 7 14 13 13 12 18 9 11 
13 35 37 12 16 19 20 40 38 33 17 34 39 41 
16 45 47 22 41 48 23 44 42 19 43 49 46 20 18 26 21 
12 15 14 10 20 13 7 19 11 16 9 17 13 
17 39 35 34 37 40 43 38 36 37 39 32 33 36 41 44 42 38 
7 2 5 42 34 38 39 36 
11 46 47 34 48 43 26 29 28 32 42 27 
7 36 39 42 41 35 38 40 
11 10 5 16 1 15 4 13 6 14 11 17 
7 18 21 38 43 20 39 37 
11 26 45 23 27 30 28 48 44 43 24 49 
11 28 43 47 50 46 26 31 25 29 27 49 
10 45 46 43 44 50 42 45 47 41 49 
16 22 26 22 27 24 23 24 21 23 28 21 25 25 26 20 20 
7 34 42 48 44 40 32 33 
8 51 47 46 49 48 48 49 52 
9 13 10 12 15 14 7 11 9 8 
11 38 37 35 36 40 31 34 34 37 32 33 
17 39 31 12 32 11 10 14 13 36 9 6 35 7 37 34 8 33 
13 46 43 42 39 51 48 49 41 35 52 40 37 36 
9 41 14 44 12 42 10 13 40 45 
15 30 51 29 48 52 47 45 26 50 27 46 49 33 34 28 
10 7 4 1 8 13 6 21 20 15 16 
7 50 30 23 24 46 26 52 
15 11 14 11 9 15 15 13 14 16 12 13 12 10 17 10 
16 43 35 36 37 41 38 39 40 50 46 42 48 49 47 51 52 
12 43 19 45 44 22 18 17 41 47 46 23 42 
10 21 20 11 16 18 14 17 19 15 12 
7 19 20 16 18 21 11 13 
7 50 42 40 46 41 52 43 
8 6 4 48 2 3 52 49 5 
12 47 9 6 51 50 11 10 3 7 8 5 48 
8 6 7 11 10 8 5 13 9 
13 26 39 36 32 25 21 22 23 33 34 28 20 40 
12 33 38 39 14 15 17 10 12 11 40 41 16 
9 35 31 27 26 28 29 34 32 21 
9 23 21 10 18 16 19 17 15 20 
15 23 34 22 32 26 27 24 28 20 30 27 29 25 31 21 
16 35 36 12 15 41 7 39 10 13 40 11 9 38 42 14 8 
10 34 13 15 31 17 14 12 32 19 37 
11 48 47 22 23 44 45 20 18 50 24 51 
13 29 41 40 34 43 28 33 30 39 47 35 45 44 
17 4 37 7 33 29 9 6 36 8 5 30 31 32 2 3 34 10 
11 41 15 37 11 36 18 19 38 12 40 16 
17 33 23 37 40 15 39 38 16 22 20 17 21 41 34 18 19 35 
11 44 25 18 21 41 20 45 22 17 24 46 
12 25 29 10 3 32 8 6 31 4 30 26 7 
13 30 33 49 50 32 47 46 36 34 28 29 35 31 
7 41 44 50 52 43 49 45 
13 22 45 50 46 21 26 24 28 23 48 52 51 27 
18 42 36 28 48 47 32 45 40 33 35 41 44 30 46 43 29 34 31 
17 7 12 13 8 37 35 11 34 40 33 36 10 38 32 6 14 9 
15 15 21 12 16 13 11 13 20 17 14 18 14 10 16 19 
12 3 5 47 40 44 45 6 4 48 1 8 7 
13 45 42 41 43 43 49 42 40 39 44 48 47 46 
15 29 22 19 15 13 30 14 16 17 28 23 27 24 26 11 
7 26 23 23 22 20 24 28 
10 18 12 23 24 9 16 8 20 11 10 
16 52 46 47 41 38 36 35 42 37 51 40 39 50 49 48 43 
10 33 31 28 26 28 25 24 30 27 29 
10 3 13 14 17 4 5 20 21 18 16 
9 29 10 9 4 30 28 26 7 32 
10 29 43 26 49 23 51 21 25 47 28 
16 13 10 45 18 15 46 17 47 49 48 50 52 12 51 16 44 
7 29 32 16 31 20 12 15 
14 31 24 38 19 23 20 21 36 37 34 35 33 39 26 
18 38 30 34 30 35 32 32 31 31 33 34 33 37 36 36 29 35 37 
11 22 12 10 19 13 14 20 15 16 11 16 
16 23 21 8 25 10 15 26 22 12 19 13 11 24 20 7 27 
13 17 24 36 21 20 18 16 31 30 32 35 34 37 
18 43 41 47 46 37 39 40 44 35 45 34 38 48 41 42 33 49 36 
8 36 33 38 31 34 35 37 32 
15 4 21 18 11 17 15 9 16 8 12 6 7 14 19 10 
13 45 31 25 30 50 46 49 24 51 52 48 28 27 
7 27 31 36 34 29 37 42 
9 36 33 40 38 21 14 39 35 19 
15 26 39 19 22 42 40 20 24 46 18 38 41 44 23 43 
16 41 12 13 37 18 43 44 19 38 36 17 42 39 40 15 14 
13 3 36 2 5 1 33 38 32 31 35 37 39 34 
7 27 23 20 29 25 22 25 
17 24 13 10 29 18 15 32 30 25 27 12 14 11 17 31 26 16 
16 30 40 24 36 38 43 22 25 23 39 41 27 28 26 42 37 
8 28 21 16 19 30 23 26 22 
8 51 3 49 4 52 2 48 1 
10 42 44 16 14 41 39 12 46 47 10 
18 36 48 40 39 44 38 45 41 42 43 42 41 35 47 37 40 34 46 
11 38 31 40 27 34 33 32 36 28 37 34 
18 20 15 15 18 18 14 19 22 20 17 17 14 16 19 13 21 16 21 
8 44 39 39 45 41 46 40 33 
15 35 37 43 42 40 41 39 33 44 34 36 38 38 37 40 
14 7 26 28 2 5 3 24 27 21 22 23 29 6 1 
8 43 25 23 22 44 19 24 45 
13 34 40 45 50 47 37 42 44 38 41 39 48 35 
10 33 38 39 49 48 35 34 37 51 52 
7 46 48 45 14 11 12 44 
10 51 31 28 33 46 49 48 50 47 32 
18 16 39 38 17 20 41 19 22 36 43 40 42 37 15 21 14 44 18 
12 39 36 42 37 43 40 43 50 48 35 49 47 
13 34 39 37 32 33 40 35 40 39 38 36 37 36 
7 13 6 11 8 9 7 10 
7 40 10 36 35 43 41 39 
8 33 30 32 28 49 34 52 46 
11 20 27 29 33 30 21 18 19 17 15 32 
11 28 32 43 35 33 38 39 41 36 31 29 
11 46 20 45 39 17 47 44 41 16 23 42 
8 51 11 15 47 45 52 16 13 
11 16 24 4 21 1 18 5 3 19 17 22 
16 4 32 29 1 33 36 8 37 5 7 30 3 6 31 34 2 
17 6 9 7 41 37 4 8 2 38 43 42 5 44 40 10 3 36 
9 47 42 47 43 46 48 40 51 46 
15 29 35 30 32 34 37 30 36 36 32 31 31 37 38 33 
10 36 18 35 38 13 10 43 14 11 15 
15 18 13 34 35 15 10 30 16 32 14 31 17 33 12 11 
11 40 45 39 52 48 49 47 41 46 51 50 
9 27 8 10 31 13 32 16 14 15 
13 37 10 12 16 40 33 15 18 32 34 36 11 38 
13 39 38 36 37 37 40 40 35 44 42 43 42 39 
10 17 20 25 26 19 22 19 23 20 21 
17 8 23 24 13 12 15 20 18 21 11 14 16 9 10 16 22 17 
15 14 24 12 22 15 16 20 11 19 18 18 21 16 17 23 
17 52 37 49 48 46 51 36 47 42 39 35 38 45 34 41 50 40 
13 42 33 39 45 36 43 38 35 41 37 34 40 39 
15 16 19 21 22 21 18 26 24 19 15 23 22 25 20 23 
16 21 40 17 16 19 18 41 23 15 42 38 43 22 36 44 20 
9 26 30 32 25 27 23 24 22 20 
7 21 18 40 14 13 46 41 
10 34 33 41 13 12 11 36 10 15 40 
13 30 46 27 25 28 49 33 50 26 31 52 51 48 
17 17 15 12 15 18 17 19 20 22 16 18 19 21 20 23 14 13 
7 34 28 17 21 30 20 24 
10 17 18 22 19 45 48 42 44 43 47 
8 47 15 23 51 20 46 22 50 
8 30 25 29 32 48 27 47 24 
15 17 12 27 28 24 23 14 21 26 19 20 22 13 15 20 
9 22 28 21 24 25 29 28 26 33 
14 16 17 19 18 15 11 21 17 15 22 23 14 20 13 
10 14 26 25 11 27 23 20 12 9 17 
15 1 4 5 21 23 15 9 20 2 18 22 8 3 6 16 
15 34 40 16 14 10 42 12 39 36 38 37 15 35 17 11 
10 6 46 5 10 43 7 47 4 42 49 
18 16 17 20 35 40 36 21 39 15 19 41 22 37 14 38 42 18 34 
12 19 17 17 23 16 22 23 18 22 15 15 21 
12 7 47 48 51 45 46 14 12 13 9 11 8 
14 14 5 7 10 12 12 11 6 8 10 13 9 11 13 
9 7 52 50 14 47 10 48 8 49 
15 50 49 48 51 41 47 47 42 43 48 49 52 46 44 45 
7 33 11 37 31 39 35 13 
12 51 28 52 23 29 47 25 27 31 48 30 24 
8 42 44 41 46 39 45 40 38 
13 15 14 49 13 50 46 43 44 47 48 12 10 11 
7 28 25 26 21 24 23 22 
7 41 49 47 48 37 39 35 
7 7 9 13 14 15 14 12 
11 44 38 45 39 40 10 46 13 11 12 42 
14 35 30 29 32 34 28 11 12 13 31 33 10 14 27 
15 43 50 45 49 29 24 25 28 27 30 44 46 47 23 26 
8 22 40 45 43 44 20 38 24 
7 9 1 3 4 8 6 7 
7 42 16 37 38 11 40 9 
11 18 26 7 5 8 25 3 21 19 22 9 
12 33 34 28 45 29 47 51 31 48 49 36 32 
7 9 3 7 4 8 10 2 
8 39 40 46 42 33 37 34 36 
11 23 48 19 22 24 21 20 25 47 50 52 
7 16 11 25 23 21 20 13 
11 33 30 31 6 29 7 32 28 26 3 27 
7 12 18 51 17 52 11 48 
17 26 10 16 13 27 14 20 9 11 12 23 24 22 21 28 17 25 
15 22 51 49 21 50 48 45 18 15 52 19 20 14 17 47 
17 38 15 13 37 43 12 45 40 16 10 41 11 42 44 17 39 14 
16 35 2 34 27 4 33 6 31 3 5 30 29 28 1 7 32 
10 46 39 10 40 44 11 41 47 13 42 
15 14 30 31 9 13 34 17 10 12 11 16 15 37 32 29 
12 47 37 44 45 36 52 32 34 38 49 48 50 
17 31 44 32 42 43 50 49 34 29 47 45 33 27 46 30 35 48 
9 8 2 6 3 10 5 4 7 9 
13 33 31 4 34 29 5 35 7 1 8 32 6 36 
10 17 20 35 33 34 38 40 19 15 21 
11 50 33 32 52 31 51 39 34 48 37 35 
9 24 23 22 27 12 16 21 26 10 
11 39 21 14 45 41 17 22 44 40 15 42 
18 23 39 19 45 17 20 41 18 43 24 47 40 22 21 44 25 42 46 
9 22 13 24 10 25 15 20 11 23 
8 12 2 3 4 6 8 11 7 
10 37 40 32 39 2 3 38 4 1 33 
10 15 5 7 3 18 16 21 23 20 4 
8 38 34 30 36 49 48 47 51 
13 38 37 29 41 33 37 39 33 30 35 34 40 36 
17 25 20 26 10 14 9 8 6 13 22 12 24 19 23 7 18 11 
15 31 46 30 45 32 44 34 47 50 27 51 29 33 48 52 
11 10 23 30 27 6 28 22 5 4 26 2 
7 12 22 19 16 15 29 14 
9 52 1 51 3 2 50 4 49 48 
9 29 27 46 44 47 26 43 31 48 
7 3 4 10 42 44 47 43 
8 14 6 24 22 20 26 11 28 
9 12 14 8 10 10 13 11 15 16 
10 25 23 20 22 22 24 26 26 21 28 
10 31 29 34 23 21 19 28 22 32 33 
14 40 35 34 44 43 46 42 45 41 39 37 48 49 36 
14 12 33 8 28 7 26 25 30 32 27 13 14 10 29 
9 39 38 37 42 45 10 43 41 40 
12 24 18 52 16 23 21 50 49 17 20 48 51 
14 47 44 45 41 42 44 47 48 40 46 50 49 43 46 
7 13 15 12 11 17 16 14 
10 41 11 43 13 42 6 35 36 12 9 
15 48 52 9 51 49 10 11 7 50 47 6 4 12 8 5 
12 24 13 23 15 28 27 19 16 18 21 20 22 
14 18 52 51 49 22 15 48 21 19 23 17 16 50 20 
9 38 33 42 38 35 37 43 41 35 
10 29 15 32 13 30 12 31 7 33 27 
11 27 25 22 39 24 41 35 28 38 36 21 
13 33 19 21 17 18 31 37 30 20 25 35 23 34 
7 47 50 48 43 43 48 46 
14 51 44 11 46 10 9 47 49 50 6 8 13 48 52 
16 45 46 46 52 48 45 44 51 49 50 47 49 51 48 52 47 
7 26 38 33 31 39 29 37 
10 8 40 39 43 42 11 6 41 7 5 
7 45 32 29 26 43 34 31 
11 28 29 32 48 50 47 46 27 35 52 31 
13 35 3 2 39 32 33 38 37 7 34 36 1 5 
7 18 19 35 25 17 22 21 
8 43 49 45 42 46 47 44 41 
16 35 34 51 46 40 44 49 41 37 45 36 38 48 43 39 47 
11 17 29 22 23 22 28 18 26 21 20 27 
8 35 34 30 32 13 28 33 31 
8 41 49 46 40 47 48 39 36 
7 47 17 19 50 48 16 20 
11 26 27 29 31 33 31 28 29 33 32 34 
16 28 31 25 32 33 26 30 25 26 23 28 31 30 29 27 27 
8 17 13 12 8 19 6 9 11 
15 38 45 47 52 41 39 42 40 44 50 37 43 46 51 49 
13 26 19 20 22 27 6 25 12 11 10 9 5 21 
15 11 10 14 16 13 15 13 11 15 12 14 18 17 12 10 
14 1 15 8 3 22 5 4 16 19 21 20 17 2 7 
10 49 33 51 32 35 52 31 30 37 29 
12 23 16 20 46 15 18 51 22 47 45 19 49 
15 3 28 30 27 29 24 26 23 4 22 25 5 2 1 6 
10 51 43 20 16 44 48 49 18 47 14 
9 52 15 16 49 51 22 21 19 20 
9 40 43 41 38 44 47 39 50 51 
7 8 33 34 2 3 10 9 
12 48 52 41 51 39 37 35 38 50 36 49 40 
9 2 4 5 7 9 1 8 10 6 
10 31 34 30 26 31 37 32 28 30 33 
17 27 26 30 36 29 31 43 23 42 40 44 41 38 37 25 28 24 
10 44 22 39 45 27 23 38 25 42 28 
18 30 32 34 21 24 26 18 28 19 31 16 27 29 33 23 20 17 22 
15 48 9 16 17 51 11 47 46 12 52 50 14 49 15 13 
9 22 18 39 19 17 37 41 34 23 
8 48 52 32 33 31 51 37 36 
7 44 18 23 45 20 25 24 
17 40 31 39 33 38 32 25 37 36 27 26 34 32 29 33 28 35 
10 40 32 6 36 7 3 34 37 5 9 
16 40 20 42 38 36 13 34 19 37 15 12 17 18 35 14 41 
12 41 49 39 35 33 36 50 38 40 48 37 34 
7 48 23 47 51 22 24 49 
9 9 18 10 10 15 14 13 5 12 
8 30 23 10 26 12 24 13 28 
12 32 32 33 25 29 31 26 27 36 30 37 28 
13 47 51 43 46 50 44 49 48 47 42 43 44 45 
16 21 48 43 46 18 45 41 22 44 16 42 19 20 17 47 23 
17 36 40 35 38 37 33 38 36 41 35 37 40 39 41 39 42 43 
15 31 32 50 52 30 36 47 34 37 33 51 35 29 49 46 
8 36 52 48 47 33 37 34 38 
14 20 24 23 20 28 17 25 26 15 27 16 19 22 23 
12 17 14 11 13 17 15 12 10 13 14 12 19 
11 30 28 32 24 29 20 25 35 19 34 33 
18 17 21 21 19 24 18 23 24 27 23 26 22 20 22 16 25 19 20 
9 46 44 43 42 41 45 47 48 49 
14 35 38 38 37 40 36 35 31 36 39 32 41 33 33 
15 16 3 20 5 6 22 21 24 17 19 23 18 4 1 2 
13 43 39 37 42 36 40 13 11 38 12 10 35 41 
12 37 24 28 26 34 25 35 40 23 22 39 41 
15 44 43 26 30 48 49 50 45 42 29 27 47 31 28 24 
9 48 43 44 50 51 46 48 45 50 
12 35 32 22 34 23 33 24 29 29 30 31 28 
11 13 12 16 11 27 24 22 23 29 21 15 
7 46 47 50 45 48 47 46 
9 9 39 7 6 10 32 33 3 11 
9 6 7 9 8 3 2 5 10 4 
17 29 25 45 27 44 26 22 43 30 48 24 46 23 49 50 42 28 
12 14 20 28 27 22 13 18 21 23 21 20 19 
7 40 37 29 33 31 39 36 
14 25 48 24 23 29 45 52 51 46 50 21 49 27 22 
10 38 39 47 44 43 43 46 45 45 49 
14 21 22 23 18 22 20 25 26 21 24 23 19 25 17 
10 51 11 13 52 44 15 7 14 49 46 
17 16 20 21 18 13 24 19 12 20 19 18 14 25 26 23 17 22 
14 39 35 38 38 33 37 36 36 40 41 31 32 34 34 
12 23 13 30 27 25 26 14 21 20 16 24 15 
13 40 36 42 41 22 20 23 18 37 39 21 38 34 
8 30 34 39 27 46 26 45 31 
13 42 40 47 41 45 39 46 50 43 52 44 48 51 
9 38 41 45 42 46 40 49 43 48 
13 2 15 20 5 17 19 1 3 16 22 21 4 18 
10 21 30 24 23 35 25 32 31 27 34 
