1000
15 38 46 39 49 34 37 52 32 51 50 33 35 36 47 48 
8 6 12 11 7 10 4 5 8 
17 40 24 25 41 29 44 48 23 26 22 30 47 43 27 46 45 42 
9 26 47 25 40 41 48 28 23 31 
15 42 38 41 9 7 3 5 39 4 34 1 36 37 8 40 
8 25 18 16 15 20 23 21 19 
15 49 45 48 46 51 52 12 13 10 8 50 15 14 9 11 
12 50 44 49 42 45 43 47 23 48 26 22 27 
11 31 26 34 34 35 36 30 33 31 32 28 
13 33 49 46 29 34 48 35 32 28 50 31 51 52 
10 45 51 10 50 49 46 44 13 11 43 
17 47 38 39 34 37 35 42 31 36 32 46 43 44 45 49 41 48 
15 44 50 51 43 35 48 45 46 37 31 32 49 38 34 33 
13 48 49 43 45 44 42 45 46 39 47 40 50 38 
15 1 3 20 7 22 25 8 21 23 6 2 19 24 27 26 
14 45 46 48 23 27 47 30 29 52 49 22 26 50 24 
11 38 28 37 34 33 33 36 39 35 27 41 
10 29 27 40 47 26 43 24 46 31 25 
14 19 1 6 21 16 2 15 23 9 8 5 20 7 22 
10 18 20 45 19 21 13 42 14 41 46 
16 29 28 28 25 30 24 26 26 23 21 27 24 27 22 25 29 
8 22 15 17 19 20 16 14 21 
14 3 5 45 47 1 4 39 46 2 44 40 43 42 41 
18 39 31 32 35 37 45 50 52 36 49 34 46 51 38 47 44 48 33 
15 28 29 23 29 30 23 25 31 30 26 24 27 26 22 24 
16 20 41 38 37 16 18 42 39 15 14 17 19 45 21 43 40 
9 47 48 43 45 19 16 11 14 46 
8 27 44 33 43 38 34 40 39 
15 51 28 29 27 22 52 21 48 47 23 26 50 24 49 25 
11 29 35 38 40 32 37 31 30 33 39 34 
10 32 36 34 10 37 29 35 33 11 30 
8 35 31 35 28 30 30 38 37 
7 38 45 39 36 44 49 42 
17 25 17 25 21 19 21 22 20 24 28 26 23 22 18 23 24 20 
11 17 20 5 3 1 18 2 6 24 21 22 
7 15 39 11 12 36 42 14 
12 1 23 24 22 2 25 3 5 29 30 4 26 
11 6 13 10 11 12 5 12 7 11 8 13 
9 19 20 18 20 18 17 22 15 23 
12 14 11 36 32 35 13 30 28 12 33 29 31 
16 45 44 48 51 47 46 50 49 49 45 43 44 47 42 46 48 
15 45 13 43 46 7 5 47 42 12 44 10 40 48 41 6 
9 40 42 47 49 52 48 44 50 45 
8 21 50 51 20 49 19 48 23 
13 23 26 21 20 20 22 23 25 24 26 24 25 27 
7 50 9 52 51 13 10 48 
13 49 40 44 42 37 50 41 52 47 51 46 43 38 
17 33 41 39 35 42 36 34 37 44 37 43 38 45 41 40 40 39 
16 23 37 19 36 42 21 27 25 39 35 22 24 34 41 20 26 
17 13 46 39 47 14 17 40 12 42 45 18 16 19 15 43 41 20 
9 30 33 36 35 28 31 32 29 34 
16 21 17 19 19 22 22 18 24 15 18 17 20 16 23 20 21 
7 45 47 43 41 49 39 41 
9 31 21 28 29 23 33 32 28 27 
14 38 34 42 35 33 43 38 40 44 40 36 46 39 41 
15 10 11 12 15 15 10 17 16 18 14 9 12 14 16 11 
18 43 50 41 45 44 43 39 51 49 48 40 47 42 37 35 46 38 36 
9 24 30 33 21 36 26 23 32 19 
14 48 47 39 52 40 38 42 49 50 51 43 37 44 36 
8 22 19 24 19 18 16 20 23 
7 10 14 13 48 50 46 49 
15 41 14 20 40 22 34 35 19 18 42 21 36 38 39 16 
17 40 21 43 26 22 35 36 38 39 41 19 23 27 24 42 20 25 
10 43 16 40 14 39 41 37 36 12 10 
17 34 14 12 39 31 20 36 16 17 18 19 37 15 35 13 33 38 
14 35 18 23 34 33 20 26 38 32 22 37 19 21 39 
15 6 14 9 13 8 10 17 10 16 5 11 12 15 11 12 
8 32 27 21 25 30 24 19 29 
14 15 14 10 18 13 11 16 15 11 16 12 17 10 14 
9 38 35 37 24 29 28 36 22 26 
14 19 20 22 21 24 23 21 27 23 18 24 26 17 25 
13 39 21 27 22 28 46 23 45 42 24 43 47 29 
7 51 45 40 44 50 49 46 
18 27 29 48 45 30 35 41 34 28 42 33 47 43 46 32 44 49 31 
8 26 50 20 25 49 24 27 23 
8 25 15 12 28 29 13 26 31 
18 20 41 40 46 42 22 45 38 16 14 44 39 15 17 19 43 21 18 
17 39 47 37 36 52 45 40 44 51 48 43 41 49 38 46 50 42 
10 37 46 30 35 51 33 36 50 43 34 
13 3 48 4 47 45 2 50 5 49 51 1 6 44 
13 6 2 25 24 5 4 3 1 17 19 8 21 22 
15 41 35 2 40 5 4 6 38 3 36 37 1 39 42 43 
18 48 50 31 37 49 33 45 30 32 34 38 46 43 36 44 42 35 47 
16 23 2 26 21 4 25 18 22 19 20 5 6 1 7 24 3 
18 24 43 21 20 42 41 46 22 26 44 49 27 47 25 28 23 48 45 
12 6 28 2 27 30 26 4 5 23 24 25 29 
18 21 23 25 24 27 29 23 30 26 22 28 27 26 29 22 24 25 28 
7 5 4 1 2 24 31 3 
7 4 13 8 3 1 2 5 
7 17 19 18 22 24 16 21 
13 50 48 41 33 38 37 47 40 45 36 42 34 46 
10 9 49 1 46 50 2 7 5 8 3 
13 37 29 39 25 30 28 36 27 33 23 32 35 22 
16 35 37 15 19 23 38 32 33 36 21 34 20 22 31 17 39 
15 17 46 47 41 45 22 16 19 44 42 39 24 21 43 40 
18 30 5 23 11 12 4 7 31 9 10 28 27 29 6 8 25 26 24 
8 36 34 41 37 27 42 39 32 
8 26 23 31 28 33 35 29 34 
18 28 43 46 39 32 47 42 24 30 26 45 29 40 27 25 31 41 44 
17 21 44 17 16 38 40 19 15 14 41 43 46 42 18 45 39 22 
12 17 16 38 35 34 12 36 37 32 10 11 13 
15 6 49 48 4 11 7 8 42 44 41 43 9 12 10 45 
8 25 33 31 29 11 14 27 26 
12 38 19 35 21 20 39 24 17 37 18 40 33 
13 30 2 1 3 31 34 5 32 29 33 4 27 35 
14 16 23 24 21 26 22 28 12 9 13 14 25 17 10 
8 23 22 20 42 26 19 21 48 
8 24 45 42 23 44 43 25 47 
17 36 37 34 28 29 35 40 32 30 36 41 33 31 39 35 34 38 
8 39 18 34 16 20 38 19 21 
11 52 49 25 51 26 30 28 29 33 48 27 
15 25 39 23 40 37 24 22 36 41 44 26 42 21 29 38 
9 24 21 25 35 37 28 30 23 26 
10 7 10 43 8 6 37 5 44 41 45 
13 51 47 38 48 37 44 50 43 36 45 42 40 41 
12 18 21 25 20 50 48 49 44 51 47 19 45 
13 49 48 50 52 31 33 29 30 47 51 34 35 32 
10 44 28 39 24 25 38 30 42 29 27 
18 33 37 8 7 34 40 14 13 36 15 39 11 12 10 35 41 38 9 
8 27 30 42 47 46 41 26 40 
7 47 41 20 48 46 43 26 
13 32 29 19 16 30 34 21 15 13 17 35 31 20 
16 39 45 46 46 47 38 39 42 42 41 45 43 40 41 43 44 
14 7 25 4 1 21 27 3 23 5 20 19 22 2 6 
14 47 39 35 48 50 37 34 36 33 40 51 46 49 38 
14 16 17 30 20 28 31 15 13 12 27 14 26 19 23 
11 44 1 37 42 4 6 2 40 36 43 8 
12 47 23 45 43 24 25 26 21 44 20 48 19 
17 19 31 35 29 17 18 34 15 20 16 28 13 33 14 32 36 12 
14 38 6 2 31 30 32 3 9 7 4 1 33 36 35 
10 14 7 13 12 9 16 13 11 8 14 
16 21 51 45 19 22 24 49 18 47 48 23 25 46 26 50 52 
10 44 43 50 43 49 39 40 45 38 48 
9 13 8 40 10 9 12 38 45 5 
13 52 40 46 51 50 49 47 46 43 42 41 48 44 
9 34 41 33 35 38 11 8 39 9 
13 10 17 13 6 16 12 15 8 4 5 9 11 3 
10 9 8 48 10 50 49 52 46 47 51 
18 19 18 23 25 15 14 27 21 13 20 26 16 21 22 29 28 24 17 
16 37 38 9 6 12 5 35 7 11 34 10 39 36 40 42 41 
7 40 39 43 52 44 37 49 
8 6 48 46 5 3 52 7 8 
16 45 44 45 46 42 44 47 46 43 41 51 50 39 48 49 40 
17 16 15 14 23 20 22 26 19 22 18 24 28 17 29 27 25 21 
16 12 46 15 11 43 48 14 49 9 47 42 17 50 44 45 13 
7 37 22 28 30 33 23 30 
13 11 13 17 6 16 7 15 18 11 10 14 19 9 
11 29 34 47 50 33 44 30 51 32 52 27 
10 16 17 18 18 17 19 23 16 20 22 
8 46 49 48 11 12 44 42 45 
17 31 35 34 42 39 39 36 40 43 33 38 38 44 41 37 32 37 
12 48 47 12 43 18 41 49 46 14 45 19 20 
9 21 26 1 5 18 22 2 4 24 
11 47 44 45 16 48 52 17 18 11 51 50 
12 11 26 31 10 25 13 14 17 28 15 23 30 
7 52 11 13 47 14 18 46 
11 45 50 44 25 42 24 46 49 47 22 23 
14 8 38 32 13 35 10 7 11 37 12 31 15 34 14 
7 34 32 47 33 37 48 51 
8 50 36 31 35 49 51 32 34 
7 27 28 15 22 30 23 18 
17 15 38 39 37 19 11 12 18 33 35 31 13 34 36 14 17 32 
14 11 12 49 50 47 9 15 51 48 16 10 13 14 17 
9 24 33 20 35 17 19 36 21 39 
11 30 28 26 24 32 33 34 31 21 26 25 
16 50 48 37 36 34 33 32 51 35 49 31 52 46 47 39 38 
15 23 6 8 20 11 25 13 22 27 12 14 21 10 19 26 
11 44 51 22 43 19 23 20 48 47 49 21 
15 13 29 26 21 15 23 10 25 27 11 17 9 12 24 16 
11 28 25 29 31 27 22 21 32 17 30 19 
9 36 40 42 39 37 35 38 41 34 
11 7 9 15 12 13 17 8 16 5 13 21 
11 28 28 23 26 24 22 21 25 27 31 26 
16 41 43 45 47 42 35 44 46 40 36 37 40 41 39 39 34 
15 17 24 11 25 19 13 26 16 20 18 15 12 22 21 10 
16 13 18 32 34 39 11 19 37 35 15 12 40 38 14 33 17 
10 18 21 20 25 24 17 16 22 23 24 
14 45 49 46 50 42 39 32 44 47 37 38 48 35 43 
16 28 37 43 29 39 36 31 30 34 26 41 40 42 35 38 33 
7 8 42 50 48 44 46 13 
11 4 3 2 47 51 1 52 6 5 50 45 
9 13 27 18 31 28 14 21 29 17 
7 27 24 25 28 20 21 26 
13 40 33 33 34 29 30 35 39 38 28 36 41 32 
7 41 40 21 23 27 26 42 
14 46 47 50 41 45 48 42 46 38 43 51 52 39 40 
9 12 41 39 40 37 11 42 38 13 
13 49 46 25 45 20 48 22 52 47 23 50 51 18 
12 49 46 51 5 50 47 52 4 3 48 2 1 
8 24 50 47 23 51 45 52 22 
7 22 23 27 20 25 21 24 
9 44 45 19 42 46 23 39 20 24 
10 24 16 23 11 10 22 13 18 17 15 
12 38 37 43 45 41 39 38 39 40 40 42 44 
13 29 22 28 34 31 26 27 33 25 28 21 27 23 
10 39 2 35 40 42 3 1 4 34 38 
8 38 18 19 17 43 21 23 45 
9 50 49 12 7 10 13 8 15 48 
17 30 15 36 35 34 31 38 17 32 37 21 19 23 33 18 22 16 
7 39 1 38 37 33 40 6 
13 44 42 28 38 24 27 41 23 29 40 26 39 21 
13 47 6 40 8 4 46 44 2 41 10 45 7 9 
10 22 18 27 30 21 31 23 17 23 24 
8 40 43 41 35 37 36 36 42 
14 15 1 19 11 5 16 2 4 14 18 7 6 13 17 
8 19 17 21 15 23 22 16 20 
9 45 6 47 1 4 39 40 3 41 
10 30 50 33 35 51 37 29 47 48 36 
9 11 13 12 10 11 13 10 12 8 
8 19 44 43 17 40 18 23 15 
17 24 21 17 23 22 19 21 19 20 20 18 25 16 22 26 18 24 
10 11 16 29 9 14 12 13 26 28 30 
18 34 47 40 45 46 44 39 48 38 40 35 41 42 36 42 37 43 41 
8 19 39 41 35 25 36 37 22 
8 40 39 46 44 45 36 42 41 
15 11 16 13 11 12 15 5 7 14 10 6 9 8 12 13 
14 14 10 15 43 45 46 44 9 41 16 40 13 39 42 
8 41 44 23 21 16 37 19 18 
12 4 10 2 9 7 8 5 11 12 1 6 3 
8 12 50 51 10 8 13 7 48 
11 35 11 14 12 39 36 37 18 38 17 13 
8 48 45 50 10 44 11 51 12 
14 29 30 36 17 34 22 32 31 23 28 15 16 20 21 
10 31 28 11 29 25 27 26 9 6 8 
8 24 25 24 19 22 21 17 26 
7 37 48 42 47 41 38 52 
13 45 20 44 22 43 23 51 27 25 26 24 48 50 
9 7 8 11 10 45 51 12 48 50 
9 41 36 38 37 39 39 41 40 42 
13 31 37 41 39 33 42 38 34 36 38 37 44 43 
16 38 36 15 13 41 33 37 10 12 40 34 39 16 11 14 35 
17 12 21 22 9 18 24 7 23 16 5 17 11 8 10 20 19 6 
16 32 30 33 26 36 39 31 37 40 33 34 34 38 28 27 32 
15 29 27 15 16 23 31 28 18 14 12 30 17 24 10 26 
10 41 50 51 52 36 40 49 38 42 48 
14 34 36 33 6 3 1 35 4 30 29 37 2 32 5 
14 13 40 15 39 38 41 19 16 34 37 35 12 42 18 
18 43 39 46 35 39 45 42 44 43 40 40 41 41 36 38 37 38 42 
11 52 48 50 14 11 9 45 49 12 51 46 
8 40 40 37 42 35 36 39 32 
13 7 12 45 6 40 38 5 8 39 9 10 41 43 
17 40 32 37 14 21 17 20 19 38 33 15 35 36 39 13 18 16 
17 35 37 35 39 36 36 40 34 33 34 40 37 41 33 32 38 38 
15 15 45 44 48 42 17 19 46 23 16 49 41 22 47 21 
18 23 22 27 21 21 19 26 24 24 23 25 26 19 20 22 20 25 18 
7 47 11 15 14 48 46 45 
16 34 43 32 41 44 33 35 39 38 36 46 39 42 38 31 45 
18 36 28 33 26 25 30 29 35 32 31 34 28 29 32 30 27 33 31 
12 14 38 15 36 39 17 37 40 43 42 12 13 
7 42 36 46 51 35 40 52 
17 50 29 51 30 28 34 47 48 45 52 27 31 32 46 49 33 35 
9 22 39 36 18 38 21 37 20 19 
9 28 11 27 30 7 26 10 9 23 
14 13 16 25 28 31 14 10 24 26 12 30 32 11 27 
12 37 39 36 35 11 10 42 41 14 38 40 43 
8 31 33 39 9 32 34 7 37 
11 24 21 26 24 23 25 22 27 20 23 27 
9 16 17 38 21 39 19 41 35 33 
8 24 17 27 22 22 19 21 23 
8 25 30 42 23 29 46 43 44 
9 25 27 29 2 28 1 4 24 3 
9 39 37 43 34 48 49 46 50 35 
14 14 16 17 20 22 15 13 18 19 19 21 17 21 15 
7 24 13 17 14 27 20 16 
7 40 36 44 38 45 38 41 
18 41 30 31 33 32 44 45 27 48 29 25 26 47 49 28 46 43 42 
17 46 42 45 47 10 13 43 44 48 14 6 7 12 9 40 41 11 
12 46 47 51 13 10 12 48 50 17 49 16 52 
12 11 12 7 40 44 43 10 5 45 41 42 46 
15 33 11 9 29 7 14 35 15 28 34 30 27 32 12 10 
13 28 35 36 47 41 48 42 33 45 34 44 32 46 
8 42 3 6 48 4 44 46 49 
13 40 21 38 16 33 34 36 19 41 13 37 39 35 
9 46 50 49 44 51 45 44 47 45 
9 25 27 25 28 23 26 19 30 26 
14 50 52 48 19 18 23 17 22 51 49 20 25 21 24 
17 23 48 25 41 43 29 30 28 42 24 47 44 40 46 26 27 31 
9 10 38 37 36 11 12 43 39 41 
15 47 10 48 42 45 41 3 4 43 44 8 49 6 7 5 
9 29 13 15 21 28 35 17 30 20 
8 48 4 44 45 51 6 2 3 
8 1 18 5 4 16 15 10 17 
13 46 43 48 19 49 21 47 25 24 22 18 17 41 
15 38 42 40 39 40 43 39 41 36 42 37 37 44 43 36 
8 37 38 43 48 34 44 49 47 
15 23 20 14 16 21 24 17 18 19 26 25 22 13 20 12 
9 44 43 48 46 40 42 45 41 47 
14 52 31 50 34 32 29 36 51 49 30 48 28 35 33 
7 15 16 46 52 19 11 47 
7 8 40 36 35 41 10 7 
10 2 6 8 15 14 4 16 12 11 18 
11 51 52 50 47 49 48 44 45 50 51 49 
7 7 8 9 21 15 4 10 
18 28 42 36 41 30 35 40 24 31 37 25 29 39 27 38 26 34 23 
13 25 47 49 24 22 26 48 52 21 18 50 51 23 
8 43 46 44 48 41 42 19 45 
18 45 43 47 48 42 39 37 40 46 49 44 43 44 38 42 41 45 41 
16 48 47 44 40 49 45 46 46 41 43 42 41 42 47 44 45 
10 21 35 22 24 36 31 23 37 32 18 
14 14 17 24 21 26 15 23 20 27 25 18 20 13 16 
18 37 35 42 45 33 44 43 40 36 39 40 41 38 46 39 32 34 47 
12 16 45 38 21 19 42 40 43 18 23 15 39 
9 5 24 2 9 18 25 19 22 20 
13 44 41 11 10 4 47 46 42 5 7 3 43 8 
7 13 14 49 19 42 15 47 
17 38 48 44 41 46 40 52 49 45 47 45 39 44 42 37 51 50 
7 28 22 50 46 45 49 25 
12 7 41 3 42 43 1 46 40 5 4 44 6 
15 30 38 22 43 41 39 44 24 23 29 42 45 46 40 25 
10 14 22 29 25 23 21 16 15 12 28 
12 16 10 31 35 8 14 36 29 34 9 15 30 
7 44 46 47 48 47 39 42 
10 42 41 14 46 16 10 49 45 43 11 
11 30 36 47 51 37 33 46 31 29 45 50 
7 7 3 11 5 9 4 6 
11 6 42 12 44 41 10 9 46 13 8 48 
7 13 16 19 15 14 18 12 
17 32 37 33 29 31 34 26 30 35 32 25 24 31 38 36 28 30 
17 46 47 50 46 51 48 44 47 50 49 49 42 43 45 45 48 52 
8 34 21 33 32 19 20 23 27 
13 21 17 15 12 20 15 18 18 22 17 14 13 16 
13 31 34 25 21 26 23 29 27 30 36 32 22 28 
13 40 42 39 38 38 34 45 44 37 43 39 35 41 
16 31 52 49 48 32 30 28 34 50 26 29 27 47 33 51 46 
11 1 43 45 8 7 47 3 51 50 46 48 
17 43 44 11 46 47 5 49 6 48 41 4 9 42 7 3 45 10 
8 28 18 26 27 16 19 30 12 
17 20 43 45 27 39 21 42 37 38 40 22 28 25 24 26 23 44 
12 45 34 29 35 44 39 30 43 36 46 40 32 
16 48 35 31 52 46 29 34 33 51 37 36 32 30 50 49 47 
10 52 15 18 46 17 12 50 13 48 51 
18 21 36 31 33 38 34 19 20 25 32 30 26 22 24 35 37 18 23 
10 16 20 34 14 19 31 36 30 12 32 
9 17 5 19 7 23 6 1 8 21 
12 36 35 40 34 7 8 10 11 6 4 42 9 
16 17 19 12 11 15 22 26 20 13 25 23 24 21 16 14 10 
16 23 20 18 17 21 16 15 18 17 22 19 24 25 14 13 20 
11 14 16 18 12 15 17 7 13 11 15 19 
11 15 45 46 16 18 39 11 13 47 43 19 
8 34 33 32 39 31 16 10 11 
17 32 37 40 25 38 32 33 31 29 26 35 33 27 36 34 39 28 
7 51 48 7 52 49 12 9 
8 34 39 26 33 41 29 37 36 
7 9 8 6 5 2 1 3 
9 40 13 41 35 11 38 9 34 36 
16 43 48 51 44 50 42 45 46 47 47 49 50 45 49 48 52 
12 24 46 45 48 23 27 31 28 43 41 49 44 
10 17 48 49 45 13 47 51 10 16 46 
8 40 43 43 42 35 36 47 39 
12 3 2 5 14 20 15 17 16 19 4 1 13 
8 24 46 45 25 48 30 23 47 
14 47 32 45 48 31 29 49 27 52 44 46 33 50 26 
11 37 27 32 24 30 26 29 28 31 33 41 
8 14 10 22 23 18 16 16 18 
11 25 48 52 49 50 28 51 46 22 47 26 
14 21 25 29 17 19 25 26 30 23 18 23 20 22 27 
10 26 20 19 24 23 18 21 21 26 19 
8 31 35 37 32 36 34 6 33 
15 19 27 17 16 24 25 18 26 23 20 19 21 20 12 13 
16 21 33 16 30 36 35 22 37 24 18 32 17 23 20 38 19 
8 44 37 36 46 42 38 45 49 
14 29 47 45 24 26 50 30 31 46 51 49 23 48 27 
9 32 44 41 45 40 27 30 26 46 
8 41 47 35 37 50 38 39 51 
10 39 37 36 34 34 33 38 35 41 40 
12 13 19 15 16 11 10 12 15 11 14 12 13 
10 38 48 47 49 51 41 46 40 42 50 
7 36 35 31 34 33 32 29 
16 32 26 28 25 19 18 20 27 30 24 26 21 23 29 25 22 
8 48 49 47 10 15 46 16 13 
9 13 20 45 46 21 15 50 14 16 
15 22 15 18 30 20 22 28 23 26 29 21 25 14 16 17 
8 4 8 10 7 23 28 5 11 
9 39 44 46 42 10 45 43 41 11 
9 21 28 21 18 14 20 15 25 22 
7 46 51 47 44 49 50 43 
14 18 19 12 15 16 20 11 12 14 10 17 13 16 14 
14 33 23 16 29 26 17 24 25 21 18 27 28 19 30 
17 13 19 11 13 15 16 19 18 14 12 11 17 12 16 18 17 14 
8 23 24 27 39 29 26 46 44 
10 32 36 33 38 36 39 35 37 34 39 
12 40 37 38 38 37 34 39 42 34 39 35 41 
18 22 20 27 23 25 28 25 22 26 24 21 23 19 18 26 20 21 24 
16 10 12 20 19 15 22 17 18 23 17 11 15 18 21 16 14 
10 45 15 46 48 21 16 17 50 13 14 
16 20 15 6 14 4 19 13 5 2 17 16 7 10 8 3 21 
11 51 48 52 48 47 50 49 51 46 49 50 
16 11 13 13 10 16 16 15 18 14 14 15 12 11 12 10 17 
14 50 4 48 1 3 52 6 51 2 7 9 49 8 5 
12 38 7 37 6 35 1 5 40 36 33 3 2 
13 44 33 41 45 38 35 37 42 34 38 40 40 43 
16 48 43 40 47 39 41 46 45 42 46 42 44 47 41 44 43 
15 44 50 51 45 47 48 49 51 46 52 48 49 50 47 52 
14 51 43 49 51 50 52 48 45 44 47 46 50 49 45 
17 23 21 23 20 21 18 18 22 15 22 17 24 17 20 19 16 19 
12 17 14 18 19 13 10 12 12 11 13 15 16 
16 37 26 30 39 43 42 40 23 35 27 41 36 24 25 38 28 
15 24 18 30 20 25 31 13 23 16 27 19 29 12 15 14 
12 47 19 52 50 49 22 15 46 20 17 16 48 
9 27 31 33 26 28 32 30 25 29 
12 15 11 14 13 14 9 15 12 11 16 12 10 
7 38 18 21 34 37 35 31 
9 21 27 31 30 22 17 15 16 23 
16 51 47 52 23 24 25 46 26 49 19 22 48 27 50 21 20 
16 19 20 18 35 21 39 34 38 22 15 14 40 37 41 17 36 
16 48 46 50 51 51 52 45 45 47 47 49 50 46 49 43 44 
14 4 40 8 10 7 3 39 32 6 35 34 9 2 37 
8 16 19 12 10 18 18 14 11 
10 40 13 17 11 15 10 38 39 36 18 
9 49 16 13 46 11 15 44 51 52 
16 39 37 35 20 34 36 38 40 21 17 41 22 23 33 19 16 
9 42 38 19 41 43 36 15 13 40 
11 47 20 44 41 19 15 14 40 17 13 21 
12 27 45 41 44 43 40 30 22 48 23 46 42 
8 30 14 16 29 11 25 22 13 
18 36 11 40 37 5 35 6 3 34 42 39 9 38 4 41 8 10 7 
11 25 5 20 11 22 3 10 7 8 17 18 
8 25 25 19 23 29 21 30 33 
14 39 2 41 40 8 5 42 43 4 6 46 1 7 9 
15 31 28 25 30 29 20 21 32 23 19 24 27 27 22 24 
7 11 10 15 51 14 50 48 
14 31 30 35 36 16 17 13 18 37 14 34 11 10 33 
11 45 48 13 43 50 12 49 42 16 14 10 
8 13 8 10 11 5 7 4 1 
16 48 49 44 46 45 47 46 40 41 48 42 43 42 44 41 45 
14 2 47 39 42 44 1 40 45 43 4 41 46 3 5 
10 17 13 15 11 16 12 14 14 18 17 
12 2 10 8 3 9 12 11 10 4 6 7 5 
14 39 40 23 29 33 21 36 37 25 35 34 32 27 28 
16 38 42 44 31 35 34 45 30 41 36 37 47 43 46 39 40 
7 41 36 33 32 34 38 40 
17 35 30 32 33 39 32 33 35 37 36 31 34 34 36 28 38 31 
18 31 33 28 34 36 35 34 30 29 29 27 33 35 32 30 31 28 32 
16 5 10 46 9 11 47 7 12 42 44 50 48 8 4 45 6 
9 28 29 51 30 52 49 26 46 45 
9 30 36 44 32 29 34 48 42 41 
7 36 33 30 18 19 21 15 
9 23 28 29 24 40 43 31 46 45 
9 27 43 26 44 36 39 29 40 42 
12 13 30 25 8 5 9 29 11 12 10 31 32 
13 24 30 29 26 28 28 27 30 27 25 33 29 26 
13 14 36 15 43 37 39 16 10 42 38 35 13 12 
9 10 7 32 34 27 4 3 30 29 
15 16 36 38 12 33 35 31 19 30 17 34 13 15 18 14 
10 52 13 12 8 6 14 7 47 48 50 
8 16 14 23 24 10 22 11 13 
16 51 49 36 38 45 41 37 42 43 43 39 48 50 47 44 46 
17 47 36 41 35 42 50 40 37 46 43 39 44 38 43 45 48 51 
12 29 26 28 24 21 29 22 23 27 25 23 26 
17 44 17 49 51 16 14 20 47 19 15 48 45 46 18 50 12 43 
17 7 24 31 9 6 5 3 8 2 4 26 27 23 1 29 25 30 
10 16 9 45 10 52 50 51 15 48 11 
9 25 27 21 35 27 24 29 31 26 
9 50 47 48 52 36 34 30 31 51 
7 2 24 16 19 22 17 8 
17 29 27 26 25 25 23 21 28 33 24 30 32 20 27 26 19 31 
18 44 45 42 45 41 42 46 40 46 43 47 47 44 39 41 39 40 43 
16 28 29 38 43 22 41 23 24 30 36 39 40 42 26 25 44 
10 18 16 10 22 17 15 12 21 13 11 
10 25 23 17 20 22 24 28 22 20 18 
8 13 17 25 22 26 24 14 12 
12 22 21 19 17 18 19 16 21 17 23 15 22 
15 20 12 14 49 13 51 44 47 16 50 18 19 17 45 48 
17 18 23 21 20 20 22 21 19 24 22 18 15 23 26 16 19 25 
8 29 48 46 52 51 30 45 50 
8 13 12 9 10 8 15 12 15 
16 28 26 34 37 32 27 30 38 31 30 34 33 31 32 35 33 
15 13 12 16 16 17 14 18 19 18 17 14 15 11 13 10 
11 13 18 17 21 16 27 31 19 30 29 28 
16 19 21 27 25 22 24 26 26 23 24 23 27 28 20 21 25 
8 45 52 50 46 47 14 51 19 
16 31 37 39 38 41 42 30 35 36 26 27 28 32 40 25 29 
15 12 13 21 17 16 15 20 16 18 13 19 19 18 14 14 
12 31 28 41 30 39 36 35 37 29 38 34 36 
15 30 23 33 32 18 27 21 25 25 26 31 28 26 20 24 
10 20 30 17 32 34 18 22 26 23 33 
10 24 25 17 21 19 23 26 22 27 20 
13 20 14 21 17 17 19 18 20 15 16 13 18 15 
7 19 50 14 47 48 16 17 
8 38 34 6 7 2 31 30 35 
14 34 33 40 36 35 33 37 35 31 36 38 39 32 34 
7 42 48 49 14 18 11 41 
8 39 43 40 32 33 38 34 41 
13 20 15 14 16 15 13 20 19 14 18 19 21 17 
13 26 25 27 26 24 25 20 21 22 23 29 19 22 
10 45 39 19 42 43 16 44 17 14 13 
9 36 10 34 31 32 33 35 37 39 
7 22 21 25 28 30 18 22 
15 32 12 27 13 29 19 28 16 18 30 26 14 25 17 24 
11 40 12 8 4 6 37 9 39 10 42 11 
12 44 43 22 26 24 20 25 40 21 23 48 18 
11 40 37 42 38 36 41 35 12 10 43 39 
15 38 22 17 45 23 39 21 43 44 24 42 40 18 19 37 
13 22 43 41 21 19 20 25 24 44 45 23 39 26 
15 12 24 14 10 7 23 26 22 13 8 25 20 21 9 11 
15 30 33 34 43 45 29 44 39 38 35 46 32 41 37 40 
13 42 43 11 8 45 46 9 41 15 13 12 44 16 
14 24 38 27 28 29 36 34 35 32 25 30 26 33 23 
13 35 37 14 10 11 34 30 33 15 29 32 13 31 
8 22 19 23 41 15 45 17 46 
11 48 38 43 36 47 42 39 40 46 35 32 
12 30 30 32 37 34 27 29 35 31 35 28 36 
13 35 13 18 36 38 19 11 30 34 12 16 37 32 
12 24 25 22 26 31 23 29 29 24 25 30 30 
8 16 19 17 12 18 14 10 20 
10 4 46 50 43 48 1 47 5 51 49 
16 10 12 16 22 24 26 29 21 14 23 11 27 25 13 28 15 
11 34 35 36 29 32 31 30 30 32 29 25 
11 37 24 20 35 23 18 19 25 21 22 34 
7 13 36 34 12 11 14 10 
10 10 22 17 20 18 16 19 23 21 15 
9 21 14 12 18 17 23 20 13 16 
14 17 18 46 21 16 47 48 14 49 51 19 50 15 52 
17 41 36 38 37 35 40 23 29 39 25 31 33 27 24 34 26 30 
8 25 15 14 29 11 28 30 27 
12 51 42 41 38 37 39 40 43 52 48 44 49 
14 40 45 41 28 25 31 46 42 48 30 32 43 33 47 
8 48 42 40 45 30 25 44 43 
12 49 39 47 40 48 33 50 36 41 51 37 34 
16 35 32 27 34 30 10 31 6 14 8 29 13 9 28 12 7 
15 31 36 13 14 32 30 9 15 10 16 33 11 35 29 12 
13 15 15 11 8 11 10 16 14 17 13 12 13 16 
10 19 23 18 25 17 13 16 15 17 24 
8 3 4 46 9 1 5 42 49 
10 45 25 50 48 20 52 46 51 26 49 
10 19 1 21 15 16 17 3 18 22 2 
11 28 11 34 31 33 32 26 10 29 27 30 
17 23 18 34 27 19 25 30 17 20 24 26 28 29 21 33 31 32 
16 33 28 29 34 24 32 27 31 31 30 26 29 25 35 30 27 
9 9 41 42 2 40 4 6 43 46 
11 44 51 34 50 48 49 46 45 41 47 52 
14 43 39 49 45 38 37 50 42 40 44 41 48 52 51 
15 51 39 49 40 37 50 34 52 35 47 36 32 33 38 48 
14 13 33 32 12 34 11 6 8 7 5 28 27 9 31 
7 30 29 31 50 49 52 36 
14 14 12 15 28 29 10 27 24 23 13 31 30 26 25 
10 48 31 32 46 47 49 51 34 37 33 
8 18 28 36 10 32 11 17 29 
13 22 38 40 42 24 20 25 41 18 26 39 43 19 
11 18 28 13 29 26 16 27 15 30 31 33 
13 6 11 28 23 22 7 12 24 9 4 5 25 10 
11 18 14 23 16 27 19 24 13 25 22 29 
15 40 39 7 5 37 6 8 38 41 36 2 1 4 35 34 
8 46 50 44 47 49 45 48 43 
14 52 15 47 51 46 14 9 49 11 48 13 50 10 17 
8 10 10 12 13 14 16 11 9 
13 17 48 19 51 22 21 47 16 46 20 50 52 49 
10 49 48 51 52 52 46 45 50 48 47 
7 49 44 43 46 47 12 11 
11 37 34 40 39 35 35 38 33 42 38 36 
9 24 17 22 24 21 19 22 20 18 
13 36 3 40 38 5 4 39 2 42 1 44 37 43 
16 4 8 48 51 6 1 45 2 44 50 49 7 52 46 5 3 
11 27 1 23 3 28 21 2 20 25 24 6 
16 27 34 37 26 21 42 28 29 24 23 38 25 22 41 35 36 
9 1 46 6 4 2 45 44 49 8 
8 8 7 27 6 30 10 29 11 
13 51 41 46 35 48 34 37 33 52 39 45 40 47 
8 34 31 47 48 32 45 33 49 
15 35 30 42 36 37 32 40 43 38 39 44 37 36 33 41 
15 48 36 47 38 41 42 45 39 50 51 37 35 34 49 46 
11 29 34 30 26 21 22 36 35 29 24 37 
14 50 18 24 21 22 17 51 25 44 48 45 23 20 46 
12 2 4 45 39 46 44 41 7 5 47 6 3 
14 20 18 23 25 27 21 20 17 14 21 24 26 15 13 
9 23 50 49 22 52 21 20 27 24 
14 3 27 4 25 24 30 26 28 22 1 5 2 23 29 
15 45 22 26 24 44 23 19 20 47 43 27 21 41 48 40 
11 23 5 28 7 26 27 8 29 10 31 4 
7 35 37 36 39 38 40 51 
9 13 18 14 23 10 21 17 12 15 
13 40 39 25 37 41 36 44 43 24 17 21 22 19 
7 37 40 48 44 43 39 45 
15 12 11 17 11 13 15 3 10 18 7 14 5 8 10 6 
15 52 49 51 43 46 46 44 48 45 50 48 47 50 42 47 
16 18 19 31 35 27 14 34 33 28 13 16 32 29 11 17 15 
7 12 13 46 14 11 7 51 
14 14 51 48 8 44 15 52 47 12 11 13 45 7 49 
13 11 14 50 12 44 46 49 43 51 48 10 16 9 
10 43 39 37 38 36 49 40 42 44 42 
11 46 40 41 41 44 43 42 38 45 42 39 
11 4 3 8 16 20 6 2 17 9 7 18 
15 39 36 38 37 50 45 51 41 47 42 46 52 40 44 43 
9 44 43 39 33 47 49 40 32 48 
16 24 28 31 33 22 30 20 29 26 21 19 23 34 18 17 27 
14 22 21 19 29 33 26 23 31 24 20 30 25 35 18 
12 37 32 35 39 50 31 51 44 49 45 43 33 
18 47 21 44 22 17 18 25 42 46 48 24 45 41 20 23 40 19 43 
16 27 28 21 30 22 32 16 26 15 29 33 23 34 31 18 17 
7 40 22 23 37 16 44 21 
9 24 17 22 23 19 23 25 16 22 
18 39 37 34 13 15 18 33 38 17 14 16 12 36 32 19 40 11 35 
7 47 41 44 14 17 21 20 
11 13 25 24 32 14 30 31 29 21 18 17 
8 16 14 12 30 34 10 32 33 
17 35 34 7 32 31 13 9 27 14 15 30 29 8 10 11 28 33 
9 25 26 31 32 31 28 33 27 25 
15 47 48 47 48 52 51 43 45 46 42 50 49 44 41 40 
16 15 14 13 20 13 17 18 19 17 15 21 16 14 18 10 12 
12 21 40 39 37 36 16 35 38 32 15 34 19 
10 25 8 9 5 7 11 26 13 6 31 
17 20 15 25 24 23 13 26 22 18 27 17 21 28 11 16 14 12 
8 7 8 6 3 4 5 2 1 
10 13 46 39 16 11 43 12 42 19 14 
12 25 23 28 31 33 32 26 22 35 30 34 29 
11 37 36 38 39 33 41 38 34 32 37 35 
10 49 52 50 51 49 50 51 52 48 48 
15 20 26 29 24 26 22 24 23 25 28 21 27 22 25 28 
8 15 52 12 11 9 10 13 49 
7 32 44 31 33 43 47 46 
12 8 35 27 1 32 30 7 28 4 3 5 6 
14 42 39 38 37 45 35 32 36 40 39 34 38 37 43 
11 49 47 43 46 46 48 51 45 44 48 49 
10 26 35 33 34 29 36 32 30 30 31 
16 47 51 40 36 33 35 39 38 44 48 50 37 34 49 32 43 
10 19 21 20 23 51 52 45 24 16 49 
15 36 24 37 30 25 27 28 32 31 33 38 34 26 22 23 
7 40 36 34 35 29 33 38 
13 42 40 43 5 38 4 3 44 9 41 37 39 2 
12 25 22 16 19 18 17 20 27 29 23 14 13 
13 11 48 10 49 52 44 17 15 9 47 50 51 12 
17 44 5 1 9 46 39 2 7 47 41 8 42 40 6 3 45 43 
11 22 15 14 19 25 20 26 17 20 12 19 
13 18 21 20 17 15 23 49 22 19 47 51 52 48 
11 25 4 7 24 23 31 5 9 28 30 8 
18 18 47 44 49 17 51 19 46 48 16 45 15 50 13 12 52 14 20 
8 21 18 22 27 28 20 22 24 
11 39 38 20 42 17 46 21 45 43 40 24 
11 9 17 19 25 10 15 16 23 14 17 20 
12 10 15 9 12 5 18 11 4 7 16 12 14 
12 36 34 40 24 29 38 37 28 26 35 21 39 
10 8 40 46 12 42 44 11 47 9 41 
17 32 42 45 31 40 34 29 47 36 39 41 33 30 46 35 44 28 
12 28 27 2 24 30 25 3 1 26 31 32 4 
8 46 43 47 45 41 44 49 48 
12 35 38 45 39 42 47 36 42 41 43 46 43 
14 18 15 3 8 17 20 1 19 13 9 14 21 7 6 
10 9 46 51 13 10 8 50 11 12 48 
8 3 1 10 8 9 2 13 11 
12 11 49 6 7 50 48 12 52 8 10 51 13 
7 1 13 5 10 3 6 9 
10 33 28 19 20 23 29 25 24 31 34 
7 29 11 23 16 24 17 30 
10 14 11 10 13 8 6 7 14 12 9 
13 30 26 31 35 21 19 20 36 25 22 33 34 18 
10 42 20 37 35 43 39 26 24 23 22 
10 41 37 30 33 40 35 32 39 42 31 
11 27 30 29 24 28 28 31 25 30 33 32 
16 31 24 32 42 45 25 26 28 39 41 43 47 30 40 27 46 
12 37 49 51 36 31 38 52 48 30 34 32 50 
12 49 51 17 20 48 18 21 47 23 16 52 19 
11 23 12 16 17 14 29 11 24 26 28 10 
9 6 7 43 2 42 5 41 3 38 
14 41 37 52 48 40 38 50 34 35 36 49 42 39 51 
14 43 9 12 15 14 10 45 41 47 42 13 40 48 7 
10 16 40 17 34 41 35 39 37 15 21 
10 44 51 48 48 44 47 43 50 46 43 
15 42 34 35 38 41 36 39 36 35 41 39 38 40 37 40 
8 21 20 15 8 17 15 14 9 
18 45 43 22 21 18 17 40 48 41 23 47 46 16 24 42 19 44 20 
12 35 43 19 41 37 36 14 15 18 21 42 16 
10 31 16 19 38 35 17 23 22 24 36 
18 29 44 22 26 25 48 28 46 50 27 43 24 51 45 23 49 47 30 
18 40 26 34 31 30 37 33 29 34 27 39 32 41 28 42 35 38 36 
7 14 39 13 44 38 37 11 
14 44 24 48 47 28 30 27 29 49 25 50 32 51 26 
11 26 25 16 18 19 23 22 14 12 20 24 
7 18 13 15 16 20 17 14 
13 23 28 21 27 25 33 28 35 24 29 32 29 31 
9 43 19 22 17 18 20 41 46 40 
8 32 27 34 41 38 33 35 30 
14 47 46 38 34 44 50 37 45 39 36 40 48 41 35 
11 16 20 21 19 24 18 23 21 17 19 22 
8 37 41 4 5 6 45 42 11 
11 45 41 44 40 46 42 12 10 43 11 39 
7 26 28 24 14 12 15 30 
15 15 37 11 34 38 32 12 31 10 14 39 18 33 16 13 
13 15 22 14 10 19 21 12 16 24 13 11 20 17 
14 1 17 3 14 15 21 18 6 20 13 2 5 4 19 
10 35 36 17 37 15 12 41 34 14 13 
8 14 15 11 17 52 16 51 10 
13 50 34 30 33 48 46 28 27 45 35 29 32 47 
18 34 42 40 37 38 41 37 34 35 40 39 38 39 35 36 32 36 33 
15 15 18 16 13 12 13 18 14 11 16 14 19 21 10 20 
13 48 50 52 3 11 9 7 6 4 49 51 8 5 
14 16 9 38 33 12 34 13 35 30 15 32 8 10 14 
10 17 18 15 48 11 16 46 42 45 14 
15 30 11 9 5 34 31 7 28 27 35 6 33 13 32 29 
12 23 33 18 34 26 29 28 21 25 32 27 24 
11 26 27 28 34 38 31 37 33 32 29 35 
12 15 18 13 12 11 3 10 16 2 14 5 1 
17 47 19 50 13 18 16 15 52 46 48 14 45 49 17 51 20 21 
12 39 46 7 42 43 2 6 38 45 1 44 40 
15 20 21 26 21 23 29 18 23 15 25 22 24 27 28 16 
16 22 2 5 18 3 17 23 7 16 4 20 19 21 8 15 6 
7 47 19 18 14 15 52 49 
13 29 48 25 33 49 51 50 28 32 47 31 52 27 
12 9 8 13 11 14 13 12 6 10 15 11 10 
14 36 38 39 22 27 26 23 41 40 42 24 44 43 21 
11 11 9 17 44 46 49 10 43 16 15 13 
10 2 8 4 6 5 10 9 1 3 7 
9 32 41 31 36 39 37 43 38 44 
9 47 44 42 49 43 46 42 40 45 
7 21 13 27 26 23 12 24 
11 27 18 22 11 25 26 23 15 13 17 14 
7 35 27 31 34 10 30 28 
7 26 38 44 23 39 43 19 
13 5 32 8 6 3 9 39 38 37 7 1 34 31 
15 31 29 27 51 52 28 24 50 49 45 32 30 46 47 48 
7 33 34 45 47 39 49 35 
15 46 42 46 47 44 43 41 47 40 45 44 40 45 41 48 
10 30 8 34 14 10 33 12 6 9 28 
11 43 49 13 47 12 17 48 14 10 9 16 
10 28 24 22 23 26 21 23 29 22 24 
7 24 21 21 15 20 17 25 
11 35 32 29 26 27 33 23 30 36 34 29 
11 32 19 13 20 18 29 31 12 26 16 15 
17 18 30 19 27 28 15 29 25 26 16 23 20 22 17 14 13 12 
10 39 35 37 34 44 37 39 40 42 38 
8 1 4 3 2 19 17 7 5 
10 12 11 17 13 18 21 27 14 19 15 
14 22 20 14 28 19 21 24 18 13 29 23 26 25 15 
17 36 15 19 30 21 16 34 35 32 31 23 22 20 17 29 18 33 
10 29 32 33 30 28 26 23 24 26 27 
7 39 35 34 38 10 41 37 
8 19 23 16 6 7 20 17 21 
13 10 7 21 11 24 6 27 13 22 26 28 12 8 
15 39 28 36 33 35 31 38 37 33 32 34 30 32 34 29 
10 15 29 32 10 27 12 30 31 16 13 
11 41 47 45 40 36 42 46 44 43 37 38 
9 31 28 3 6 9 5 10 34 29 
14 44 47 20 21 23 42 26 45 41 22 40 25 27 24 
11 41 47 46 40 42 44 43 50 45 49 48 
17 30 15 20 36 17 16 19 37 14 31 32 34 12 35 38 13 33 
7 36 33 35 34 29 29 22 
7 11 14 39 12 19 36 16 
12 39 34 25 23 22 24 32 36 37 17 19 38 
10 26 23 51 48 22 28 24 25 21 49 
16 38 21 20 16 22 19 39 18 44 40 37 15 43 42 17 45 
8 17 20 23 20 22 18 21 22 
14 16 19 14 24 23 17 17 21 18 18 21 20 19 13 
14 15 19 23 18 11 16 24 22 12 17 14 18 17 20 
13 19 23 21 48 45 52 20 47 49 17 46 51 18 
16 42 35 36 41 44 41 43 43 39 45 42 37 40 39 40 38 
10 9 29 30 31 12 13 34 27 33 28 
8 46 10 47 45 44 42 48 11 
13 39 40 35 45 41 46 34 38 44 33 40 39 36 
12 9 14 17 20 21 18 4 6 5 13 7 19 
7 51 26 21 47 23 46 22 
11 27 23 26 28 29 40 25 22 39 30 42 
18 19 41 44 22 39 18 21 47 43 26 25 40 24 46 42 45 23 20 
12 34 2 7 3 38 37 1 39 5 35 36 6 
8 4 3 32 40 6 36 5 1 
16 11 17 13 12 16 14 13 14 10 18 12 15 15 10 16 11 
12 11 52 46 48 14 51 49 13 12 45 44 47 
8 30 28 29 22 27 24 26 25 
15 35 30 11 3 5 10 9 32 29 33 31 37 4 7 8 
16 40 22 23 29 37 34 36 26 32 38 39 33 30 28 25 35 
8 24 49 44 27 21 47 46 23 
10 15 6 16 10 7 8 11 5 12 14 
18 32 37 24 43 28 26 40 29 45 25 27 42 39 41 31 44 38 30 
11 15 13 17 21 14 20 21 18 19 15 14 
15 35 29 27 28 32 26 34 22 28 23 33 30 31 27 25 
9 5 12 13 10 8 4 1 6 14 
8 33 10 28 26 29 34 13 11 
16 27 49 46 47 51 23 26 31 24 28 30 25 52 29 50 48 
14 25 20 46 21 47 24 51 50 44 18 22 23 19 48 
14 20 24 23 26 28 30 17 29 23 22 27 24 19 18 
15 16 35 19 36 18 42 15 41 38 17 23 39 21 37 40 
13 36 38 40 35 41 43 33 30 31 39 34 37 42 
11 41 42 46 39 40 50 45 47 47 43 49 
9 12 44 37 40 13 11 10 15 42 
14 47 38 48 45 33 46 39 51 35 49 36 50 41 34 
16 16 6 4 20 21 5 7 18 1 17 19 23 8 22 3 15 
15 31 32 30 35 22 36 20 21 17 33 37 15 34 14 38 
11 7 37 31 6 39 4 38 2 35 33 1 
11 32 36 11 10 37 34 35 31 39 12 38 
17 32 46 33 28 36 30 47 50 51 44 35 43 49 31 34 45 29 
10 45 11 48 12 52 50 44 13 47 49 
17 18 16 15 20 14 18 21 13 22 12 10 16 14 17 11 19 15 
17 37 30 47 51 50 43 46 48 35 32 31 34 49 29 33 45 44 
11 34 47 35 51 52 33 49 48 50 36 28 
15 43 50 41 52 44 45 48 37 47 39 51 42 38 49 40 
15 15 14 33 36 30 11 34 31 35 28 10 32 13 29 12 
8 28 24 44 43 51 46 23 48 
15 45 32 40 47 48 36 33 46 51 38 44 49 34 43 50 
18 29 25 27 25 31 26 28 28 24 27 31 32 32 29 30 30 26 24 
12 18 12 1 11 3 15 4 5 6 17 2 14 
7 19 18 13 12 10 17 14 
16 41 43 42 44 47 36 40 38 48 46 40 39 37 34 45 35 
9 28 26 31 29 23 25 27 30 24 
17 29 32 23 26 25 28 29 28 24 31 36 31 30 33 35 27 34 
10 33 36 5 39 37 1 35 32 38 34 
18 12 34 15 40 41 13 10 35 36 17 33 14 38 16 39 18 11 37 
16 17 14 16 18 46 20 42 45 43 19 40 21 48 47 41 15 
15 17 23 16 26 25 14 28 27 29 15 24 10 9 13 11 
13 5 6 11 45 44 46 50 47 13 10 9 8 43 
18 39 40 38 42 41 14 18 19 17 34 16 35 15 37 12 36 13 11 
13 17 12 16 14 15 11 16 15 13 21 13 14 20 
7 23 22 30 17 34 36 38 
10 20 30 28 31 23 26 29 26 33 19 
11 50 31 49 28 48 34 42 45 29 43 44 
15 10 45 46 11 50 17 12 15 47 42 48 13 18 43 49 
7 1 48 2 4 50 52 3 
14 35 43 27 40 28 29 42 23 39 26 41 25 36 24 
11 31 42 46 41 30 29 32 39 35 34 33 
16 31 10 18 32 29 12 11 28 25 14 27 26 15 17 13 30 
18 42 22 21 47 26 41 49 46 45 24 28 23 44 27 25 29 43 48 
17 1 43 7 8 41 9 6 39 38 37 4 44 40 36 42 2 3 
8 33 29 27 32 26 28 31 30 
10 44 51 12 11 49 13 47 10 45 46 
15 16 18 12 13 21 9 15 17 15 16 14 14 17 20 19 
10 12 14 39 36 17 13 11 34 16 10 
15 12 6 11 12 10 15 17 9 13 11 8 14 16 7 5 
7 20 36 37 19 16 39 14 
10 18 29 14 20 17 27 15 28 13 19 
15 18 17 37 16 31 12 36 32 13 30 20 19 29 14 34 
9 31 38 37 1 30 2 4 36 32 
8 35 13 12 9 15 16 8 30 
16 17 24 25 21 22 21 20 19 18 16 27 28 15 13 20 26 
14 16 11 10 12 48 50 13 15 8 52 9 47 49 14 
13 37 42 44 40 37 45 43 39 38 34 42 35 36 
16 31 48 46 51 33 37 47 38 49 52 32 34 35 50 30 36 
7 39 35 41 15 18 17 40 
15 16 18 20 21 17 22 20 17 19 24 23 24 16 22 19 
8 12 18 10 10 17 11 15 14 
8 14 46 17 40 18 21 19 16 
15 22 30 29 27 23 14 21 28 26 13 19 20 18 25 17 
8 16 37 13 15 39 41 11 10 
15 34 46 43 39 40 45 41 38 39 35 40 33 36 37 38 
18 28 31 35 32 36 29 34 30 26 31 25 27 33 29 28 32 33 30 
7 24 22 44 47 25 42 45 
11 39 34 10 37 13 15 12 11 14 32 36 
14 49 47 41 46 40 42 39 44 47 52 43 50 45 51 
11 39 35 42 36 34 43 40 40 38 39 35 
10 46 17 44 14 49 11 13 47 48 41 
11 18 52 51 19 20 48 14 49 15 50 17 
15 12 14 7 16 12 13 17 10 18 13 8 10 11 9 6 
15 35 45 29 34 44 33 43 30 48 27 31 49 41 28 46 
10 30 39 43 34 44 42 29 45 38 28 
10 45 39 40 11 41 43 42 47 46 44 
11 9 11 13 8 46 10 12 51 47 52 50 
10 37 39 43 37 35 42 40 44 33 36 
15 8 1 40 9 48 2 46 3 42 47 43 45 7 5 44 
15 40 41 32 44 38 43 37 34 36 42 37 33 36 38 40 
10 10 16 12 37 42 11 38 41 13 39 
17 46 14 44 47 43 13 19 18 48 42 17 15 16 45 21 50 20 
11 22 10 15 12 16 13 17 21 14 20 11 
16 32 22 35 21 27 29 28 24 34 25 27 29 26 28 30 33 
14 42 14 49 13 12 45 16 47 11 43 44 50 46 10 
13 40 45 34 28 47 31 27 32 41 39 29 46 33 
8 44 51 50 48 43 46 47 45 
10 12 33 27 14 28 26 17 29 30 13 
11 46 45 43 50 45 50 47 48 51 49 46 
7 26 20 24 18 23 19 22 
10 39 32 37 33 40 42 35 27 28 29 
11 50 49 43 52 45 49 46 42 41 51 44 
14 34 31 30 51 45 46 49 44 48 32 35 50 36 37 
13 14 11 7 15 16 6 13 4 2 1 3 5 17 
14 50 23 48 49 52 24 26 25 47 30 29 28 27 31 
11 42 47 43 44 49 43 45 36 48 40 37 
7 9 3 8 1 7 4 6 
8 43 5 45 47 41 42 48 10 
10 47 51 42 43 48 49 46 48 50 49 
8 17 13 52 14 15 50 12 18 
8 11 9 7 30 33 10 34 32 
13 27 31 29 21 20 24 26 26 25 30 33 32 19 
10 41 48 44 36 41 37 40 38 44 39 
10 45 49 46 50 51 52 48 44 51 50 
9 40 27 22 25 29 26 42 35 36 
10 47 16 44 12 15 13 46 42 45 17 
12 35 20 38 27 22 34 28 23 32 26 24 25 
14 7 25 15 14 23 27 28 21 26 24 10 22 11 8 
10 38 15 16 35 34 18 17 13 14 33 
9 43 42 46 47 49 45 49 47 43 
17 5 34 30 33 4 8 10 31 35 6 38 2 37 32 7 3 9 
11 10 3 7 35 8 41 38 6 37 40 5 
17 31 10 30 3 32 2 28 5 34 33 29 6 36 35 8 9 4 
10 34 38 28 26 37 42 34 39 40 27 
7 17 15 14 43 46 13 40 
18 29 22 24 27 23 30 23 25 30 24 22 28 26 28 26 25 29 27 
9 7 8 12 9 5 10 6 13 11 
17 44 45 42 46 42 40 45 46 41 43 43 41 39 38 44 49 48 
13 4 30 34 1 31 35 37 8 7 38 32 33 2 
10 41 48 39 43 37 41 35 38 40 42 
7 11 46 13 52 15 16 17 
12 25 20 19 22 32 18 31 24 26 17 28 23 
11 50 52 47 35 51 31 48 49 38 32 37 
13 41 42 45 40 38 36 39 35 33 43 48 47 34 
11 17 14 10 11 16 12 18 20 12 13 15 
16 27 18 33 32 16 23 21 17 34 19 26 20 29 24 22 30 
16 24 26 25 16 15 28 27 14 10 31 11 29 12 13 30 32 
14 33 28 13 11 27 26 12 10 8 30 9 14 15 29 
8 14 23 21 15 17 26 19 20 
17 44 48 35 43 41 47 33 46 28 27 40 30 42 29 31 45 34 
10 32 30 26 34 14 29 15 12 28 31 
11 24 41 40 27 48 21 26 42 23 46 25 
9 22 47 51 29 27 30 48 24 45 
15 18 41 11 42 43 12 40 14 37 39 19 13 17 16 38 
12 45 42 38 40 47 44 39 42 43 41 35 36 
10 52 31 47 48 35 51 30 36 32 33 
18 10 6 7 33 34 9 4 8 2 32 3 36 40 38 37 5 39 35 
9 27 31 13 21 14 15 32 20 28 
17 22 18 19 24 21 22 25 20 23 21 26 24 20 26 19 23 18 
8 51 49 44 50 15 10 16 14 
14 23 21 25 30 36 28 33 24 20 35 22 19 26 31 
10 31 3 5 4 7 23 6 28 9 27 
14 14 52 48 21 16 15 17 19 22 51 49 20 50 18 
8 15 52 9 13 10 17 50 51 
17 18 15 15 16 13 21 16 20 14 17 21 17 19 13 14 20 19 
11 48 46 49 43 45 2 51 7 3 4 50 
12 39 37 44 49 42 43 48 42 40 45 43 46 
12 17 19 23 22 20 18 21 22 15 24 21 19 
12 6 26 3 24 5 23 27 21 20 4 22 1 
18 12 37 11 17 18 32 35 14 36 39 34 16 38 15 13 19 31 33 
13 49 47 43 48 43 44 41 42 42 46 45 41 38 
14 33 6 35 13 8 9 36 10 7 11 40 32 14 39 
17 48 44 50 45 43 45 40 41 47 46 49 46 51 44 48 47 43 
9 16 18 23 24 17 21 19 20 22 
8 29 37 30 28 34 31 31 25 
10 11 33 14 34 27 31 30 28 12 16 
7 40 43 42 19 22 41 20 
8 45 20 21 48 24 27 43 46 
11 6 19 9 22 20 11 4 5 24 7 8 
11 19 20 5 8 9 10 13 18 17 7 11 
13 11 14 10 13 9 5 10 12 11 12 4 6 7 
13 28 41 42 22 46 25 40 29 30 45 24 27 39 
9 24 19 20 25 23 21 22 16 24 
10 48 25 46 27 50 28 51 31 29 52 
16 29 30 31 32 12 24 11 13 25 15 8 27 14 10 16 9 
18 34 37 15 16 21 30 35 32 18 22 33 23 20 31 36 19 29 17 
7 22 15 11 13 17 19 17 
9 21 22 29 28 20 23 27 26 16 
7 22 10 23 19 16 24 21 
11 40 16 15 35 38 41 21 22 39 23 19 
13 48 45 44 37 39 38 52 51 43 42 49 40 50 
10 10 12 16 11 15 14 9 8 13 10 
15 19 18 14 37 44 13 43 42 40 17 12 16 39 36 38 
14 27 24 22 24 21 20 28 23 23 25 22 19 26 21 
13 48 20 45 23 26 44 46 22 21 24 28 49 27 
16 45 22 41 29 47 44 43 21 42 24 39 40 46 23 28 25 
18 48 40 50 52 45 49 43 51 44 45 41 42 46 48 47 46 44 47 
9 29 48 51 30 47 45 31 25 49 
11 37 14 41 43 22 44 17 38 40 19 39 
10 40 42 41 47 44 34 33 48 43 36 
15 12 12 17 15 13 18 17 18 13 11 16 15 19 10 11 
9 39 40 35 34 36 37 33 41 38 
9 47 50 45 47 49 44 49 48 46 
11 34 5 31 33 36 37 39 38 35 32 3 
12 26 20 16 29 23 14 21 19 15 27 24 25 
12 10 14 14 6 11 12 8 13 7 13 9 10 
8 5 1 35 40 4 6 37 7 
10 33 30 30 36 35 23 24 26 31 28 
10 16 18 15 14 19 12 12 17 10 13 
12 29 47 49 51 25 48 31 26 24 32 45 28 
12 41 37 32 40 43 39 37 38 35 36 42 39 
18 43 46 32 44 30 45 33 31 37 50 47 29 34 36 48 42 49 35 
9 35 41 34 44 37 43 30 42 31 
13 2 5 28 3 34 35 31 29 33 4 6 32 30 
11 52 19 50 11 16 49 18 17 13 46 47 
16 35 41 51 46 39 33 52 40 34 38 47 48 37 45 36 49 
11 39 40 34 31 36 37 33 38 30 41 33 
9 27 30 11 25 29 28 32 15 31 
16 46 40 42 43 17 44 38 41 14 15 22 45 20 19 16 18 
18 26 24 41 27 29 47 39 31 23 42 30 25 45 40 46 28 44 43 
15 51 52 12 18 15 46 47 50 10 48 16 14 11 49 13 
7 49 22 24 21 44 19 23 
12 38 20 32 33 26 25 37 36 35 39 19 31 
10 12 39 43 11 44 41 42 10 38 45 
17 33 7 28 29 34 5 6 35 3 31 1 9 32 2 30 4 36 
16 14 3 9 13 19 12 11 8 10 7 15 17 2 5 4 6 
18 21 20 31 19 28 27 25 18 29 26 33 32 24 23 16 22 30 17 
11 25 17 20 18 22 22 20 18 24 17 16 
16 9 36 6 3 39 10 4 40 2 34 7 5 38 41 42 8 
7 51 50 10 44 16 45 17 
10 23 26 24 19 22 18 24 21 16 23 
10 25 7 28 20 3 23 8 22 5 6 
8 48 49 50 51 48 49 50 52 
18 22 46 23 51 48 16 20 15 17 49 52 47 45 44 18 50 19 21 
16 11 7 30 31 12 26 32 8 28 24 14 10 25 27 9 15 
17 26 25 44 20 50 24 18 47 46 49 23 45 19 48 43 21 51 
14 14 16 19 11 13 15 13 14 15 12 12 18 16 17 
14 52 12 9 47 51 48 7 11 49 50 10 14 8 13 
15 9 46 4 40 8 42 48 41 1 47 5 43 7 6 2 
8 39 40 46 44 41 48 41 35 
9 40 44 44 45 37 42 50 38 49 
16 18 16 17 37 35 33 30 20 34 31 19 23 38 36 15 32 
9 34 36 39 37 38 51 49 48 46 
12 16 51 20 49 22 52 19 23 50 48 17 15 
13 38 40 42 41 15 39 17 23 46 43 21 16 18 
17 15 12 9 15 20 18 11 14 21 19 7 13 22 8 14 16 17 
11 7 12 19 25 23 21 9 14 13 10 18 
10 9 19 16 21 22 18 17 14 20 7 
9 21 26 24 46 22 23 20 27 51 
13 39 36 40 38 37 40 41 43 35 33 39 34 36 
8 30 46 26 45 52 32 27 49 
9 47 45 48 43 41 45 40 46 40 
11 36 34 35 33 2 8 37 3 39 4 5 
12 44 46 40 43 42 34 45 50 38 39 49 41 
14 33 37 35 23 38 34 29 41 31 27 40 25 39 30 
