3
500
39 7720 1239 2438 8856 1798 8366 2286 451 613 5854 8101 1143 282 538 5922 8946 6286 2998 4681 977 1892 1656 5907 8458 1324 8882 2241 9726 2279 2447 591 841 8588 6908 1238 3612 2618 2457 868 9534 6879 8224 7888 1598 585 2213 1112 7579 7067 7630 9405 2280 3506 4389 1650 2330 7177 2332 9265 2115 4137 6929 1103 1653 8405 4338 7857 5599 4773 4098 3214 4684 6704 5261 5943 2748 7376 8872 8005 6674 3153 1820 3505 240 4187 2805 8938 3024 336 534 1394 6021 1575 5984 3962 625 7066 7570 2831 4168 2237 1250 3637 5620 5728 2701 4324 4923 2775 6812 2063 3566 5192 120 8748 6051 9621 6335 5969 7525 3578 5047 5532 4459 9273 6531 2135 2582 436 1668 9161 6815 9643 977 2528 3824 1095 1769 9245 3825 4022 808 9297 6727 4264 3641 1063 9048 5081 748 5329 114 1184 6760 2744 6892 1495 7362 9134 8573 8652 8255 8471 3020 3975 8822 823 1911 1453 249 2157 9912 3476 6437 720 6389 1256 3448 8841 8855 6494 4756 1842 6205 6168 4817 6557 2002 5928 215 4552 9084 2280 1675 4847 7015 1800 6666 5538 2561 6953 5876 361 87 5851 523 1734 9456 258 5469 9098 8776 2142 8941 9178 5744 282 6617 9123 2148 2613 392 8524 9133 1696 66 9307 1176 5880 1028 4234 4054 948 8483 9163 7702 3745 3457 2746 4592 6860 2815 1314 5795 2655 4066 6019 2578 6784 8889 595 7209 8406 1677 4498 9335 478 8121 7026 2631 253 1373 2246 1967 1062 6158 2490 860 2111 8576 1941 4365 927 694 1898 4416 2090 9993 2661 5082 4897 8312 6980 7979 6355 6959 3699 3137 3704 3259 5644 7724 2384 1804 6527 3010 9191 2476 9503 8579 8252 3855 1885 3103 2755 7036 6953 55 5783 2299 1638 2 8116 8127 9518 7233 6324 6533 8966 9589 727 9454 4194 6479 2089 5530 6268 6728 4895 7573 753 1858 7362 1911 4620 1807 6911 9094 1208 113 2494 127 4336 6913 5906 5365 841 1427 6064 5337 2611 7802 1331 8938 1403 8136 7072 8702 9509 7193 7541 2610 3720 3681 2519 9999 3802 3235 2237 4078 4622 1204 8871 1102 5450 8223 2003 5315 1582 4537 5680 5712 8562 2488 2340 2200 5696 6688 1852 2114 2066 5150 2467 4235 5580 7944 6388 5552 8093 8517 3539 1292 1315 6393 5609 1951 4685 6404 3342 8752 2692 1452 5933 7412 1292 3959 9314 1824 9655 7037 1606 1195 3068 3101 3743 5655 3206 3296 3985 642 5007 4379 1594 2760 5103 7961 9597 4043 592 2296 3901 8549 8660 6274 4396 2061 3048 9823 3780 4809 26 6073 3862 6019 7722 1920 6946 1103 4861 2063 3750 9212 2600 383 8682 7065 3963 4634 1771 8921 2267 9571 3622 7530 9828 5092 9304 4227 2159 3288 1540 3020 8785 9898 4036 6834 1780 845 9155 299 8506 1326 3707 5382 3934 615 4123 1047 2798 
7123 3720 2768 9347 1962 8416 5076 9003 7673 8469 4809 3029 8696 4357 3805 9297 8296 2660 2990 6001 877 3418 6752 1792 6308 1462 7913 3688 8603 4899 9801 6206 2591 2162 6412 2023 1578 1237 1601 3161 8538 7601 7664 2312 2155 5510 2780 4628 5805 4329 9554 2764 9688 4288 537 3776 2524 818 2971 4324 6870 570 4987 2952 4649 6158 8081 6557 7820 8240 1297 4491 354 7521 8509 5502 903 7004 2107 2004 642 5342 690 4987 6711 2288 1681 5966 9161 2388 1366 1604 9069 5600 6514 4256 1650 2657 7884 2520 1218 9845 8326 1056 8836 4171 6003 1404 2246 2351 2211 5578 5770 532 2446 3365 2511 7739 2298 6798 6331 9146 5781 1844 8923 9779 5318 2736 2871 5435 1628 7269 6842 2445 8929 3377 5081 5849 5151 3840 1849 3798 1775 4728 2306 911 9333 1910 7724 5873 7231 8876 7185 7476 1835 4667 8515 575 593 702 2331 4444 8707 1466 887 6704 7610 1664 2174 3206 1129 8236 7156 2330 6035 7465 8880 7080 2209 706 5813 7250 5112 1729 263 592 9793 3008 4467 9727 8090 4632 7739 6463 1444 1854 9621 2018 7131 7532 7941 307 2052 5035 5026 434 5721 8729 7804 4758 9342 385 8607 7341 5597 4580 8856 2354 1791 347 7294 468 1813 6222 6014 6154 9576 187 2136 994 1276 5049 1126 8045 6848 755 1333 6570 8120 8681 607 2020 3635 9359 2471 4180 2131 6346 2697 3448 140 3476 2047 2012 4032 8570 6058 7769 4710 4300 3131 503 7621 5212 2460 2428 2911 2461 5839 6227 6008 6117 799 356 933 2113 430 6244 888 7341 3505 738 6262 9732 2143 7835 801 8934 457 6210 8628 863 131 4451 1999 419 9119 117 2280 7764 5611 5338 3188 2291 5574 5316 8955 9213 1749 9040 126 4809 6681 5150 44 9763 3827 4620 9200 7035 6545 1498 2221 3273 732 1652 6796 8290 7494 7362 6103 347 3312 4104 2782 2622 4105 332 4531 3472 7882 8518 832 1215 9609 8256 2190 7527 8945 3318 7331 6752 2570 480 6557 4822 890 3486 4365 7842 3193 2764 5701 1679 4439 6992 7875 2219 2017 2253 194 9311 6525 423 5016 7660 6121 3986 1872 7529 3879 6384 1556 4426 8767 6180 101 5526 3868 1773 9140 5020 1039 8344 9798 2066 85 8911 8106 356 1386 6456 3117 8929 2033 948 1241 7700 9264 1387 7371 7585 8907 9476 2028 7795 4582 5684 8735 7007 6817 5366 1048 8232 9541 179 1762 6833 1412 1801 1373 6002 6265 7264 2349 7839 532 6076 6334 9058 8536 1863 7139 6055 4368 5286 9921 1524 8677 6725 7443 1429 8663 9088 8281 41 4714 525 9605 4612 5181 3576 4893 5050 7160 5822 1584 2097 4808 2235 5374 6382 2650 230 8743 1846 676 9715 7433 2740 3400 9393 1385 1509 9459 3737 8343 4418 734 2937 8740 2879 983 3651 3082 324 6554 3927 7447 1072 2 1 183
3 1 469
4 1 67
5 3 685
6 4 841
7 4 260
8 5 79
9 8 367
10 7 327
11 2 237
12 11 520
13 7 991
14 5 245
15 9 441
16 12 620
17 7 681
18 15 809
19 15 45
20 14 396
21 13 105
22 3 464
23 19 409
24 2 22
25 9 588
26 6 986
27 22 218
28 7 435
29 15 287
30 1 217
31 19 960
32 25 506
33 7 189
34 24 438
35 17 720
36 12 764
37 13 22
38 5 220
39 20 387
40 30 454
41 2 435
42 2 219
43 6 102
44 30 835
45 9 499
46 43 526
47 4 424
48 31 815
49 27 297
50 43 190
51 31 975
52 1 445
53 52 627
54 28 381
55 34 492
56 47 585
57 27 860
58 15 411
59 25 962
60 38 214
61 54 908
62 56 93
63 11 874
64 55 594
65 12 427
66 34 712
67 1 242
68 64 997
69 13 753
70 3 819
71 23 273
72 71 606
73 61 529
74 66 779
75 51 893
76 13 126
77 57 897
78 1 204
79 55 142
80 65 643
81 16 179
82 67 790
83 57 512
84 16 894
85 20 871
86 70 933
87 41 309
88 44 621
89 7 512
90 35 905
91 47 16
92 84 266
93 78 258
94 59 444
95 34 315
96 65 674
97 34 562
98 67 503
99 55 34
100 1 822
101 45 630
102 73 797
103 83 966
104 93 486
105 1 985
106 52 134
107 88 243
108 29 545
109 22 729
110 92 766
111 74 274
112 41 382
113 7 224
114 81 531
115 23 615
116 94 455
117 37 782
118 72 243
119 106 636
120 21 737
121 52 301
122 99 483
123 68 205
124 54 629
125 16 379
126 100 952
127 56 386
128 67 449
129 9 452
130 2 154
131 115 552
132 80 144
133 63 254
134 85 469
135 41 200
136 112 662
137 111 683
138 6 263
139 32 630
140 4 325
141 12 459
142 128 620
143 111 580
144 89 235
145 127 175
146 140 253
147 132 396
148 140 457
149 40 383
150 35 508
151 55 98
152 87 229
153 130 301
154 133 849
155 80 200
156 149 729
157 119 391
158 104 217
159 12 807
160 138 314
161 129 265
162 158 466
163 49 28
164 7 714
165 66 376
166 56 992
167 158 25
168 34 854
169 86 424
170 109 987
171 125 688
172 22 849
173 8 703
174 159 23
175 32 276
176 122 479
177 72 928
178 32 874
179 1 816
180 71 379
181 8 618
182 97 617
183 88 469
184 153 937
185 114 502
186 158 484
187 2 825
188 149 141
189 27 332
190 30 685
191 31 218
192 135 738
193 75 87
194 38 549
195 58 151
196 101 436
197 47 132
198 130 448
199 148 176
200 36 863
201 134 623
202 197 284
203 163 665
204 27 581
205 64 390
206 134 149
207 31 890
208 34 780
209 131 996
210 162 468
211 98 218
212 47 317
213 157 815
214 79 75
215 153 143
216 211 158
217 114 514
218 93 91
219 179 520
220 214 57
221 8 860
222 13 190
223 209 572
224 117 811
225 6 856
226 188 901
227 18 688
228 164 366
229 21 739
230 172 228
231 187 701
232 115 639
233 191 544
234 111 513
235 55 191
236 66 673
237 194 367
238 169 488
239 80 567
240 83 184
241 222 738
242 122 722
243 155 562
244 157 447
245 191 615
246 26 697
247 223 896
248 139 267
249 60 793
250 135 686
251 199 574
252 25 517
253 131 710
254 196 715
255 60 740
256 96 772
257 211 122
258 107 401
259 14 559
260 94 872
261 160 563
262 208 644
263 238 568
264 96 520
265 130 140
266 119 882
267 193 516
268 78 358
269 70 98
270 96 679
271 178 906
272 135 358
273 267 666
274 242 708
275 55 192
276 237 402
277 254 577
278 111 523
279 24 582
280 220 792
281 120 945
282 43 437
283 57 193
284 71 946
285 135 75
286 169 789
287 87 210
288 277 477
289 112 128
290 117 546
291 268 765
292 221 11
293 104 590
294 250 624
295 124 594
296 3 690
297 46 674
298 262 751
299 277 271
300 43 250
301 154 896
302 145 515
303 63 283
304 88 579
305 201 676
306 87 115
307 101 837
308 301 125
309 111 413
310 84 370
311 161 747
312 18 574
313 68 964
314 281 361
315 271 436
316 245 687
317 280 457
318 19 162
319 209 86
320 160 399
321 223 655
322 241 982
323 154 992
324 217 918
325 37 723
326 324 481
327 199 746
328 179 483
329 27 329
330 127 97
331 225 936
332 196 352
333 232 760
334 250 635
335 137 531
336 232 49
337 137 513
338 134 781
339 11 840
340 324 712
341 229 147
342 39 509
343 319 782
344 265 675
345 322 689
346 287 624
347 295 740
348 51 628
349 98 746
350 268 668
351 334 89
352 157 392
353 95 409
354 173 207
355 182 10
356 63 114
357 324 179
358 183 374
359 339 840
360 142 853
361 1 372
362 243 743
363 343 143
364 246 45
365 203 2
366 150 63
367 305 793
368 221 278
369 105 71
370 272 860
371 9 161
372 371 875
373 73 955
374 76 292
375 104 928
376 357 705
377 361 577
378 280 781
379 342 163
380 268 114
381 146 981
382 310 218
383 74 858
384 143 466
385 48 709
386 321 100
387 192 970
388 19 269
389 260 557
390 140 847
391 151 77
392 335 367
393 377 216
394 231 433
395 105 141
396 70 562
397 63 318
398 306 671
399 298 365
400 114 700
401 347 96
402 318 424
403 224 912
404 286 711
405 305 166
406 252 455
407 288 343
408 269 423
409 137 770
410 353 461
411 309 911
412 205 567
413 75 51
414 131 949
415 358 113
416 61 941
417 115 491
418 276 158
419 24 177
420 179 137
421 353 145
422 403 596
423 390 39
424 13 209
425 314 663
426 99 760
427 400 561
428 105 520
429 77 324
430 414 483
431 326 695
432 109 595
433 271 484
434 423 927
435 15 517
436 188 163
437 147 955
438 419 351
439 175 37
440 327 974
441 67 958
442 110 985
443 7 506
444 377 797
445 389 226
446 273 771
447 148 958
448 238 55
449 327 843
450 242 259
451 223 246
452 375 389
453 59 7
454 54 398
455 386 928
456 143 716
457 180 128
458 13 930
459 176 651
460 304 686
461 96 717
462 423 908
463 146 543
464 412 393
465 387 977
466 147 443
467 406 625
468 148 95
469 294 347
470 175 482
471 230 401
472 224 884
473 109 516
474 287 218
475 232 924
476 235 228
477 96 164
478 248 54
479 14 114
480 380 666
481 204 702
482 125 901
483 151 480
484 453 545
485 471 663
486 47 948
487 460 327
488 296 607
489 471 643
490 51 305
491 252 276
492 116 909
493 56 576
494 146 201
495 38 358
496 128 376
497 137 473
498 455 891
499 439 659
500 264 451
500
52 2774 6970 2782 9443 6290 2763 1087 8901 2049 9479 3472 4451 384 4666 8670 8136 7909 6477 2908 6220 2472 8013 6740 9387 1170 6732 8993 9034 3829 1510 8204 250 8828 4790 1302 2205 6436 3914 982 8857 3772 5860 9379 9451 4857 1187 1013 9133 6045 770 3847 3435 8584 4975 6367 9715 2448 111 7361 6732 1037 96 2912 1864 9832 783 3910 7324 5637 7371 2151 8719 9054 2169 2433 3297 227 9305 4007 2031 927 872 910 996 3036 2184 1159 6834 3273 1246 3263 3441 1899 7802 1715 215 1858 3852 2712 2841 9038 357 2809 336 2242 4188 7938 1040 1239 9138 397 1701 7203 4872 9723 4687 4972 1471 5510 6831 4648 4256 6372 5570 8775 205 4382 6958 4291 1271 2386 2283 5942 7618 758 2964 9293 6070 7166 1517 636 8952 1439 4887 1762 9224 7413 8547 9390 9420 6162 2131 9186 3325 7864 8855 6487 9327 265 6694 2594 8679 5277 2971 885 9273 8916 7730 1177 9264 2892 6291 2554 1761 7349 5743 7571 4913 2611 408 9292 6294 7748 8102 1745 9932 2115 1751 4021 6410 6604 5894 7 708 8000 480 2564 8498 8092 8707 4941 3584 9397 1784 826 9799 5159 5826 3678 6828 9918 6359 9069 1575 1716 9215 1564 9463 7772 2043 7289 6373 2990 8439 5850 1430 1445 4179 8298 3845 4213 1838 945 1680 9697 8836 675 3441 7020 4107 6908 7151 8206 6280 2810 3958 169 2887 124 9061 2221 3002 6361 8887 9673 2849 4452 9445 6930 1691 3407 1386 25 7708 7326 6262 5544 3152 5325 6118 2973 8655 4628 3668 2315 8306 8762 4123 3101 8405 2216 2543 4348 1693 6543 74 947 7819 8988 8953 5585 8897 139 3641 4462 4309 1067 8412 194 5924 3856 2176 5410 489 3054 4226 8588 1598 2101 3662 7318 9698 1480 2715 1778 667 4530 2501 69 8382 3179 4218 8967 1005 6599 9578 3277 7040 1392 6504 2870 6599 581 9638 4611 2495 3411 7808 2107 6339 3235 1688 7517 3637 6564 9058 871 1805 3947 720 1574 8049 4056 7873 2911 1478 1658 7381 7342 3174 1909 52 9837 8418 3972 4048 7672 7737 5770 7928 9454 6506 1197 2687 6282 3431 2197 5580 3954 9707 8113 2963 656 6669 6427 5380 1984 6501 5581 1682 5417 2926 1235 3095 7791 8412 9427 4630 7880 8384 5211 6465 3182 7099 1946 6972 5781 5231 882 4658 397 5532 4508 2214 393 4265 1180 2268 5025 1585 2790 1865 1382 8385 8530 3577 468 6334 9276 2592 2572 9548 5663 8131 115 5837 3906 7463 6069 9830 3971 8730 8302 1465 3076 2369 683 5502 2516 9666 1308 3267 175 8227 5932 742 6264 1202 4804 1264 5542 54 6973 8212 8828 470 3044 2536 2430 1833 2323 2660 593 3069 8974 7945 5154 2076 2076 2452 5178 4300 9911 6338 8784 5814 5956 2438 5759 9578 4774 537 1641 6656 6960 8769 2493 3858 6267 
2499 1492 2501 9301 3789 417 4082 7988 3667 1771 3661 7473 1825 1683 2961 343 3845 6588 586 2389 6710 573 9606 320 9743 6220 2950 7997 248 2211 4269 2812 2056 5838 7277 2424 705 1967 2707 2425 6657 893 1441 4907 7742 3406 5278 6398 5401 1266 6025 2359 2514 5884 5029 7362 8271 9322 4240 5139 1860 6865 513 7220 5793 8834 4239 2223 1056 1536 5480 5333 7660 169 8940 281 6198 9489 9239 3356 1630 4650 6524 4279 673 1873 7947 8845 6526 680 2275 9618 9154 8634 1464 2759 4851 8012 2393 8821 8842 3201 4537 1264 1211 1418 3368 6332 3357 5152 133 5240 5892 8264 1222 2742 6653 2041 527 923 3173 4193 9729 9492 6144 5777 1595 8675 8631 6128 2721 222 3759 2644 7610 3506 5638 620 3916 9204 30 6164 8852 9281 863 564 180 1934 6091 3196 538 6787 668 3453 2308 7939 3195 8807 3739 1240 4790 102 2656 6792 4621 565 6969 4085 7524 8977 8992 4635 4429 8839 4643 2504 7481 4170 970 1159 9266 8220 5812 62 2490 1745 8354 6021 844 2602 5270 9942 306 1017 1610 6775 409 6502 8776 2058 4476 6326 3449 3482 6647 35 4064 5145 7703 4158 9318 2076 1098 5014 9782 1413 7611 6516 9240 4390 4265 1531 4689 8526 2123 9649 2684 772 4747 2247 3733 1395 5128 491 8598 1723 4179 5452 6501 8938 4514 9768 8458 4228 1150 319 8710 7471 7086 9379 4497 7111 6043 1567 7798 9481 6501 6465 955 4505 5900 1194 3668 4159 6370 2403 7723 3217 7459 8571 2467 4356 9158 4402 5312 2277 6391 8656 1695 6370 9173 4402 5640 2310 3399 9228 8764 8500 5193 3335 7953 1576 9539 1757 477 4557 4412 3741 3325 1415 503 6182 7017 3376 9429 3923 6017 3240 3959 7857 6196 4985 4210 2585 629 1528 8203 8812 1818 1075 6509 4584 1655 5182 5977 1187 6123 2125 5429 2055 1594 4888 3026 2858 797 6708 1382 8357 8689 2019 7341 6301 4211 1688 795 6324 2172 8660 2488 3460 6795 8669 4250 1466 7552 6401 2933 7283 931 1312 4912 2884 3461 2854 6622 2013 5587 3800 6571 7420 2364 3106 5723 8440 1629 828 257 472 6661 4424 7405 1328 6356 8717 3244 6634 9288 8667 2769 5624 8062 6362 6613 398 778 1357 7525 7605 4936 5606 5859 4995 8062 1641 171 9275 6114 8252 8771 9579 4173 8484 9803 6648 5998 154 7636 5197 2485 532 8017 5100 741 257 2543 8463 2908 7093 4905 4138 6288 1811 8376 1891 1540 2354 3624 4350 6454 1309 9712 6825 2296 1798 113 9727 6815 3421 8769 1959 1985 1199 7554 3442 557 1951 8503 634 7369 9107 4279 6662 1621 843 1507 1376 6719 7862 4725 5288 7039 3323 8539 614 2303 1506 7234 3122 7204 459 2835 7595 9079 3932 5960 3395 6403 1900 4078 1871 9188 1567 1335 3539 1280 2627 9194 8117 2260 3131 2 1 697
3 1 562
4 2 206
5 1 684
6 2 410
7 1 691
8 7 996
9 8 800
10 6 695
11 6 301
12 11 590
13 12 316
14 4 935
15 1 445
16 4 339
17 13 276
18 7 228
19 17 538
20 13 687
21 18 139
22 21 820
23 19 865
24 20 956
25 7 103
26 6 851
27 3 800
28 19 670
29 21 440
30 6 815
31 28 115
32 27 694
33 14 861
34 7 354
35 34 626
36 34 984
37 15 55
38 20 755
39 28 384
40 39 221
41 11 155
42 28 701
43 4 357
44 2 450
45 11 708
46 27 583
47 43 901
48 41 743
49 24 23
50 45 283
51 50 776
52 8 121
53 23 334
54 20 447
55 34 808
56 31 248
57 22 110
58 26 390
59 23 190
60 3 618
61 52 481
62 8 792
63 34 477
64 9 990
65 37 756
66 14 630
67 39 773
68 22 913
69 67 793
70 26 999
71 60 689
72 65 357
73 14 335
74 64 702
75 34 650
76 18 813
77 41 29
78 44 633
79 20 346
80 42 962
81 27 803
82 40 115
83 64 769
84 4 665
85 3 465
86 80 155
87 62 484
88 63 819
89 76 877
90 32 364
91 62 689
92 88 539
93 90 914
94 38 403
95 85 148
96 62 748
97 35 52
98 15 940
99 5 981
100 10 241
101 31 133
102 19 69
103 82 711
104 23 466
105 48 770
106 20 976
107 49 787
108 66 22
109 7 606
110 77 877
111 61 51
112 71 923
113 101 910
114 113 102
115 8 455
116 78 759
117 75 724
118 28 66
119 51 492
120 4 387
121 50 493
122 43 11
123 104 559
124 13 507
125 47 795
126 36 400
127 39 823
128 16 88
129 9 699
130 50 316
131 30 73
132 47 366
133 30 688
134 65 581
135 35 9
136 8 462
137 34 742
138 38 885
139 133 920
140 6 37
141 132 152
142 28 260
143 105 600
144 52 866
145 22 722
146 134 164
147 11 81
148 136 228
149 129 152
150 140 219
151 24 280
152 73 58
153 151 429
154 151 117
155 104 915
156 49 905
157 156 261
158 60 384
159 49 46
160 4 674
161 150 731
162 75 174
163 90 793
164 85 770
165 16 227
166 8 231
167 2 687
168 78 872
169 147 682
170 43 940
171 44 889
172 112 202
173 108 993
174 5 341
175 150 729
176 56 184
177 159 231
178 117 211
179 97 351
180 75 975
181 163 707
182 146 271
183 60 680
184 154 87
185 28 309
186 134 153
187 99 786
188 86 270
189 47 366
190 185 106
191 176 745
192 116 91
193 10 404
194 74 315
195 58 733
196 41 84
197 66 599
198 70 867
199 133 538
200 86 912
201 10 103
202 121 269
203 196 614
204 131 245
205 43 379
206 183 296
207 102 559
208 75 652
209 15 115
210 69 933
211 160 514
212 72 592
213 180 663
214 136 724
215 61 141
216 193 579
217 71 838
218 82 672
219 157 518
220 150 753
221 82 480
222 67 166
223 124 465
224 220 74
225 133 748
226 219 386
227 9 102
228 139 556
229 190 571
230 158 186
231 20 200
232 99 343
233 178 203
234 84 385
235 38 936
236 74 743
237 178 101
238 113 917
239 170 824
240 183 894
241 53 600
242 61 937
243 207 737
244 138 751
245 157 980
246 31 236
247 82 261
248 66 252
249 178 639
250 40 376
251 228 141
252 112 889
253 25 891
254 204 85
255 173 133
256 202 903
257 40 717
258 163 187
259 117 491
260 198 50
261 194 992
262 168 35
263 230 699
264 65 844
265 192 264
266 228 183
267 37 774
268 148 423
269 119 176
270 187 381
271 65 646
272 197 686
273 164 829
274 130 448
275 20 804
276 15 277
277 260 696
278 258 78
279 145 491
280 82 212
281 116 184
282 63 819
283 275 770
284 4 833
285 162 269
286 74 693
287 21 293
288 107 315
289 50 646
290 46 135
291 241 412
292 115 815
293 230 860
294 114 110
295 231 675
296 170 711
297 230 717
298 158 407
299 19 200
300 199 630
301 32 162
302 163 14
303 209 761
304 89 421
305 217 330
306 116 72
307 70 883
308 79 841
309 211 5
310 259 907
311 162 892
312 48 714
313 45 97
314 264 473
315 47 666
316 200 118
317 147 600
318 40 512
319 165 873
320 87 124
321 227 487
322 226 260
323 113 922
324 195 250
325 72 561
326 83 492
327 230 382
328 217 624
329 139 75
330 218 185
331 285 903
332 280 90
333 157 773
334 193 227
335 170 519
336 328 106
337 118 711
338 69 35
339 46 527
340 282 267
341 181 714
342 37 993
343 297 449
344 343 863
345 142 82
346 97 120
347 76 711
348 331 898
349 31 323
350 60 141
351 146 186
352 37 300
353 187 809
354 256 212
355 347 763
356 98 835
357 102 326
358 108 180
359 170 998
360 357 879
361 207 768
362 91 29
363 293 722
364 307 381
365 272 873
366 290 345
367 51 426
368 151 133
369 282 501
370 277 944
371 11 599
372 245 227
373 43 247
374 294 226
375 106 995
376 234 377
377 341 996
378 62 2
379 72 400
380 196 940
381 78 958
382 84 333
383 112 391
384 174 891
385 315 795
386 278 559
387 138 529
388 31 203
389 115 540
390 367 718
391 249 10
392 210 389
393 306 846
394 123 68
395 179 809
396 90 230
397 395 636
398 91 777
399 205 833
400 387 278
401 117 843
402 82 24
403 192 419
404 117 546
405 299 948
406 369 877
407 285 209
408 209 130
409 301 78
410 199 901
411 354 613
412 298 932
413 12 642
414 336 455
415 392 800
416 151 863
417 385 549
418 337 947
419 345 195
420 218 601
421 319 433
422 163 570
423 261 826
424 100 449
425 181 972
426 187 813
427 353 4
428 292 981
429 353 928
430 9 84
431 194 476
432 250 166
433 344 497
434 9 113
435 380 387
436 14 663
437 215 706
438 287 603
439 391 692
440 396 609
441 27 184
442 117 292
443 244 846
444 167 874
445 42 661
446 371 490
447 287 573
448 83 802
449 240 487
450 335 178
451 52 354
452 7 893
453 307 391
454 384 352
455 245 703
456 76 739
457 311 427
458 448 161
459 189 763
460 314 595
461 26 227
462 443 441
463 24 708
464 404 339
465 225 71
466 231 437
467 399 288
468 410 634
469 54 96
470 150 906
471 324 890
472 297 919
473 272 555
474 462 956
475 211 980
476 30 687
477 139 921
478 477 809
479 237 791
480 87 139
481 101 714
482 17 131
483 339 212
484 113 327
485 377 645
486 248 993
487 362 47
488 41 788
489 8 641
490 135 854
491 479 855
492 404 415
493 195 328
494 92 409
495 32 800
496 147 887
497 18 862
498 397 371
499 414 520
500 476 899
500
3542 8453 6980 245 7637 798 7778 5767 278 3429 135 8225 9046 3470 1138 7343 942 8847 6161 6553 3845 2068 994 2168 5413 8641 5142 566 9899 3082 1303 8550 1811 2895 4108 2692 884 7516 8043 6045 2664 3648 4254 4818 4271 156 169 1689 244 6095 7162 9445 2336 559 5122 4999 477 3658 6371 1317 6637 6046 3515 9001 1389 9078 1792 2301 6148 5350 60 7895 5825 6601 1612 4607 1620 425 8147 728 6394 638 6148 7694 4047 7034 7263 2797 9152 613 91 5843 623 8773 1302 1975 5658 1201 5625 8793 5853 9685 2032 5531 3159 1976 2408 3041 9547 2012 2201 5733 6537 4774 5494 6830 7820 4863 1666 3778 2212 2602 6278 3482 2039 5063 8689 821 5523 4119 7535 735 5256 177 1485 1171 2820 740 8091 575 5502 4782 482 4903 4263 4845 521 5693 8094 4452 8067 5855 9651 6768 6779 4113 4974 7452 7955 1357 33 9505 2393 8 5211 5218 1435 2886 9406 55 3676 977 6372 3944 471 3366 7918 620 116 6433 6604 2178 5529 8331 676 1985 851 928 5276 2747 7941 8022 8522 6919 9711 6266 9407 1935 8691 9517 6735 3895 9892 9632 805 5136 6832 411 3988 6987 8880 8980 8992 8689 8605 2974 942 5635 9621 4896 9930 958 8510 7720 5704 1041 3643 5247 1597 8962 5548 2991 7838 4125 6571 1394 8585 5502 3556 7789 6483 5650 6052 9341 8193 5065 102 8481 3627 8527 7162 3064 5982 6363 2247 1516 6578 1671 2978 7695 9435 897 3632 3236 2195 497 3720 9970 4024 6460 8428 1412 3089 1736 2745 1301 7207 4962 4925 4938 7282 6588 6649 8560 6082 1979 3832 2936 4287 960 3919 5968 9571 1077 7284 1573 5734 2346 3219 9605 8106 5392 4719 4121 712 9959 247 7491 170 9699 7930 7668 5211 8100 4203 6753 2940 2326 664 6903 6729 8949 2839 204 9787 2645 178 9016 9135 4130 7126 629 807 5651 3958 5683 2703 149 1717 8319 8514 4869 7764 3380 2702 3693 2280 4626 406 5123 1167 5262 1015 8030 5221 1083 3469 6411 8706 744 9526 5423 2135 5609 6007 7630 9769 5562 7166 7259 492 7505 2040 336 4099 8484 3187 1888 1815 4171 4087 5132 3095 2327 5169 5715 6719 2595 4064 221 5820 4394 4947 6458 9582 1497 4882 7686 2959 151 5885 4128 4547 9314 610 6396 3168 6315 3155 9093 7313 6229 3494 3079 6917 6569 7503 4636 4861 2046 619 7893 2726 9000 3726 1515 5444 254 6976 918 3664 7232 7092 3182 3731 1321 6921 384 3923 7137 1700 5764 6221 6647 8205 1197 6900 3389 4473 2544 120 7283 9480 4745 1659 3289 5104 8298 8640 9919 1898 1156 5813 7056 1003 4731 835 4414 9269 1142 1875 8143 975 8549 3395 121 5091 7686 5562 5114 4519 9544 9304 2235 5358 7601 5873 5685 303 4094 1659 773 2086 2042 3286 9564 7050 1441 7756 2794 
1547 5170 8022 3451 8507 910 2794 9122 4925 5016 1981 998 5294 3627 4931 8602 1330 6484 2415 6003 1458 4077 8235 245 8347 9341 2055 6093 8344 6627 9332 5667 2187 1553 9929 6879 2112 9736 8560 2202 3018 4399 730 2763 909 5138 1394 1405 2244 5696 6592 6527 997 5782 5674 776 6023 4168 824 441 2751 7664 9510 3859 3512 2570 644 3635 4988 3199 2230 2926 5804 5775 167 7991 7448 9543 4960 6206 9603 3798 4729 6460 9488 4619 1457 9822 4349 832 4844 5039 4580 5342 2407 5969 7912 4769 2539 4157 3375 8422 9991 3700 4256 7826 9675 5016 7446 188 4833 7407 3918 9794 1416 9173 2248 5592 470 1969 9861 2385 392 304 1827 5568 6786 1141 7844 5140 711 277 1668 6584 2665 239 3240 7970 6895 809 9888 7249 9330 4426 2360 6955 557 4962 1046 4353 2242 8535 1929 3376 6477 5289 4467 1077 6047 1833 1366 3236 6815 759 3477 9515 5720 6042 2161 7892 3258 9271 2975 4312 9701 2759 6638 7290 8788 3819 6864 6144 941 7964 8287 7095 4186 4267 1692 5251 3762 6578 9368 6288 5231 4057 7159 1399 4793 5151 8784 5249 1220 3990 9656 4556 9075 8445 6819 7076 6532 2664 4371 1327 909 8192 3968 8332 7340 148 1907 9357 2617 8923 8334 8557 2426 5554 4753 1542 162 451 942 9200 1494 8253 8265 9043 5223 8071 3042 5794 2473 8109 5745 914 5599 5992 9607 614 6313 5534 9971 8721 997 1256 7584 3041 4830 7563 4751 1602 3985 2607 4835 7641 8584 6743 177 1188 6087 1534 3809 4430 4612 5399 1319 5506 1397 8685 4197 3443 6970 8248 7188 2086 869 3749 9270 1477 956 2087 7624 6652 8587 2829 3959 7206 5250 6601 4928 6764 1483 7571 4921 5471 914 5004 6173 8058 9336 6901 1273 3348 1734 9220 9610 3312 2666 2647 5611 1572 9283 9767 3057 5824 3701 8405 178 6030 8043 9132 4027 2190 8638 7171 545 140 1431 1557 4599 2173 9555 1818 5496 2834 8520 129 4210 5850 3169 1976 9955 8067 7606 9227 4423 6135 938 9930 5421 985 1771 2569 8201 6243 2180 7399 2150 8400 3409 6619 7342 1048 5133 7924 1593 377 1794 1292 2705 8270 9330 1839 185 8908 1981 7729 2602 2487 9314 3017 7216 445 5036 4839 4628 51 8618 8628 2330 1710 8948 1443 1595 8527 3789 3016 9892 8721 1522 9953 497 7026 5504 117 5316 6309 3958 4990 3867 2137 2484 4887 5922 8758 4691 795 9701 9866 7393 1780 3751 7509 2871 4211 3769 5277 7885 2673 8020 2108 4219 8574 4969 3692 5163 771 1661 1221 7170 7658 1999 7461 1515 7772 7497 1770 8621 6692 1790 7053 9827 1087 1908 261 1030 4506 5018 2617 7187 8553 4735 7992 1897 8258 9953 2196 7477 1070 6665 567 7978 6540 2761 3187 7642 7220 5201 9599 1257 1240 190 3632 9116 4092 5131 7643 8595 4364 2 1 653
3 1 105
4 2 861
5 2 357
6 1 732
7 2 728
8 2 542
9 7 771
10 3 307
11 6 447
12 11 423
13 4 3
14 7 708
15 3 628
16 2 349
17 3 935
18 3 723
19 10 451
20 18 54
21 5 651
22 12 100
23 15 602
24 22 166
25 1 719
26 22 291
27 2 211
28 12 852
29 13 337
30 19 291
31 6 902
32 22 550
33 19 497
34 31 504
35 11 916
36 10 569
37 29 395
38 9 236
39 26 197
40 38 178
41 25 25
42 39 366
43 4 563
44 19 777
45 26 471
46 39 414
47 45 820
48 42 328
49 38 997
50 34 946
51 50 132
52 38 960
53 38 696
54 47 837
55 38 481
56 41 356
57 17 913
58 13 322
59 23 837
60 21 84
61 21 940
62 5 229
63 49 975
64 24 643
65 21 634
66 25 755
67 61 834
68 7 681
69 65 216
70 7 277
71 69 365
72 50 306
73 65 94
74 27 705
75 53 473
76 72 726
77 10 232
78 55 105
79 1 295
80 67 983
81 23 937
82 34 546
83 37 935
84 52 718
85 13 339
86 79 685
87 18 866
88 24 702
89 71 608
90 25 506
91 4 321
92 72 255
93 31 933
94 28 392
95 80 419
96 10 436
97 4 689
98 70 686
99 78 987
100 67 654
101 46 10
102 38 870
103 60 175
104 35 47
105 5 216
106 96 700
107 48 634
108 34 55
109 58 345
110 42 356
111 90 323
112 74 459
113 20 395
114 51 993
115 78 181
116 87 441
117 9 197
118 87 86
119 71 125
120 116 213
121 82 6
122 81 713
123 48 311
124 42 343
125 23 564
126 22 11
127 21 928
128 2 338
129 64 423
130 48 730
131 69 885
132 23 327
133 45 123
134 18 807
135 90 187
136 34 136
137 71 554
138 20 880
139 70 421
140 114 165
141 4 479
142 79 823
143 117 794
144 142 891
145 127 92
146 40 145
147 120 572
148 54 392
149 138 573
150 17 24
151 14 474
152 14 584
153 27 458
154 9 593
155 4 375
156 105 171
157 103 465
158 85 471
159 96 120
160 115 836
161 138 282
162 25 934
163 22 658
164 78 852
165 109 282
166 129 336
167 20 810
168 53 925
169 118 113
170 97 388
171 77 291
172 127 607
173 60 459
174 164 82
175 96 747
176 111 959
177 56 131
178 113 241
179 171 662
180 168 451
181 45 851
182 26 401
183 122 818
184 129 359
185 88 165
186 29 249
187 16 393
188 136 251
189 45 885
190 79 2
191 119 691
192 44 106
193 33 564
194 148 194
195 52 49
196 13 69
197 142 599
198 90 786
199 122 603
200 163 918
201 74 286
202 86 448
203 115 850
204 113 14
205 68 958
206 65 558
207 151 71
208 143 495
209 109 768
210 176 369
211 174 154
212 166 114
213 68 103
214 138 275
215 137 372
216 185 466
217 11 942
218 30 633
219 26 934
220 88 639
221 192 687
222 61 990
223 74 719
224 32 405
225 165 181
226 163 558
227 199 722
228 81 898
229 100 499
230 84 868
231 196 510
232 16 468
233 68 82
234 152 973
235 70 92
236 221 936
237 174 567
238 98 58
239 13 36
240 78 948
241 144 571
242 114 770
243 236 369
244 196 30
245 53 946
246 35 13
247 229 504
248 2 450
249 67 988
250 138 314
251 184 645
252 42 312
253 17 887
254 236 434
255 211 670
256 84 604
257 55 195
258 139 459
259 217 654
260 147 948
261 112 861
262 146 910
263 141 555
264 130 309
265 251 660
266 68 721
267 73 88
268 87 775
269 77 959
270 95 774
271 5 300
272 244 917
273 80 565
274 222 298
275 107 9
276 198 926
277 108 683
278 15 671
279 161 734
280 65 6
281 1 890
282 252 243
283 140 558
284 241 397
285 38 350
286 259 182
287 165 623
288 3 263
289 181 752
290 72 176
291 209 508
292 143 602
293 5 877
294 143 160
295 133 219
296 173 563
297 143 261
298 131 838
299 25 599
300 205 82
301 89 188
302 152 747
303 153 134
304 12 618
305 254 85
306 29 195
307 239 628
308 127 450
309 123 698
310 200 154
311 294 127
312 3 910
313 180 845
314 43 220
315 14 858
316 207 102
317 297 323
318 198 3
319 10 42
320 130 254
321 65 915
322 116 141
323 18 260
324 251 236
325 303 659
326 109 179
327 213 756
328 87 734
329 80 275
330 189 315
331 174 695
332 257 257
333 246 696
334 83 935
335 57 427
336 323 347
337 200 387
338 120 781
339 63 929
340 292 330
341 92 295
342 306 445
343 264 970
344 182 91
345 243 439
346 25 965
347 286 807
348 292 252
349 205 206
350 38 744
351 183 776
352 219 601
353 250 364
354 347 866
355 128 806
356 315 235
357 74 168
358 91 678
359 282 112
360 286 404
361 46 480
362 73 297
363 227 602
364 288 85
365 253 538
366 30 380
367 183 449
368 249 89
369 352 39
370 328 830
371 325 465
372 85 983
373 182 627
374 136 752
375 100 863
376 304 859
377 265 871
378 195 815
379 57 591
380 118 357
381 26 711
382 28 173
383 53 519
384 103 945
385 1 628
386 67 552
387 303 658
388 235 206
389 107 514
390 128 521
391 96 847
392 298 311
393 194 35
394 31 543
395 248 695
396 98 733
397 73 923
398 259 506
399 161 626
400 253 906
401 85 66
402 206 664
403 366 706
404 292 368
405 265 461
406 45 59
407 178 559
408 100 144
409 379 957
410 102 184
411 76 242
412 396 243
413 177 470
414 256 906
415 248 353
416 7 309
417 373 386
418 72 478
419 412 177
420 4 69
421 41 123
422 39 653
423 163 135
424 50 342
425 203 412
426 283 428
427 121 198
428 315 217
429 370 137
430 265 887
431 255 693
432 76 785
433 359 571
434 220 522
435 355 974
436 392 901
437 246 949
438 332 38
439 48 656
440 231 721
441 83 665
442 142 179
443 417 174
444 424 117
445 305 500
446 79 176
447 262 510
448 224 333
449 182 166
450 271 308
451 322 410
452 431 896
453 64 643
454 158 168
455 132 538
456 328 465
457 425 540
458 453 251
459 364 952
460 203 473
461 344 390
462 45 717
463 27 75
464 358 19
465 455 506
466 161 260
467 11 437
468 28 78
469 383 396
470 75 210
471 128 908
472 15 55
473 248 580
474 410 981
475 142 421
476 283 108
477 354 664
478 52 366
479 21 300
480 201 274
481 356 416
482 459 322
483 113 949
484 147 375
485 208 496
486 402 780
487 316 231
488 434 801
489 357 658
490 184 617
491 327 412
492 486 750
493 300 969
494 292 267
495 478 274
496 61 593
497 180 511
498 464 118
499 83 949
500 390 12
