3
100
39 7720 1239 2438 8856 1798 8366 2286 451 613 5854 8101 1143 282 538 5922 8946 6286 2998 4681 977 1892 1656 5907 8458 1324 8882 2241 9726 2279 2447 591 841 8588 6908 1238 3612 2618 2457 868 9534 6879 8224 7888 1598 585 2213 1112 7579 7067 7630 9405 2280 3506 4389 1650 2330 7177 2332 9265 2115 4137 6929 1103 1653 8405 4338 7857 5599 4773 4098 3214 4684 6704 5261 5943 2748 7376 8872 8005 6674 3153 1820 3505 240 4187 2805 8938 3024 336 534 1394 6021 1575 5984 3962 625 7066 7570 2831 
4165 2235 1246 3634 5618 5725 2699 4321 4921 2772 6811 2061 3565 5189 119 8746 6048 9619 6333 5968 7523 3577 5045 5529 4457 9270 6528 2131 2578 435 1666 9158 6812 9642 976 2524 3823 1092 1768 9244 3823 4020 804 9294 6724 4262 3638 1062 9047 5079 746 5327 112 1183 6758 2742 6890 1493 7361 9131 8572 8649 8252 8468 3019 3972 8821 820 1910 1451 245 2153 9910 3474 6436 719 6388 1253 3447 8839 8854 6492 4754 1840 6202 6167 4814 6554 1998 5927 211 4549 9083 2277 1671 4844 7013 1799 6663 5536 2 1 561
3 1 876
4 1 87
5 2 523
6 3 456
7 6 469
8 1 776
9 2 941
10 4 744
11 3 617
12 9 148
13 8 392
14 2 133
15 5 66
16 5 176
17 10 28
18 4 54
19 3 483
20 8 702
21 6 457
22 14 592
23 6 815
24 10 795
25 11 66
26 9 578
27 19 889
28 19 209
29 26 677
30 28 335
31 16 121
32 10 631
33 6 373
34 6 967
35 12 158
36 16 860
37 33 576
38 32 365
39 36 694
40 32 416
41 21 993
42 10 82
43 16 312
44 39 979
45 3 959
46 24 137
47 22 259
48 23 724
49 15 804
50 36 10
51 3 476
52 49 579
53 45 855
54 1 103
55 7 36
56 43 55
57 22 299
58 15 2
59 54 127
60 10 233
61 46 533
62 44 589
63 14 454
64 10 479
65 12 530
66 65 728
67 63 573
68 59 858
69 68 911
70 11 807
71 68 94
72 9 113
73 16 127
74 65 913
75 27 365
76 39 427
77 39 337
78 2 802
79 15 938
80 54 136
81 69 702
82 1 193
83 22 610
84 69 681
85 30 999
86 27 235
87 2 78
88 79 204
89 50 102
90 20 223
91 82 315
92 38 537
93 70 712
94 64 488
95 92 200
96 27 688
97 2 114
98 69 150
99 92 235
100 54 944
100
5552 8093 8517 3539 1292 1315 6393 5609 1951 4685 6404 3342 8752 2692 1452 5933 7412 1292 3959 9314 1824 9655 7037 1606 1195 3068 3101 3743 5655 3206 3296 3985 642 5007 4379 1594 2760 5103 7961 9597 4043 592 2296 3901 8549 8660 6274 4396 2061 3048 9823 3780 4809 26 6073 3862 6019 7722 1920 6946 1103 4861 2063 3750 9212 2600 383 8682 7065 3963 4634 1771 8921 2267 9571 3622 7530 9828 5092 9304 4227 2159 3288 1540 3020 8785 9898 4036 6834 1780 845 9155 299 8506 1326 3707 5382 3934 615 4123 
1043 2796 7123 3720 2768 9347 1962 8416 5076 9003 7673 8469 4809 3029 8696 4357 3805 9297 8296 2660 2990 6001 877 3418 6752 1792 6308 1462 7913 3688 8603 4899 9801 6206 2591 2162 6412 2023 1578 1237 1601 3161 8538 7601 7664 2312 2155 5510 2780 4628 5805 4329 9554 2764 9688 4288 537 3776 2524 818 2971 4324 6870 570 4987 2952 4649 6158 8081 6557 7820 8240 1297 4491 354 7521 8509 5502 903 7004 2107 2004 642 5342 690 4987 6711 2288 1681 5966 9161 2388 1366 1604 9069 5600 6514 4256 1650 2657 2 1 885
3 2 222
4 1 328
5 1 838
6 3 6
7 5 247
8 7 214
9 6 773
10 4 447
11 2 514
12 3 300
13 8 332
14 11 783
15 13 924
16 14 321
17 12 873
18 16 632
19 9 844
20 10 930
21 12 84
22 3 154
23 6 853
24 10 777
25 17 309
26 12 334
27 24 727
28 16 233
29 11 188
30 20 836
31 28 518
32 16 595
33 29 334
34 17 710
35 7 889
36 28 612
37 3 175
38 34 130
39 20 157
40 12 37
41 2 883
42 7 212
43 37 815
44 17 114
45 3 267
46 16 794
47 22 469
48 27 91
49 32 742
50 8 446
51 22 622
52 41 134
53 13 942
54 38 56
55 25 29
56 40 722
57 9 807
58 8 345
59 34 610
60 38 598
61 18 859
62 37 793
63 54 297
64 49 816
65 45 16
66 31 577
67 44 137
68 25 279
69 27 128
70 58 850
71 61 335
72 10 122
73 5 609
74 16 636
75 48 472
76 73 134
77 29 699
78 71 144
79 63 50
80 54 35
81 11 60
82 8 711
83 12 132
84 25 623
85 77 463
86 80 912
87 86 841
88 24 11
89 31 801
90 11 934
91 35 434
92 44 889
93 68 507
94 18 263
95 71 145
96 57 804
97 67 458
98 21 631
99 52 134
100 24 1000
100
9122 119 2283 7767 5613 5341 3189 2294 5575 5319 8958 9216 1750 9043 128 4810 6682 5151 48 9764 3828 4622 9202 7038 6547 1501 2225 3274 735 1654 6799 8291 7497 7365 6106 351 3314 4105 2785 2625 4107 333 4533 3474 7885 8520 835 1217 9610 8257 2192 7528 8948 3319 7334 6753 2573 481 6559 4825 894 3489 4367 7844 3196 2766 5703 1681 4440 6994 7878 2223 2021 2257 195 9312 6527 427 5017 7661 6123 3988 1874 7530 3881 6386 1559 4428 8769 6182 102 5528 3869 1775 9142 5021 1043 8347 9799 2069 
85 8911 8106 356 1386 6456 3117 8929 2033 948 1241 7700 9264 1387 7371 7585 8907 9476 2028 7795 4582 5684 8735 7007 6817 5366 1048 8232 9541 179 1762 6833 1412 1801 1373 6002 6265 7264 2349 7839 532 6076 6334 9058 8536 1863 7139 6055 4368 5286 9921 1524 8677 6725 7443 1429 8663 9088 8281 41 4714 525 9605 4612 5181 3576 4893 5050 7160 5822 1584 2097 4808 2235 5374 6382 2650 230 8743 1846 676 9715 7433 2740 3400 9393 1385 1509 9459 3737 8343 4418 734 2937 8740 2879 983 3651 3082 324 2 1 555
3 1 450
4 1 183
5 3 469
6 3 67
7 5 685
8 7 841
9 8 260
10 9 79
11 4 367
12 7 327
13 6 237
14 5 520
15 5 991
16 5 245
17 15 441
18 6 620
19 15 681
20 6 809
21 5 45
22 21 396
23 5 105
24 18 464
25 15 409
26 18 22
27 15 588
28 18 986
29 2 218
30 24 435
31 1 287
32 18 217
33 9 960
34 20 506
35 5 189
36 5 438
37 13 720
38 24 764
39 13 22
40 38 220
41 38 387
42 14 454
43 6 435
44 34 219
45 40 102
46 21 835
47 13 499
48 30 526
49 46 424
50 4 815
51 19 297
52 8 190
53 47 975
54 33 445
55 24 627
56 37 381
57 44 492
58 30 585
59 43 860
60 42 411
61 43 962
62 14 214
63 46 908
64 31 93
65 7 874
66 54 594
67 48 427
68 23 712
69 57 242
70 32 997
71 41 753
72 17 819
73 57 273
74 25 606
75 35 529
76 8 779
77 71 893
78 15 126
79 65 897
80 34 204
81 27 142
82 51 643
83 74 179
84 14 790
85 9 512
86 62 894
87 58 871
88 43 933
89 61 309
90 67 621
91 87 512
92 21 905
93 57 16
94 92 266
95 26 258
96 66 444
97 82 315
98 90 674
99 12 562
100 62 503
