3
50
39 7720 1239 2438 8856 1798 8366 2286 451 613 5854 8101 1143 282 538 5922 8946 6286 2998 4681 977 1892 1656 5907 8458 1324 8882 2241 9726 2279 2447 591 841 8588 6908 1238 3612 2618 2457 868 9534 6879 8224 7888 1598 585 2213 1112 7579 7067 
7629 9402 2278 3504 4386 1648 2328 7176 2331 9263 2112 4135 6926 1102 1650 8404 4335 7854 5598 4770 4096 3212 4683 6702 5259 5941 2747 7373 8869 8003 6672 3152 1818 3502 239 4186 2804 8935 3023 334 531 1391 6019 1573 5981 3960 624 7065 7567 2829 2 1 168
3 1 250
4 3 620
5 4 701
6 5 923
7 3 812
8 6 566
9 4 120
10 1 51
11 9 335
12 3 525
13 8 47
14 10 459
15 5 531
16 1 582
17 9 668
18 4 815
19 2 977
20 5 824
21 5 769
22 15 825
23 15 808
24 4 727
25 7 641
26 6 48
27 15 748
28 23 114
29 4 760
30 11 892
31 4 362
32 8 573
33 23 255
34 17 20
35 15 822
36 8 911
37 9 249
38 8 912
39 36 437
40 1 389
41 1 448
42 12 855
43 40 756
44 19 205
45 25 817
46 33 2
47 34 215
48 2 84
49 31 675
50 36 15
50
6666 5538 2561 6953 5876 361 87 5851 523 1734 9456 258 5469 9098 8776 2142 8941 9178 5744 282 6617 9123 2148 2613 392 8524 9133 1696 66 9307 1176 5880 1028 4234 4054 948 8483 9163 7702 3745 3457 2746 4592 6860 2815 1314 5795 2655 4066 6019 
2576 6781 8886 591 7207 8404 1675 4495 9334 474 8119 7024 2630 250 1372 2245 1965 1061 6155 2488 856 2107 8575 1940 4362 923 691 1897 4413 2086 9992 2657 5081 4894 8309 6977 7977 6352 6957 3698 3136 3702 3257 5641 7722 2382 1801 6525 3009 9188 2 1 476
3 2 579
4 3 855
5 3 103
6 3 36
7 1 55
8 1 299
9 4 2
10 7 127
11 4 233
12 3 533
13 7 589
14 1 454
15 3 479
16 8 530
17 15 728
18 17 573
19 18 858
20 9 911
21 11 807
22 19 94
23 8 113
24 12 127
25 18 913
26 16 365
27 12 427
28 12 337
29 23 802
30 6 938
31 12 136
32 28 702
33 21 193
34 26 610
35 7 681
36 2 999
37 5 235
38 7 78
39 23 204
40 6 102
41 3 223
42 12 315
43 10 537
44 29 712
45 20 488
46 36 200
47 20 688
48 12 114
49 19 150
50 43 235
50
7944 6388 5552 8093 8517 3539 1292 1315 6393 5609 1951 4685 6404 3342 8752 2692 1452 5933 7412 1292 3959 9314 1824 9655 7037 1606 1195 3068 3101 3743 5655 3206 3296 3985 642 5007 4379 1594 2760 5103 7961 9597 4043 592 2296 3901 8549 8660 6274 4396 
2060 3045 9820 3778 4807 24 6071 3860 6017 7721 1919 6945 1099 4859 2061 3749 9210 2596 379 8681 7063 3961 4631 1767 8920 2265 9568 3619 7527 9825 5090 9301 4224 2158 3287 1537 3018 8784 9895 4035 6831 1776 842 9154 295 8505 1322 3704 5380 3931 2 1 615
3 2 47
4 2 126
5 2 770
6 3 965
7 2 78
8 3 674
9 8 812
10 6 698
11 8 808
12 5 298
13 7 991
14 4 878
15 11 753
16 8 309
17 11 914
18 4 605
19 8 803
20 11 595
21 6 414
22 14 582
23 16 602
24 8 541
25 19 667
26 13 157
27 9 782
28 10 807
29 21 555
30 18 690
31 8 540
32 1 525
33 7 973
34 16 872
35 29 989
36 25 651
37 6 84
38 12 822
39 22 301
40 34 355
41 24 510
42 32 905
43 4 109
44 18 643
45 29 694
46 39 713
47 33 682
48 9 164
49 24 370
50 15 71
