2000
1 51
1 27159
1 17345
1 20815
1 10960
6 5261
7 24162
2 11002
9 17913
5 10319
10 1102
6 16179
12 11333
4 15811
5 16929
2 14450
6 23796
10 22291
2 31834
8 30772
2 26215
5 7854
16 8670
24 23930
18 24740
6 13766
1 28276
26 6984
10 30675
26 4819
20 15687
30 7976
10 1732
23 28686
1 27495
25 1957
29 16743
9 18935
34 19016
37 10960
29 28497
22 28112
15 8769
4 11454
6 13886
41 6175
42 17678
30 9735
9 29833
25 9008
32 12366
35 23113
39 11190
11 17808
47 16390
41 32419
30 31465
15 24723
13 28957
16 4155
21 10604
28 24272
38 13278
9 15033
30 16685
47 8864
11 20089
30 20169
11 14653
47 1186
57 20354
29 18588
66 12370
44 25146
16 4208
57 26215
22 14150
38 15373
11 18463
7 20195
80 11158
69 25735
44 11598
82 18380
18 8676
48 15957
87 10530
56 31843
18 24694
10 2795
40 6562
91 21484
4 27060
81 18687
41 9273
65 22576
11 5806
94 8972
82 6199
12 11259
97 16788
55 28112
49 24912
50 4511
58 59
5 14030
3 2587
34 367
18 28319
88 25293
45 20116
94 20549
64 2395
103 23640
54 16027
83 26110
109 6195
22 21052
22 28787
20 1016
78 10379
121 1549
73 17219
67 7067
108 6125
51 10912
114 12696
70 13517
102 11911
122 21138
30 13282
15 25724
39 18858
81 28352
68 13042
125 21272
120 5709
112 23757
123 2691
117 21269
57 23432
43 1440
96 7086
1 1902
31 21785
94 3043
122 28531
33 6685
129 7650
49 2693
92 26935
85 676
11 10857
88 25401
42 2369
152 23688
83 21334
135 7412
53 16188
120 19920
34 28665
157 21107
116 19640
96 32138
66 194
162 12467
121 14249
92 6727
118 27078
10 1398
125 19686
125 28826
86 15681
63 24005
68 12972
19 4508
126 5647
10 13417
48 2840
68 2411
94 561
18 12401
28 9904
115 9639
83 32078
89 29615
182 18139
123 19443
86 31536
76 31034
43 28772
120 24698
20 579
42 1005
139 19963
50 15463
52 22041
109 7399
64 8884
34 13420
170 12776
64 8714
55 19591
82 12092
191 4874
173 25724
91 22222
65 19473
131 4989
109 22313
142 7369
125 6439
36 21601
166 19774
54 31773
167 23103
77 30844
42 18607
81 5969
158 24349
168 11961
140 22706
100 10320
37 27146
17 19621
120 2114
165 25323
97 9811
60 30961
143 23710
205 26452
52 11976
100 26099
43 25543
125 17571
132 9277
207 7204
12 21253
18 2900
44 21516
113 21667
39 13667
142 28615
94 28306
231 25521
151 10798
9 31935
48 19886
4 13107
173 13178
53 21988
124 19269
245 19763
252 5277
202 2625
95 10176
115 30303
77 16562
56 30406
33 140
59 22665
213 22807
147 14535
91 22169
197 15653
26 15343
66 12411
64 9436
161 22478
182 8865
73 4991
37 1742
147 8385
213 20567
258 3920
41 28394
111 16225
138 20608
231 31700
62 27955
239 1201
131 17743
217 7634
46 1451
26 30173
89 17978
93 31094
199 5853
143 26290
202 20091
139 13518
263 20564
129 9249
50 15250
5 2639
96 14625
39 11968
57 23489
174 19280
237 18010
237 1352
56 3215
1 29326
299 405
136 32536
162 26950
5 18086
65 16241
174 14001
31 2421
208 3230
105 26126
283 1080
205 20334
164 19037
305 17296
270 2039
251 18121
297 6447
251 29856
308 17629
75 4831
249 2114
166 23274
241 19193
117 27984
137 3883
130 9120
155 29187
47 13438
246 4193
127 24053
1 9171
202 2575
297 27585
79 8611
272 14055
123 367
3 8456
155 17766
292 22753
162 24139
291 605
114 9599
245 2311
31 25368
76 30404
50 31282
215 8898
286 12170
129 19628
125 15945
68 30752
16 12061
164 7266
254 9614
240 31826
196 6032
329 15003
33 9044
172 32302
2 30564
90 15087
247 239
165 29357
356 21601
95 600
31 1079
269 20334
244 23058
279 27063
354 9738
91 30002
38 6212
79 28751
168 22727
325 10846
63 20875
10 32328
188 24275
362 9597
168 22973
59 14125
333 12568
188 10171
120 1141
21 23663
379 30081
213 10091
115 9106
281 16352
366 1407
263 2689
389 5557
238 17976
359 1159
313 28952
233 25798
207 31124
173 1682
295 4078
315 29807
2 11250
326 18076
130 6883
110 16544
170 10678
339 27941
237 16254
122 11273
22 31784
152 26291
211 12136
64 24227
337 15347
137 19021
339 15087
330 13352
177 29607
270 20482
191 31620
89 14998
263 4665
40 22368
423 3645
390 16560
123 28030
149 32254
190 24148
206 29821
362 21683
216 17906
374 32678
73 4551
177 13048
151 19547
249 6452
71 8349
434 16849
348 4057
328 24486
153 17362
183 19364
88 18192
73 8131
413 6011
294 32317
147 18217
104 22779
320 8053
64 19788
254 31313
197 26589
94 17885
115 25830
7 26168
32 16545
191 27029
53 11264
28 17042
256 14751
399 31942
53 22264
1 8089
444 26070
340 13145
408 2572
281 7306
256 32614
159 16765
220 3040
105 11812
119 25110
316 10788
14 2044
106 29996
196 5583
361 7557
374 24907
330 9451
257 26911
482 26524
100 5278
423 31150
99 7095
173 28325
361 11047
227 16197
338 6381
458 16805
345 15614
369 26501
425 16955
292 14049
43 928
70 12487
494 18878
201 6757
300 31851
41 23654
279 7352
342 27775
163 6947
252 30020
235 24078
137 12353
167 3184
129 9798
136 28875
329 18946
256 2142
14 8403
291 4763
248 28125
275 13531
281 4954
285 1617
257 7728
243 6204
245 12233
136 20065
69 14879
451 7097
446 16918
505 30567
240 7183
291 7660
457 22202
51 29342
377 18475
399 5463
434 28977
354 106
328 10979
245 17115
404 21115
428 10959
329 26472
323 29761
285 20382
169 20471
46 13873
436 22196
447 14370
420 15536
546 21369
72 22853
329 19603
187 22251
298 32190
283 8038
51 17667
101 22590
536 1091
306 880
489 26502
535 6243
182 25999
181 10525
393 11956
9 26551
118 32236
69 8206
200 42
453 31164
144 17897
131 5703
26 29448
152 24471
7 8409
325 6830
47 9845
330 4755
4 15186
473 28559
318 10263
256 3740
522 31150
180 27931
178 27291
485 31941
476 30349
201 29668
359 19507
15 28099
246 4433
537 28515
290 11539
112 9327
458 3233
67 26738
310 5619
194 28744
300 15591
504 10195
448 28305
386 6127
319 18130
389 26791
564 17452
343 21417
219 28116
127 6903
194 8201
348 22496
383 29349
232 13871
138 28146
359 28578
225 446
1 7069
212 29362
53 10016
498 12767
259 2295
449 21146
140 1584
429 4746
245 6866
427 10239
539 23244
576 19077
500 24364
481 10682
135 5009
581 18012
189 30691
521 24998
347 10817
389 30429
472 19771
220 29478
134 7746
1 8090
293 20572
270 29084
166 32541
52 13674
89 19922
163 18163
264 1791
203 19689
64 20492
443 10774
158 17723
175 6387
252 4573
167 9591
451 22726
149 31021
282 254
10 11657
610 15033
445 6268
429 20617
441 18246
108 6355
318 7052
522 7040
363 16042
439 16372
308 24394
194 5956
481 27958
9 5795
396 18282
657 22046
367 4206
150 10122
217 7394
183 6586
74 12378
657 15349
322 31853
168 13734
316 5641
466 1622
177 21769
319 472
611 21002
45 23747
65 30330
314 23846
474 21233
501 886
20 12229
545 16331
110 3033
460 1868
504 32181
568 24040
166 10972
116 10312
63 18777
644 23041
100 24476
687 21517
120 13956
695 1916
378 12733
246 12391
220 588
137 15654
317 26472
493 13762
667 29068
392 14253
101 31690
527 22961
388 20322
515 3111
676 9619
362 18793
646 31665
230 10890
599 28024
270 13380
65 2464
5 28721
368 21681
551 9790
412 28185
479 19038
86 2940
111 29307
181 15947
720 26802
499 14232
568 11711
386 32297
436 32694
473 19147
397 14581
203 32488
271 6998
574 26972
204 23465
643 19845
195 353
477 24729
210 28301
349 12605
472 9226
442 11603
254 5623
150 14867
471 9322
61 4701
244 3169
656 24397
243 25852
80 16145
165 31977
386 11767
423 11295
552 1482
60 28111
406 1887
219 22167
48 8811
378 15098
373 28567
599 6669
554 4311
399 8306
724 27639
7 22410
269 29559
353 21735
242 29080
81 32256
585 2487
304 13353
670 25562
766 31938
30 13961
275 31150
646 8927
282 17927
65 5856
39 2831
426 10765
381 24938
717 10294
216 21131
504 16016
748 3693
347 32519
710 10627
599 11733
789 30449
26 3412
269 21244
657 7184
57 29119
677 31009
118 1568
741 25272
423 21763
360 759
336 2238
534 32518
371 22732
307 31843
437 22981
513 4217
138 2445
310 20085
442 27596
605 26453
335 19103
378 4161
773 28558
360 8991
246 26813
327 11618
42 11878
653 24866
236 15494
631 7282
385 29911
544 31470
186 23807
402 9619
515 3335
512 21716
498 25102
660 14569
319 18751
661 15467
673 14080
721 21790
90 7788
66 22286
233 32004
441 32221
161 20129
314 8283
51 32174
189 16983
453 9107
239 30901
140 11636
140 21441
795 14620
84 17347
494 15924
606 11220
92 22457
627 5871
558 16813
801 17227
247 24332
201 30696
813 23553
678 22632
174 16474
115 11041
402 1594
361 17776
856 2317
548 4688
210 24769
839 26411
450 32052
197 6896
572 5608
154 4965
815 16894
753 15551
820 19554
616 8048
735 6211
368 2112
683 10694
175 30367
292 9979
514 17721
677 25872
147 16588
783 21956
857 8502
819 26911
808 6355
366 14176
454 28165
468 1848
24 21268
500 1077
655 28729
510 14721
211 21493
482 9420
225 15783
219 30087
202 30302
170 19539
585 11244
678 3769
751 572
486 8987
430 20197
637 10474
816 13054
662 282
158 1845
650 15059
672 19995
506 14442
847 8386
586 8335
613 18826
644 28616
714 312
18 15902
736 584
418 3349
377 26245
203 12770
760 726
633 12249
640 13659
505 5925
574 22968
471 15291
562 22449
761 22673
474 32760
289 29450
360 11074
35 4789
326 20384
78 8504
624 13
140 1671
806 2627
535 21850
320 9940
356 7133
514 28533
666 11433
900 3997
442 29683
148 25423
736 11523
610 30771
174 3048
821 9452
179 12139
50 10918
106 28481
260 5358
143 23173
204 19399
608 31333
187 3066
955 11547
273 14765
270 11551
312 16695
157 6298
471 31283
902 3358
905 16595
492 11157
722 14712
152 6264
9 29311
5 19522
717 22621
812 18467
225 12270
75 760
875 2826
192 8827
432 27482
710 21687
851 1897
882 24000
651 26110
286 11680
778 17322
301 4756
742 30365
803 23417
574 17597
357 32385
213 24570
812 6186
910 31963
557 22129
515 14173
84 9282
609 14846
169 10548
603 23317
381 29043
282 9316
378 20989
441 30960
497 23826
633 19729
848 31461
686 9413
92 31384
498 19529
139 12135
346 32491
811 28196
75 28698
159 32483
523 27327
398 22262
881 31440
475 12060
812 21793
811 18933
737 29054
149 32441
1020 2808
656 23594
173 31356
1022 30663
347 8106
896 15683
444 19427
680 21045
257 25508
586 25105
726 10771
612 26199
111 27352
878 16138
129 30254
794 12132
347 9018
653 4808
462 19611
935 24056
880 31554
726 16520
243 13188
262 31379
688 6253
374 15020
245 22872
787 6167
489 7612
537 32058
673 25417
646 5710
336 564
608 6234
36 19407
663 29794
417 30556
269 19163
89 20771
865 13155
369 24514
736 11439
13 29637
206 18629
298 21878
508 26987
63 1270
655 8415
586 16525
52 2760
158 17727
340 12653
468 32160
652 21285
330 4841
297 7182
618 5194
428 10242
915 10370
119 24775
994 32174
144 3206
528 27486
366 8319
682 31470
1027 11258
266 18964
955 28545
51 31669
795 29772
70 11005
288 14333
401 5294
64 16526
651 27320
363 11399
74 1547
259 4980
595 27305
963 19094
614 20991
1010 25049
790 12149
861 27910
102 25412
740 27962
49 3975
1082 28311
618 17302
152 11833
226 29071
1087 23659
561 25141
1025 20251
941 6910
977 14476
561 27239
803 13899
897 3723
898 19556
723 10740
885 8405
347 31409
1102 2883
412 1960
866 19692
779 14382
877 1245
335 2517
8 13413
1059 22661
291 26569
920 27855
1097 22329
964 17533
515 5123
260 18798
239 5639
700 27297
154 15723
379 19343
601 7312
198 32190
336 7748
373 30867
828 23609
119 17256
151 14773
457 1502
1108 5772
250 29300
208 11852
705 16217
954 30647
137 8575
380 6262
123 32241
481 16651
206 17766
294 1288
434 11798
596 894
1045 16332
240 29625
1159 26173
710 27178
503 32152
131 27045
176 3422
1036 5325
741 9588
199 5068
225 4471
142 583
712 22095
426 31120
606 11783
1132 2846
830 30171
288 16187
162 17043
758 27645
185 3856
923 30839
859 14629
310 24624
31 16552
249 2773
256 31944
660 19498
486 15264
202 8262
1185 13
506 30720
1181 20925
610 10661
846 21385
748 23020
364 5125
871 28971
489 19541
438 28874
1193 322
1116 15608
248 14989
216 11934
1108 17538
1168 401
60 12241
816 29452
374 922
631 9309
204 21959
767 5598
844 15774
1038 20007
323 21654
360 386
339 14698
597 19872
125 18797
845 23946
411 1053
1193 2521
838 19706
627 18730
1060 32665
259 1229
492 2548
1166 9661
235 260
782 28117
704 25490
276 28992
506 32586
345 17458
408 11281
338 12501
1232 20888
1125 2439
720 27441
61 27458
588 32226
712 1115
560 13496
155 13168
383 5982
531 4764
600 3822
33 17132
913 11527
260 3095
37 26912
302 9321
392 18460
1023 13569
417 8734
732 28220
26 31390
1231 16497
546 7869
138 3295
1134 32213
1063 25315
355 28757
1168 7535
13 24780
945 29879
1226 2883
840 22573
551 18128
1137 9392
233 3432
35 2816
181 13813
770 14966
425 5288
371 9202
722 30097
441 26900
506 9581
858 19375
880 31935
78 12666
1113 8482
559 4105
376 28893
884 21756
456 19640
656 7799
1187 13326
42 22482
1034 26404
733 3729
216 953
253 5014
948 20446
1051 15509
77 9992
771 22985
929 15716
856 13285
514 11626
677 9806
1135 949
763 10631
331 15634
918 25068
52 27351
591 1700
725 29046
979 13521
393 5457
443 777
217 18896
661 26890
534 30385
538 20393
587 10144
1262 23820
1181 23048
814 20761
1076 23848
199 1582
175 30825
512 27155
1178 19439
205 813
322 8046
1215 22004
452 4927
61 16039
629 26547
609 4926
966 20135
663 8608
1202 31576
722 24086
1306 25721
563 22015
1171 27779
493 15046
1315 25677
1125 6418
614 7132
843 4156
809 30076
142 7686
1093 12047
962 21130
1065 21926
100 112
799 5966
54 15716
406 26413
90 18119
1161 10189
1331 7845
796 20407
336 29928
1277 15428
238 12491
32 9904
1040 11921
1135 28528
693 1398
865 13253
406 27110
451 24978
1072 32749
435 15723
1247 12783
684 3822
215 24473
612 26454
712 30999
112 13901
1202 23175
1139 8450
215 31662
457 20348
710 18410
422 9262
619 12904
1014 4555
612 23191
433 859
656 21725
176 2703
1271 27528
174 18513
1381 27655
1318 17312
1198 21594
111 8859
82 29895
842 31195
569 22991
815 9734
145 4704
273 25505
810 9804
1236 6438
1138 20730
606 1879
769 21596
193 21457
94 30752
903 8676
15 2347
534 11682
773 27971
387 7478
1185 7947
427 31864
838 9781
27 5822
759 24563
1030 8948
768 11182
157 30191
532 20475
533 12030
96 11211
700 4802
91 2017
674 2112
641 7306
909 27701
1393 8072
120 11945
896 28239
1348 28359
866 10356
672 2284
691 20066
197 19198
290 14415
31 17151
1111 31086
556 23522
246 870
439 15517
577 7684
1153 7551
990 1836
33 1988
829 20246
716 13159
362 17591
734 30519
136 1660
1439 32557
49 2878
358 15613
972 14195
735 18155
636 21153
510 6368
957 28953
523 27581
628 9697
255 5871
25 4338
1100 12356
260 7587
208 24060
64 1382
994 3876
196 27314
1364 3615
1322 8256
989 8582
1437 28794
1158 12082
830 31025
789 5526
595 28558
529 12114
338 24651
539 13574
1460 16418
647 29028
357 24710
18 31626
1028 7314
575 27534
246 21055
303 15706
1456 31705
1278 21946
1434 32180
1309 23987
1109 31771
625 26647
805 19849
842 5462
411 23836
852 10647
719 4422
1332 18695
181 2758
616 20081
861 20438
860 28688
1129 14246
694 9889
1399 10762
914 2747
525 1903
433 7267
478 19732
920 10460
206 18807
5 17084
190 29965
311 69
515 17205
314 29681
1187 32623
1453 4943
468 2761
830 14
1348 3483
565 26455
1200 29044
152 27489
704 14164
589 19263
284 32284
222 15612
119 19778
191 11753
493 30665
839 23862
1107 11121
1001 1216
1296 43
1431 1066
1289 7119
1273 16943
675 15889
1407 14390
634 18610
201 23591
385 6131
1052 23678
747 16207
1448 25246
505 32361
697 20327
804 580
56 9738
1312 18098
646 6428
1488 11279
382 28138
1213 5422
532 10765
844 8596
1381 16190
829 22500
502 10603
1479 21659
39 13066
1048 20733
1190 21421
1178 5712
2 23766
1445 12615
1383 26893
792 31169
164 16689
587 17076
558 11276
1342 18019
776 23593
354 8920
297 28650
1444 31374
271 14293
1335 3438
1116 14127
194 24060
1200 4812
1023 14035
39 25125
186 9295
1400 5803
423 13961
1552 27995
280 8072
714 7827
397 437
618 16420
927 656
133 3496
1484 30114
738 2838
1205 13234
1385 13715
753 29244
1577 13963
869 12063
553 19713
671 1174
70 24867
445 31081
244 30242
752 8549
93 28224
1385 8713
315 21803
68 28546
493 9353
527 21978
1189 14036
1520 8812
1017 23656
1066 411
636 18138
1011 25795
543 16012
994 1136
941 22142
668 21198
424 4711
1441 29281
1063 13061
602 1270
563 7345
84 26330
669 3126
167 10825
1074 3555
1236 26409
143 27359
296 13049
350 189
1098 21764
669 14160
1497 2778
1088 2241
885 28928
493 20446
155 25575
602 20661
789 27931
1304 12130
1377 4285
741 18725
1180 3891
692 9144
751 28446
959 26335
173 25484
909 5184
82 25200
214 29045
796 32591
671 22624
1067 24123
1476 25022
1626 21253
1310 7679
28 175
1352 20566
479 3360
1019 24588
1064 15643
461 29721
184 3186
900 27893
175 5751
1451 12460
1498 25268
99 32049
1167 27100
494 13556
1043 26369
1640 22966
1505 18694
316 10652
1285 22616
1134 4739
1441 25817
555 28564
215 4125
498 17688
1370 2009
43 28301
150 17560
989 29433
218 8368
816 29566
906 23413
716 26671
824 23724
111 7970
906 19523
159 12742
958 21055
699 25719
1061 4853
1440 9296
1512 15229
562 5953
1400 12900
835 29281
132 16545
1406 2693
109 18122
741 21265
653 21128
220 16142
748 10313
94 14461
693 5428
1075 8683
624 7522
581 5702
1518 23115
1094 23279
1498 7550
959 14352
1364 11158
1615 11056
1502 9065
904 10245
1264 25986
14 23433
442 4050
1353 9552
1678 24994
112 15128
119 7116
1321 10914
906 12587
355 11712
1738 23376
1313 1200
533 26486
926 19112
997 20408
1247 30898
341 29826
855 2746
924 2630
1734 31461
1495 3952
1243 1829
918 24219
220 29963
90 12549
65 18396
793 9536
231 7398
1511 7723
1581 8724
549 3617
1649 23233
564 624
1532 9930
132 781
932 16359
1658 6790
251 8507
1583 6711
1111 3369
1581 28353
1468 9578
1404 6328
451 18780
361 7580
1586 11933
733 1291
1511 26585
716 13876
1355 19936
641 18831
1512 32508
222 8908
1203 26753
1153 26377
1697 3749
898 9031
714 1682
1653 14111
1072 22202
79 22449
524 12651
692 16094
1575 15779
668 23223
799 25125
895 4404
557 18124
833 27690
1425 32
508 16759
962 6439
417 11135
1483 28542
344 26077
859 5543
576 25170
513 12197
538 10753
683 32198
807 24287
1043 2497
771 29029
491 10752
1431 24200
1363 20287
1778 2538
1443 20566
304 2130
702 10323
927 28250
1682 23244
1225 30567
1615 29300
352 6366
1387 19947
773 21909
1588 11995
118 25992
718 16192
1388 1486
1178 263
1673 1227
595 23515
789 24230
752 15676
1788 32253
1776 32465
152 29912
1660 1791
954 16860
1806 22458
1054 30146
388 32667
1133 19719
159 8499
799 4580
237 1184
1129 23168
899 26461
1105 30565
802 32351
199 9776
1630 24157
475 23693
1211 15983
1150 16227
316 18650
554 6732
1501 28202
1780 27464
789 28290
627 22194
88 3377
1055 6003
369 8837
521 16245
1464 32740
572 23643
734 23064
1833 21615
671 11755
807 4059
381 21236
491 16925
1223 12464
969 26549
1821 18901
1112 19488
1488 4578
1477 11274
1383 16635
1865 18368
798 6644
1633 31204
1163 22188
1710 9828
192 11932
731 5548
1114 11183
707 4123
1372 16724
144 19892
905 22994
37 3607
204 19933
1826 27823
1469 31334
581 17708
173 26807
47 15412
213 15550
1465 16469
888 23977
125 5951
409 3252
1471 19248
1450 24127
1514 3247
1807 18724
367 23677
1496 16455
1411 4553
1313 2671
1197 4259
1382 19540
1041 17587
97 30969
1805 13355
433 7227
1576 16122
389 13226
1550 24131
1652 2457
1627 30733
527 18033
548 6972
696 11339
1833 14272
653 12477
948 9996
296 26867
1221 6345
1258 31746
114 14284
1902 3962
84 6982
547 25146
38 22587
879 2441
830 18230
647 1122
785 21050
1915 6414
1449 24315
16 12537
290 10574
309 9918
914 8671
1516 14980
1504 9506
1539 8333
784 7820
253 24076
561 27650
1056 26679
1488 5522
1393 14750
640 11617
179 20923
745 27620
627 21194
980 23635
709 12763
1339 11611
1340 11557
1814 31252
506 31901
153 7986
1402 28871
819 28799
1189 29644
1517 25225
889 8398
735 31895
1742 25976
920 9954
1149 25049
1847 10498
620 31346
570 27815
1637 20621
307 22665
592 5329
1109 22434
1347 26644
460 24730
456 15984
1212 4483
145 30873
1551 13254
1660 10093
221 15453
574 11725
1954 7235
896 13484
1668 29993
1919 9573
1122 1643
1644 7762
1813 26178
