5000
1 48
2 9294
1 7031
4 17702
4 27217
4 5409
3 2023
8 21578
6 23863
9 8489
6 22454
11 1164
3 29498
14 27271
13 6936
1 11449
17 9865
2 4561
13 29779
9 26193
3 27045
20 4754
4 22594
24 21000
16 4065
24 28616
1 7892
20 11335
26 1513
2 12389
23 25486
26 12714
22 23096
7 11215
26 13829
17 21376
14 5536
31 9824
13 6757
5 15438
38 25541
2 15847
17 23020
5 9291
17 2978
6 9764
11 9071
37 30181
43 14339
14 13648
23 31700
44 16955
28 4105
49 16531
50 32407
55 1441
51 8106
1 18572
47 28230
32 15392
19 4142
9 30157
7 5381
56 17907
49 12467
41 25949
56 29962
30 7179
23 20138
54 17716
16 18721
70 21643
18 24151
66 16578
32 21802
15 30540
32 29525
1 15720
7 1686
77 8795
16 2320
80 26364
39 25838
55 32374
40 6985
77 3146
20 21067
74 915
32 3733
35 19342
61 7135
88 3417
88 26846
7 3835
86 23147
26 16293
1 23009
77 22840
16 8903
35 15110
98 5039
6 25053
32 1629
83 8514
93 29484
38 506
21 25518
73 27087
60 30867
37 28816
79 1740
41 1626
6 4080
104 20246
42 6622
103 22339
25 10660
21 1526
21 26015
33 28702
38 8932
78 28941
103 25055
17 11316
112 32314
31 23598
115 5632
1 4865
20 27651
24 20384
10 18811
53 3252
8 8943
22 11419
56 1113
101 26289
81 2181
53 6607
132 24506
28 10258
112 10652
85 16350
16 9809
26 13858
114 739
5 21981
67 17637
42 18657
60 6490
113 32215
35 2770
117 12163
25 25302
20 29001
129 14982
142 25840
155 32385
103 32167
62 27141
108 29765
121 15704
62 20693
41 13158
15 11602
110 31403
24 5551
154 13651
154 10522
46 17568
114 24706
151 25485
147 7767
95 21681
25 27537
168 10085
79 1523
23 22569
148 9105
83 20548
46 3984
118 2219
167 1069
37 21540
69 26112
78 5291
111 17538
86 24597
115 17358
113 22515
71 21412
20 14521
155 22451
50 25632
71 9496
121 27336
165 31010
144 22818
190 19800
77 19341
148 11453
82 3519
125 28242
86 18791
162 30941
5 2064
113 29673
87 3145
200 2574
131 17923
43 8306
96 26170
134 10128
97 21976
150 26936
145 5078
81 30679
90 16036
180 8953
69 19659
44 5388
187 14545
22 32359
162 9308
206 29067
47 13979
110 21672
51 14818
147 3171
132 15508
1 17366
184 14662
11 30168
222 2593
130 7039
21 11144
89 9188
195 4603
88 6438
110 5948
213 5810
228 17072
12 29889
153 28935
147 19746
180 7968
62 15673
108 23590
130 2376
157 9984
195 1261
66 15080
189 25836
108 3929
11 24111
66 3887
69 13835
40 19210
253 10181
212 10995
125 17237
202 25410
238 10601
174 12478
109 18605
246 8199
15 74
147 25649
24 19372
155 178
31 23433
102 19070
135 16415
273 1136
249 2237
49 6892
151 31876
221 17091
151 20591
18 32598
110 32401
236 21503
5 8862
241 9388
183 32685
167 2509
256 4924
181 7025
193 22901
124 30635
33 9904
198 2107
180 14904
95 19306
13 28242
205 9270
4 10619
241 30127
109 29938
284 3489
216 23670
94 8819
68 31569
287 26703
156 23189
74 388
299 1190
121 20008
116 29176
40 24321
217 13082
144 4006
7 31732
125 3041
237 29773
299 17496
305 29072
303 5740
67 32207
168 11106
129 20488
150 21184
17 6567
134 23546
83 19789
282 13134
256 17104
187 17901
279 23683
326 29019
15 4535
138 536
248 641
278 1408
202 30910
103 29424
295 31317
86 28714
119 20668
205 13563
105 10686
34 21019
184 13691
262 24404
140 26032
118 21734
317 12856
285 5163
259 1747
150 25463
311 15911
280 24898
165 19972
307 12937
259 2284
12 28785
218 6355
192 6446
266 5923
5 2083
342 26115
178 14666
153 11993
205 23511
85 10765
117 30744
205 5137
114 11424
341 29598
129 18084
321 5440
248 14757
259 24596
70 14927
2 26576
42 162
126 24581
354 30031
103 21665
143 20069
193 19384
16 24364
226 13444
130 8017
334 18346
175 11588
77 15550
235 20447
262 30986
91 15176
2 7051
121 7448
290 2621
76 13245
23 25753
344 29981
141 32603
42 2171
147 19848
316 6047
72 23216
40 15153
30 14960
22 1639
276 4412
59 30176
54 6747
298 17871
43 20275
128 29531
394 5063
385 27974
108 3198
284 14285
392 294
242 2000
122 28984
221 6451
406 15710
382 17540
318 2610
265 6110
202 16457
294 30477
50 19824
297 1778
64 2869
398 26665
266 28330
75 1258
208 25957
341 30253
366 971
269 17426
26 26767
330 1407
370 31093
252 8971
168 23900
420 16667
429 22395
162 5450
200 26603
310 11023
219 21861
328 23450
221 1102
413 31998
171 16112
56 3221
201 21259
142 22688
50 10380
319 27951
430 13724
315 18497
70 29660
142 6443
275 15087
449 3902
163 9274
452 31652
304 23527
128 19083
9 816
432 6022
391 2010
439 24879
340 5375
278 8210
419 273
110 17606
35 23836
434 24925
317 2379
270 511
62 29358
135 30929
373 24122
129 8475
321 25874
70 23979
118 1541
304 22132
34 28759
253 14715
305 27588
194 756
302 450
470 4263
92 19463
488 1177
144 3147
259 15081
295 29007
74 22264
297 11550
179 11212
39 16530
136 951
367 8219
95 2867
293 5564
203 25361
254 1110
290 7635
5 28713
344 11350
374 28824
415 32180
456 28460
482 22120
410 22492
116 8883
301 7820
154 18495
234 15827
228 15107
242 4865
327 22886
27 15201
326 21415
456 22203
251 8828
234 21277
283 20729
68 9691
373 7604
300 5589
384 14119
290 31480
137 5973
477 5896
431 17073
39 27548
208 28219
164 12650
389 20716
248 21700
343 9300
361 7011
297 6274
265 22372
274 16164
88 19344
265 12783
449 9440
46 30785
63 11584
20 28677
281 7060
112 15832
419 9465
81 2153
247 13133
103 806
452 25841
239 3093
487 14797
385 24831
20 4501
505 12244
256 24395
39 1611
124 13830
375 25801
66 4849
465 30852
551 2198
490 16616
446 12125
231 9274
325 32591
512 14203
189 30496
500 15759
282 13421
293 8606
389 24898
516 28859
196 6879
500 5827
549 13756
466 25224
80 714
57 5423
345 31228
452 215
430 28166
504 31356
182 11621
372 8986
432 13471
77 19477
364 21964
208 31448
443 31061
415 20412
45 23548
261 21548
335 28188
417 29704
40 14386
383 9798
230 26781
237 2271
252 28322
392 29673
608 18099
174 18432
277 23537
143 31723
206 8943
575 11645
436 20921
298 14776
562 22805
272 8249
463 776
118 13776
536 23196
442 27246
36 16609
104 9796
545 21298
193 553
286 1721
423 24380
263 7478
342 8651
375 22267
239 4980
114 1595
366 12426
248 26501
344 25787
330 25484
172 31471
298 7721
516 17522
298 30371
291 15190
597 23853
446 9235
311 8624
53 29297
378 8139
316 30120
343 27673
622 4037
76 26290
198 31823
115 22260
422 27179
642 29827
67 27837
293 398
580 2128
443 23124
113 23992
22 7655
431 14645
433 21552
604 2203
202 13620
517 31920
149 30101
137 22998
195 15452
330 15338
382 9717
156 20843
153 30843
517 20959
92 27959
547 13170
185 13155
179 25569
264 4147
287 2198
337 16406
516 2581
640 32057
298 28310
418 20300
132 18419
16 2186
533 14533
30 5107
535 21706
533 30940
472 24715
330 14250
418 13371
555 25563
625 17889
302 8006
545 7866
372 23203
255 16344
408 32589
232 14864
190 26183
478 32019
588 16509
553 8667
137 21581
16 13385
347 13382
572 16396
647 21296
480 9412
359 6476
258 30055
647 24285
682 26340
341 28646
261 4615
161 32054
717 3229
651 7842
57 7640
470 19090
315 4597
254 26303
436 28955
10 22074
559 7559
198 10417
86 7398
71 20206
135 4354
525 30880
181 9121
103 32606
201 27050
131 745
610 394
114 6833
338 28886
481 16539
694 1330
291 22786
28 15473
273 31740
361 30718
147 25566
252 32634
748 9474
153 5798
671 4807
390 10884
717 30170
624 22969
456 30644
107 23606
479 26468
411 3607
381 15247
85 8651
162 30133
352 15734
446 19125
34 1939
274 13460
567 26334
214 20858
586 31089
767 13309
29 1837
599 2210
411 29531
152 13473
112 29075
46 20969
469 477
464 11364
357 30743
560 9340
395 4759
216 6878
576 25617
6 18814
37 5306
258 11739
108 16045
195 26756
690 27022
723 13787
360 26990
394 25625
740 9455
131 27282
110 1705
590 1595
311 7628
364 32617
570 12806
355 31963
731 20135
767 2043
305 2307
79 9825
156 1559
538 11417
686 880
713 11814
225 26441
787 11974
648 7156
28 30968
710 14971
187 15804
765 18566
812 24986
1 3455
252 6885
104 17141
53 17729
415 9278
236 3683
343 8545
679 24600
761 14643
560 11145
392 16063
292 31165
661 3563
98 25951
219 29529
202 25026
786 19340
515 29474
735 7500
697 15405
805 13131
713 1217
576 30984
395 7672
277 7924
234 18274
162 18900
330 31121
526 20838
151 14811
489 21063
453 23387
134 5908
682 20793
254 7375
179 30251
682 13957
629 27964
509 5166
784 32717
463 12501
17 7385
759 27641
636 23933
227 21042
44 12983
449 22808
690 8302
670 4704
139 10674
231 6728
689 21062
630 17718
229 22875
732 20635
468 4511
89 6942
93 31350
76 10231
526 32391
191 29080
788 31611
584 20371
5 30465
746 29624
108 9494
685 17021
327 9091
37 2724
199 3751
100 24599
826 21366
500 7703
534 25282
647 21653
66 10682
510 9440
239 29616
634 20865
402 6431
74 1379
151 8172
287 5688
23 12524
337 17943
384 1703
213 18538
800 14683
850 3591
453 3140
186 7325
32 8219
794 30034
680 11997
104 20138
173 13517
460 9643
195 10940
94 27199
22 13704
202 19161
428 28387
907 25435
456 11093
565 21304
424 24964
548 32469
654 5812
796 54
169 29834
414 2774
388 27669
607 18134
904 2575
484 26458
648 24671
672 49
552 10467
334 24244
184 1389
844 27120
136 267
381 19975
631 13964
858 30419
277 16447
201 7629
229 21758
302 28461
910 13931
408 2643
446 21626
154 24934
510 18992
427 15419
381 6058
601 25208
102 15712
607 12537
161 7339
97 7794
440 16773
890 29526
226 31120
21 14584
125 23643
362 9201
723 10464
427 32193
216 7249
591 20921
321 9748
963 24856
784 7436
761 8820
198 23066
268 20571
382 23523
788 19259
955 22484
546 21119
477 23652
933 22779
577 26777
791 30858
172 7374
940 18677
391 26803
26 7703
96 23189
851 28991
354 29664
540 31190
755 9954
662 14658
287 25041
531 32265
854 19216
913 8762
932 4782
256 2313
64 32048
2 8121
267 2960
568 26047
333 25733
369 16420
971 25349
567 7211
768 28168
409 9524
532 32144
743 4576
304 28902
698 19574
33 6694
184 31365
463 8957
774 10187
764 11954
48 6230
22 23907
29 1513
174 5266
892 19617
879 12512
53 19160
578 1303
336 30794
884 19054
873 30838
843 26121
916 11336
741 10176
326 1780
4 26145
426 10789
397 7096
366 3415
208 27022
358 13441
813 8943
580 14840
697 18032
284 12176
504 2097
964 6916
160 20832
532 4504
533 22782
984 14076
77 14822
496 9076
137 10763
619 30006
731 14081
313 4371
682 11199
171 22106
97 931
463 18938
117 3766
497 31974
241 11058
585 12734
781 14401
819 1451
79 9736
76 8331
498 18148
386 12366
1000 17907
789 13215
991 26327
695 22471
110 29366
221 28111
852 30341
904 15077
42 13959
420 10242
472 31504
58 5321
1016 6799
130 20913
768 25803
127 1382
193 21357
269 365
802 9151
959 18951
744 15795
201 21849
507 3111
285 17865
741 10855
315 9131
466 2804
147 23069
165 31620
80 31535
795 10825
1026 3912
584 4214
272 29637
429 26112
797 3298
492 673
283 20190
548 20515
562 25178
748 12763
428 26627
307 1396
403 8048
176 8430
730 30029
619 29157
8 15546
267 8727
375 6126
167 25889
687 21536
842 21385
453 15527
198 30465
106 10592
245 27626
919 19536
368 15384
892 650
232 22229
729 11347
752 18984
610 20613
516 8535
1065 3889
791 3242
415 10120
839 13938
224 5372
968 26954
313 1954
720 27549
390 15323
699 13416
477 30003
467 23873
203 8329
451 30105
1115 24945
291 6974
121 3798
491 31779
996 25316
143 9572
375 25124
532 17285
268 15849
1091 14331
647 13804
461 10221
991 15667
430 26683
680 26167
1010 27328
433 23109
633 4308
831 24613
1014 1813
668 13818
261 3688
416 17001
257 22074
117 24829
352 19468
1160 19914
1098 1070
181 29777
1033 8138
1013 9636
294 21541
692 31179
340 30498
344 24677
236 13576
658 9362
81 21380
38 26641
967 9714
806 22950
520 5848
1056 10943
271 27315
155 2134
409 8183
144 6937
976 4177
697 21193
635 14127
1042 224
861 16770
932 1654
40 19138
228 6501
1054 27443
738 25772
371 31592
56 2065
590 12549
980 15115
98 30921
282 5854
302 12747
199 19464
1083 11779
1017 18140
609 7181
312 1901
828 15914
711 12461
1086 4744
320 4822
657 20675
199 13577
249 24747
226 8757
941 11848
310 32059
786 32539
491 8272
628 11431
713 19362
820 26672
888 10046
830 27587
366 7217
703 15478
516 18669
466 25073
621 5359
78 14125
516 10143
254 14460
671 18040
898 29386
185 24168
304 30754
74 15482
734 32116
810 14770
798 1429
129 24120
537 15751
896 16314
188 28155
955 7947
387 9748
126 2320
1166 878
665 32476
368 15199
272 26906
407 18812
270 23211
551 26463
762 26257
207 12712
219 3340
1076 7746
570 1026
799 10216
135 24228
959 21223
1199 22607
511 28453
380 18096
1091 15202
270 30508
487 19902
750 31615
143 25979
686 10659
171 2565
976 21235
1272 6959
280 30352
357 14016
1017 29444
374 5934
1041 31525
394 20393
859 21052
962 2395
551 4967
411 9711
778 2108
787 27472
523 21167
612 7347
554 28214
510 9431
310 19499
667 13707
1135 3953
355 114
43 11098
538 27907
1008 27080
919 28627
684 7315
1253 26391
768 32299
529 8292
1002 1407
684 27578
688 12573
508 24513
420 3482
233 13138
1122 31540
568 20537
973 30390
40 826
628 27036
1025 27986
289 17784
590 6718
487 28308
202 24642
938 14809
421 27939
198 495
460 9333
688 6054
883 13085
1088 4501
80 31758
1284 16129
153 16982
1165 16896
1080 13406
1170 5341
356 15469
337 32447
43 14959
247 15238
1032 2805
165 23286
964 32636
1344 6935
1191 11250
849 16859
1147 11638
109 14850
785 20064
39 30523
564 11137
1195 25996
1208 16044
912 26611
91 29300
459 10830
992 9016
292 19064
222 12637
583 7349
811 2267
139 3920
965 16891
1208 29058
1105 16223
1185 8598
317 27970
449 26187
1158 1537
1200 30586
269 32730
1045 31224
743 2036
1316 29374
720 11936
699 30023
1271 10463
171 4410
1243 19236
1049 17225
609 8539
843 27993
828 18473
697 6627
239 27510
1077 3738
1055 3625
257 29262
736 32562
1111 2576
708 8142
950 20887
449 24326
1042 29410
963 3705
1058 24863
299 29788
1116 6860
943 16063
1364 22300
1385 15378
555 8860
1340 31975
996 12054
1007 17146
1360 23221
1313 24942
18 12907
489 29273
653 29584
514 1411
796 20684
543 11371
925 32310
1415 1931
628 18621
1051 14557
662 15560
971 24478
848 8217
1282 338
488 17143
335 1032
107 27788
525 7647
303 26252
1076 24009
657 27671
391 12687
304 32737
124 3350
924 28048
359 5856
507 31333
822 32213
310 2335
141 23620
141 13596
1334 19493
520 10434
1244 4257
701 13085
1246 30932
888 24777
671 24529
77 7187
1447 28134
1275 6235
926 32546
434 3261
180 21269
763 496
1360 27095
1160 14189
574 12876
409 25556
570 28069
463 21644
1058 27690
844 12458
207 1847
1352 25365
1230 31877
521 28647
930 3755
16 14614
1453 3813
263 30291
191 13331
1074 25650
719 25349
551 28300
299 19445
1128 23074
558 341
43 12674
1279 27596
485 31023
515 16251
1447 28412
1343 22148
1302 22713
89 5325
1181 9745
971 14593
357 27059
65 16088
734 28080
1373 13977
1095 26404
476 13789
35 3353
797 17813
1480 5800
1445 29006
352 25697
647 23476
597 22766
1064 31829
1357 9458
472 27304
764 2615
204 23118
1200 23049
182 11415
996 13021
286 15176
488 16695
1300 16540
320 1994
643 136
1316 29408
1418 5955
982 15100
727 4358
151 23230
1317 12049
810 7176
1352 32238
285 95
180 8441
1514 2196
319 30496
1489 8099
1218 31976
1223 11483
1079 4016
358 4415
466 30266
901 5165
616 21095
751 829
325 24642
749 2412
397 9792
1133 378
967 31431
732 18320
223 748
1071 20006
879 3713
1325 31268
136 30031
1413 2631
207 22944
209 3527
1356 29697
381 11831
1440 19525
201 20652
276 973
1284 21025
804 5383
1541 25370
734 11317
682 18056
795 32112
244 30701
262 15340
1138 31936
410 5757
1233 25875
1328 23898
736 16243
1560 13602
715 1040
915 31516
628 15134
1263 16067
257 25210
251 29826
1466 22161
1476 17852
231 17022
1033 8719
529 23410
273 30170
971 27481
246 10748
1564 28346
1398 20703
1385 18911
1187 9398
1237 22839
1340 15106
825 24824
1168 4443
1056 8200
1166 22381
845 2590
153 6721
681 27941
246 13502
351 1505
1444 10607
1336 18388
1023 18822
100 23651
29 19745
828 7477
747 16589
997 3548
1416 27720
1554 6327
891 5772
569 4886
238 19208
960 19616
1461 1073
1007 11762
440 24377
1519 10889
1285 15646
1583 2530
872 29927
1513 19423
1054 31531
35 11373
604 8914
366 2660
420 23327
460 13743
1528 3823
400 26796
980 2363
1613 28885
1276 740
1527 19105
1559 15792
1242 13477
1259 20623
474 32255
973 2340
722 5108
218 1664
1403 4824
913 28977
85 24110
607 29819
684 1041
859 23781
1517 28627
378 32760
1282 12259
1275 20803
699 21236
1328 18594
1183 8283
248 32192
1033 12217
803 7387
356 9179
938 6343
898 3294
715 15926
746 13719
1276 3126
704 24626
1308 30203
759 13848
1431 29151
310 28439
446 31143
922 29629
1431 24584
1470 32516
611 8042
1667 821
169 1515
1448 22022
1172 25255
171 26629
933 6199
183 2874
777 14455
1355 3336
1631 3468
1516 10069
124 13350
787 3307
342 11011
705 5405
895 31669
1152 19117
64 24740
1033 25069
1227 3158
1308 23077
795 30190
640 20021
73 20211
662 14459
553 1619
1625 11767
20 31912
560 21677
960 19897
209 6475
1285 21316
1019 26636
327 17659
555 27868
406 6604
723 7869
20 3685
991 6761
1336 29944
987 4153
773 12859
1471 18757
1021 2996
26 1997
317 11059
1089 18136
526 31648
1435 7450
1674 17142
1617 18203
735 7568
928 7318
745 16036
811 29983
614 6669
1346 16393
801 23373
1414 21383
1519 19922
863 14097
846 6776
1566 27914
203 32336
1402 32671
1039 24224
1114 21746
532 24106
1027 3704
673 22449
568 30623
855 25018
446 18357
1021 16272
1135 15109
34 25482
1624 18243
1720 26256
236 28458
1023 6364
1741 31075
731 4094
1164 3753
159 22051
1137 811
1605 7830
1038 20273
427 9095
548 31491
108 4364
1625 519
815 8549
570 28969
824 20100
278 17535
401 15565
1400 18477
1732 17178
68 135
1591 13314
1130 23926
556 19547
722 15645
1130 27389
1134 444
324 30153
1444 16084
12 4074
371 16780
117 1371
1701 30803
1435 4009
1400 32199
119 22523
168 19157
1291 23119
821 21538
188 3590
936 5802
108 30627
1193 22440
733 2000
1184 7093
1330 27554
1099 6451
13 12829
839 10732
1228 27387
186 32759
653 8873
1741 8668
1461 24467
646 29175
1104 1185
1788 17698
102 15617
1689 19598
1429 21800
383 22258
1609 9491
645 11496
705 28627
1589 3219
128 23624
721 2182
308 27437
227 19937
1732 3668
1111 5565
1081 17715
1666 17867
406 25248
1208 1079
224 24537
941 17107
186 24775
1293 1393
143 19844
1757 26512
586 9498
8 9532
1022 28046
1565 11055
640 25885
1580 29244
1385 22725
874 10734
670 17415
1537 30316
146 7660
1619 17823
699 30534
248 32663
794 20024
1112 5675
1212 15096
302 14304
1740 22996
832 10765
417 5747
1416 3644
1571 15454
707 5842
684 28862
71 28403
621 31080
254 22944
1798 29974
1277 19490
1210 26871
429 1964
1393 18283
41 30268
777 21511
687 20162
1351 2272
978 17540
853 24838
311 17857
938 11342
469 3476
216 20565
1507 3356
1297 6849
944 28634
174 2250
400 16218
506 10234
611 27158
441 29744
594 12695
1322 22251
794 17373
1689 11205
1265 1025
1534 28222
591 17945
1607 29883
594 604
150 23759
1673 17287
1525 3256
1798 21631
1025 28205
1725 28983
767 18007
1055 32468
42 20253
619 3855
1019 30116
1218 13019
1066 25110
218 24648
1095 11427
5 28584
764 25542
699 29680
1569 18378
359 29281
1003 24460
1831 15719
1295 19074
592 30401
255 29692
1553 31970
988 2986
32 18327
457 26463
1255 30699
684 12820
1448 8008
1386 3120
1612 478
751 263
395 22600
672 30112
1710 21613
1617 29883
1083 28069
1834 31762
1697 14366
1110 12000
1136 19325
1271 4512
1342 31944
179 13079
1318 28547
1002 26260
1917 16921
1017 29559
1787 22910
1685 24048
938 4115
1343 11529
1564 19402
825 20967
348 16266
1356 5196
1731 23509
1315 10337
1049 12968
992 20915
833 21154
1827 14203
1058 23913
1172 20002
932 23882
1440 31236
880 7711
1659 20341
1577 3446
1381 5121
658 26095
1018 25848
1348 10726
195 10027
1264 12626
1942 9200
1009 20205
1805 30572
592 20630
280 13329
223 24307
758 24421
1538 90
1849 11269
1000 17138
303 5354
1650 21013
739 15852
1387 31481
558 15748
1962 25744
189 13270
281 32428
1056 21231
39 27751
248 15435
1260 28098
1444 22426
779 3212
969 1731
239 4230
718 23338
166 32452
1367 12335
68 10326
1736 20215
1849 3112
676 32622
1474 4135
1524 10892
219 21925
1485 29144
1963 11519
713 24619
1411 27773
806 6071
971 11897
1233 8519
1297 15044
284 16584
1920 8005
1994 29449
1640 15331
615 30911
450 17830
449 4812
635 1304
580 21441
468 21490
248 10913
1013 7668
88 2792
1447 26901
1298 21963
412 10460
685 26818
346 24846
1114 30020
1303 23433
299 1489
242 30064
1568 21558
329 18312
1108 21773
1229 11746
1239 7299
1701 29371
1716 94
1160 8352
216 6974
470 16342
1955 5410
1542 760
1421 21807
23 9954
154 173
1751 2510
2023 27475
949 15805
1099 23748
1131 6681
845 20313
1223 4248
889 3105
689 18787
922 18470
1697 19064
1374 9970
560 11852
1999 18002
1861 11701
1322 14170
1823 264
895 2217
1071 23678
236 17903
1628 3037
1018 4268
325 29012
1731 13882
1960 27558
1642 26381
859 26507
1447 29498
1382 8275
1377 12342
1963 21452
379 27616
830 28006
1393 4290
1831 27797
1460 24468
1458 2679
197 25090
1146 25271
1154 31408
1352 9137
951 13946
19 2518
1196 17152
964 10834
1117 11874
735 20717
643 21576
1809 29999
51 7206
1706 2760
403 27838
264 12591
540 30950
1766 1672
791 18827
1091 8651
1481 10486
1754 30755
691 21326
1522 12692
405 4190
851 12513
995 6809
1631 21165
1215 30555
582 10208
1046 9330
1766 12108
1266 16093
1960 21137
447 1747
580 10813
48 25864
883 19768
922 21803
1644 12128
1991 22963
1201 21360
484 23771
1575 21542
475 8939
588 2213
521 12730
217 18456
1804 20849
908 4248
1080 2705
612 5456
804 17720
877 30686
643 28064
537 12541
437 16872
1173 27745
1242 11543
655 23523
1361 21342
6 17886
2136 13213
407 21209
280 553
327 24166
2073 8397
23 20297
733 22542
1124 15069
1938 13747
1644 22452
1109 13445
1526 894
1918 4436
232 24620
1687 28986
707 19541
860 15652
676 15064
2111 22157
313 11715
1708 2445
146 22643
492 24595
1614 11517
1519 14958
2148 22733
109 20755
502 29837
1270 922
1321 27465
935 6409
1919 23760
1997 21845
583 32605
97 2086
205 17526
1129 30939
2015 17685
447 21454
478 14598
2126 31961
8 32144
736 27417
252 28503
1360 29169
1859 7041
344 6994
1716 3096
246 30522
244 13231
1359 1147
1151 15433
1904 5822
671 15734
183 24007
1217 7615
698 29179
1755 9028
1134 2591
1645 30628
930 15970
1791 8989
34 31902
2191 17141
1405 4571
1893 32536
1663 27925
1601 770
1277 32575
1419 32223
741 23687
2041 28145
1007 732
315 15155
1031 27053
60 25916
1436 16116
1391 18533
2093 30068
1659 15918
683 2110
422 7390
2022 6010
536 23146
1972 16996
1916 22168
207 25237
311 4196
1774 3204
619 19107
1287 31052
1144 25574
1524 15792
958 26017
737 29276
320 3725
960 12653
828 23626
1333 3380
358 22601
438 25655
160 11241
871 13945
255 16352
2050 24572
1424 27357
534 23683
1397 29548
1695 30876
29 26905
118 5086
1658 6360
1620 22640
1240 8356
1255 3019
1404 26215
2081 23744
739 30234
563 21180
834 2861
373 16971
602 18729
1852 27355
863 26516
1171 8643
311 21781
324 11907
898 5592
2201 15437
1651 24884
595 1221
1659 17035
2170 6150
16 16754
1277 26085
2098 21778
829 27769
1246 9934
37 12251
754 26663
505 24362
1743 16348
659 19154
928 4693
803 4110
95 10561
511 7596
199 32383
730 30225
1062 11834
780 21116
590 21593
1179 2959
846 22806
2249 27403
1277 28908
572 19163
677 21431
1196 9556
2221 28439
959 31419
1766 6165
2050 12295
1434 9
69 19177
1274 28859
1232 12042
751 5064
1860 16532
700 18759
1021 4083
897 20909
1612 29405
155 20206
741 11919
464 24805
389 5978
2238 24822
2020 18783
1757 242
2015 24215
954 20794
272 17942
1189 29224
1568 8336
1200 29866
1999 17948
2158 11824
399 22840
1150 969
663 2829
1587 28808
2010 29941
1665 19245
1253 11067
930 3841
1642 27938
1204 11266
430 5672
1532 8768
1366 13451
2008 27783
1397 26893
485 32318
1078 29684
1380 22671
2059 4950
1080 31433
358 5779
1305 12802
1484 19235
241 3072
478 9874
1220 29018
1593 20936
47 10970
24 31118
1418 22054
365 2126
1958 3487
484 11546
1675 18314
839 21488
104 12398
1088 29501
1175 1212
200 21151
1622 11701
132 12015
1300 9609
1169 24447
897 26300
824 24736
1011 27342
1849 26472
364 31771
615 25266
1193 24320
629 3429
1130 5695
248 30202
172 18085
1490 7992
928 32234
2241 7746
2284 24792
703 22996
23 1199
554 20170
1507 30665
2007 32226
386 15738
2378 26306
1327 16698
1468 13373
1986 1286
1652 32210
1515 3843
2343 17013
2123 23141
1139 147
566 20367
2225 3920
402 1915
788 7443
1273 24157
1277 30532
25 6531
2317 32596
884 9344
1827 28926
165 10633
197 24013
891 2335
1015 479
1703 29935
1527 21992
1956 12790
8 633
163 17896
1884 6275
618 5075
18 13079
708 11263
1588 26223
697 21274
2036 8242
824 1169
1329 23796
2214 29761
1454 22268
65 21327
951 4683
1556 23636
356 27098
136 27326
1231 546
605 8563
1198 17633
386 25783
907 18972
835 11087
86 21088
1804 27366
625 13902
1917 9137
685 28503
1696 20303
893 7619
341 14067
142 12280
1154 29892
573 3833
1693 9348
1660 29741
2296 1904
1930 19554
1605 8040
2385 19473
805 1360
2167 6371
2298 32438
1542 11381
890 5813
551 21592
225 15897
2188 29533
2008 14019
2289 26639
449 20048
2306 15488
225 11253
1173 841
731 13741
2301 1484
1707 20631
1234 10172
379 153
1607 9184
1197 11082
1958 1555
929 527
1344 1680
126 22404
2476 10860
1198 25629
679 19812
635 15885
200 30937
1909 2150
1650 11289
2474 7554
386 31200
1394 14499
318 7967
2128 25302
366 30459
2276 10013
1192 28697
925 20940
376 26393
2236 16180
687 2656
376 32127
45 11035
683 17883
2488 8064
1125 4315
1667 6743
1146 18969
517 7098
2347 26401
2272 24345
1837 25994
2342 27265
2263 29798
2109 8989
674 19677
751 2813
2442 32276
2257 3094
1670 12372
2295 29834
1375 9064
1461 2090
708 27718
2210 19257
1952 13810
1682 27251
2376 2464
1328 25678
739 25113
1215 22400
1183 3679
1061 6849
908 10132
2174 466
95 7704
1383 29630
391 8690
304 13920
944 27249
1555 4901
1811 8466
231 14612
1134 29605
48 11
1158 4524
412 29003
800 6404
290 14646
871 13767
2076 26200
762 31088
640 6565
818 11584
299 3073
2069 9185
1499 3334
996 20042
337 24321
96 6114
829 5181
726 19944
1219 20869
1596 5650
302 6628
1370 14452
797 1967
2320 16548
1371 5829
376 14876
153 25622
15 3039
2150 1634
67 14176
1714 25667
995 32415
463 11118
2380 13717
1524 19766
1298 17106
1806 9298
695 4965
2515 10207
78 1532
1902 20393
273 4428
836 3494
2085 10675
2428 195
126 10780
1066 17635
606 17444
1174 1061
1581 15227
2485 11622
2173 28812
120 29704
950 32352
326 31985
2443 28607
115 23766
1219 20377
1441 19385
2128 6309
2085 12720
1569 18504
2337 28905
288 6328
146 4331
447 9825
69 12062
452 1160
178 22670
1759 1326
626 12524
272 14391
800 2774
149 26059
568 21847
1777 2045
193 690
2224 1962
694 19547
329 16548
659 30791
652 4368
168 869
384 30733
2186 21869
743 1943
494 25048
604 11690
1327 23087
669 6314
2327 21897
976 15106
760 4432
2114 12812
1289 12099
25 5169
289 5313
60 27217
2052 20292
1176 22628
1710 8748
1768 14690
2140 8638
227 12897
2262 32620
2303 253
1228 27478
2519 2301
1594 12050
843 25908
2271 26024
737 32676
2340 29921
1524 29930
2445 11202
2369 18134
2337 10835
265 8793
1161 30373
2346 15524
383 25362
2177 2958
287 10695
560 23862
151 24960
626 4842
494 12179
684 840
1092 23344
1793 18339
1534 9703
605 30889
1130 3434
1916 7746
2181 23189
868 22203
1873 8619
403 31011
2489 6115
1821 14069
1283 25123
2392 248
2153 16651
2399 13156
1562 15925
2587 19782
2243 16059
600 14117
299 7930
2337 23782
1945 15254
1348 7917
1284 3007
2641 24197
1090 12466
1676 10626
431 7810
546 18725
860 16920
2690 14399
1340 18552
2674 17561
2046 27463
920 24468
655 26250
1620 25101
2395 31665
981 18307
2672 9684
2408 9340
839 25404
218 23588
1409 14373
779 22840
2610 20162
1813 20002
1507 22658
1181 16486
1710 5266
2607 25404
2486 8099
755 1406
2442 28909
513 5829
892 10356
1839 2000
1891 4746
1096 2597
1699 1173
1445 29434
491 30482
780 17749
1464 218
1138 10099
1007 6052
1329 18279
2140 14796
1409 29443
90 25939
1598 26363
2578 38
1763 6472
324 5539
763 715
2059 3417
2252 11315
2262 16143
1718 544
1497 2056
900 13448
579 17798
2043 9563
2441 22669
1494 10850
2114 5865
1220 9837
2170 19827
1546 15789
1532 14223
2098 10591
1675 4089
1597 28330
515 7874
2149 31947
376 26773
256 30319
1690 25407
306 10848
1153 21358
1150 32612
250 14265
258 22371
2746 25825
452 11719
2693 14167
1107 29992
285 32254
488 30761
105 561
1364 16797
1316 20744
104 20463
1926 10711
433 6080
1448 13816
1025 6609
1559 28107
1663 4132
155 20218
675 30302
1869 18434
314 29040
187 31983
2288 23158
2388 18790
1881 28895
1092 9193
549 30671
2282 18007
327 17089
2651 16306
889 30065
257 21285
1264 31481
869 18502
1106 30778
2223 4248
1740 15741
212 26196
1712 31578
1097 18537
720 16090
2434 30657
1257 30936
1537 22982
2193 5293
736 25637
39 25100
1990 30161
2370 22058
2785 16716
2122 26658
1304 11298
382 3225
900 18358
1958 5277
1883 18240
1184 29651
2141 5911
1381 12754
115 31020
1324 2762
1832 19159
719 873
52 22487
461 29695
405 24212
2274 20192
462 10662
2811 9738
2787 25243
2356 13319
1455 501
2165 27669
2325 115
2592 21893
2129 11666
1458 13921
2436 20306
1784 20817
1469 28477
1926 15039
634 30886
1072 2362
2646 3119
2481 25880
2025 11406
1346 15200
2164 10384
2404 6119
858 26205
676 27320
855 29695
2074 15545
218 286
1739 6028
78 9741
927 9396
457 7179
792 18425
1600 19138
2120 14605
2246 20244
244 24687
2066 24343
2859 31632
1052 12126
2674 19509
2225 15739
1681 22300
2824 9153
2625 30178
188 23119
1594 16420
264 2378
1444 4069
540 20585
2768 9519
654 10167
969 11517
6 15764
981 12121
1323 30205
2189 10434
1697 28430
312 21200
904 11973
595 24603
841 24073
2269 12120
801 13547
1782 14789
1212 31787
2444 16584
2565 18430
2167 32466
1630 20494
1877 24458
1663 2243
2356 808
595 25025
2780 4382
2736 19890
1862 7678
94 30533
1016 10392
1659 18294
327 29282
1616 8465
937 14110
2255 30065
1 1974
1410 5774
1567 19563
1737 27191
1397 12846
1735 25243
2045 1870
1987 24590
2762 19284
1515 24586
1820 30252
958 7540
501 14981
1735 1569
1709 18297
996 10649
1412 19825
1374 1307
2056 19011
1111 20705
1033 24734
1575 12964
1529 16040
765 31075
2858 22501
898 18017
2630 30299
2289 18285
2761 26356
1575 26213
272 17699
1365 4605
2723 10698
1144 957
692 16732
146 10057
1724 3391
878 1765
2115 21620
222 24888
22 1913
1657 19536
1638 7022
30 2535
1698 8312
2307 28901
2565 5987
2376 4134
430 19083
1342 28284
2120 11772
1771 3064
1779 2776
36 2149
985 31225
33 4886
2197 29144
756 2018
2296 27565
2316 23916
1979 25560
194 18600
2596 14720
1683 14746
1356 12666
1970 5473
2018 8300
1192 20853
273 50
2719 21549
758 29824
1616 16004
286 713
1795 796
1496 352
963 28291
428 478
650 1206
2714 15043
1604 22499
1298 13408
638 15475
1988 15604
1731 32328
487 26645
1067 31555
565 7505
2375 18186
859 31254
2301 15368
1683 2767
1467 7605
1019 8016
659 12311
2322 15988
165 26761
400 32004
1334 7099
2419 15323
2810 19706
1171 4424
16 689
2347 25012
1100 17456
258 27525
890 9389
1418 19010
1612 32648
1791 13559
2617 18900
1988 31707
140 7442
2658 2352
2161 24383
2982 26987
1327 11282
940 7829
2922 25471
1300 17137
1916 383
1903 16095
825 8979
337 5632
95 23686
1164 3995
1570 17651
457 15935
1091 23304
1628 10922
1971 9993
1765 9706
2985 15896
305 1730
1023 2739
570 22095
2227 32382
2316 12267
2027 4419
1379 22610
346 12599
1279 20484
581 2175
1548 25834
193 15346
1276 1851
1910 1825
3074 26017
672 22932
1183 5272
888 22871
973 17687
1585 28342
2361 20083
210 15684
1420 3968
694 11810
2305 27385
279 28541
1823 25378
2402 3417
2055 6315
1980 1933
538 12504
875 2319
2505 26335
1950 9330
875 19602
1163 14765
1375 32317
3026 26910
3067 19922
812 14287
579 10563
2528 18679
679 16432
2206 20676
1508 11458
2939 9303
1148 9175
116 2833
2202 28767
1059 13581
2978 15877
2127 31469
2191 30483
488 19162
1417 14735
1074 26310
2376 10154
121 22516
828 5980
761 15291
2001 25928
3085 19847
2528 28389
2410 21024
2616 30687
1212 18479
1240 32443
1463 510
645 17595
1035 3199
1978 3329
834 1936
2534 22262
1046 21373
736 6125
1775 14278
878 14340
960 26403
726 22091
2213 1222
632 6185
2761 3808
1374 2043
169 21094
3139 18173
889 19477
2652 5742
1442 6836
221 31727
2599 26265
2310 1325
132 25198
1419 28351
1303 18741
1995 12882
421 32138
2179 16387
2174 11816
2845 26380
803 9135
3033 12707
2265 7077
1494 14367
764 21690
1521 12125
2574 12368
813 13922
648 3386
1114 10049
694 16324
1621 28479
227 19188
1344 12854
1709 16144
1836 15671
2600 24928
2542 3187
2407 309
299 26716
3111 7723
1829 24071
2621 17322
1239 5845
843 15795
2891 21330
1355 2777
2154 3421
125 12173
564 1418
1783 20127
2709 16324
2463 11010
1710 13111
1251 30416
1880 12653
1978 5005
3051 18614
1630 10160
1717 9678
3029 11615
1817 14522
36 24187
748 8435
1444 8668
3023 9414
2322 24030
1716 14331
1318 21532
901 21941
637 27259
80 12697
1871 1387
1234 1074
394 22377
1637 30356
1035 18888
907 28992
605 25266
2633 21064
553 19562
1128 20148
79 25043
754 803
796 25654
3037 30646
1719 15936
2070 6953
1085 30794
1257 31043
2009 16862
913 12401
767 13430
2381 27310
2678 13190
1236 23973
3178 3517
918 5658
1627 17288
2573 4742
3145 5849
1306 28929
3203 18470
1961 13413
76 9396
2203 25777
1695 18965
2217 3755
2395 17136
220 26314
2555 24832
3035 4946
2992 30815
975 25025
2444 24581
1403 27498
2597 23435
2549 28000
2245 21045
835 22421
3012 30512
1734 22339
3180 18200
2250 24715
1149 32446
1769 31581
1706 28455
780 22423
2812 21208
255 27761
1247 2128
2815 10008
112 21975
2164 27801
1579 6774
743 29441
2653 4167
3034 13762
2505 1007
1272 2393
251 9576
3055 4654
1444 22020
2353 8892
2197 6062
2363 17649
2179 371
2925 29400
1906 23874
3058 17013
640 21232
1632 2289
1263 17535
109 14583
2317 16288
1362 93
2543 10358
1038 26887
2385 413
3188 264
3098 30059
1710 19979
2443 1142
2478 4082
1035 32086
2745 5820
1392 8620
861 12204
370 7267
1179 28071
877 11573
1856 20703
707 11633
2747 4526
1284 20988
2993 4804
445 20118
502 16005
1626 15967
2743 21421
2124 30106
2341 25910
2015 8368
885 4475
863 21624
2363 13469
2800 29621
500 6694
2730 3553
1280 29164
714 6953
2527 3129
765 14776
2038 8488
2342 20536
743 10066
783 14742
1743 32170
2757 24070
1336 27814
604 23880
739 17056
1664 11817
1198 3963
236 22348
2400 17289
2283 9514
595 13740
2114 344
644 21692
804 20233
2414 2089
1333 28883
489 994
702 23478
1946 4981
2066 23386
1068 8311
1452 27544
588 30758
3361 19260
991 5197
1453 11273
2661 27496
4 9214
1648 3081
2788 17368
758 1914
2267 30424
1130 28580
1622 4038
2703 27695
714 10038
2446 10987
596 12042
35 12143
2329 24376
1598 17920
2487 24526
379 7604
2187 21555
1313 19926
958 11183
2992 19085
1399 23341
1511 3257
2241 25664
1964 28958
2762 19813
2697 4804
2704 28552
1757 9373
1712 15561
1489 3689
1874 25727
2292 20695
2231 30845
198 29933
1778 30613
1273 2729
459 24923
3388 31465
1918 14123
169 12424
1996 3694
1945 23754
578 6168
1139 23290
2266 16757
223 30545
1588 21030
2297 7450
656 11111
3238 12308
164 3219
2053 5400
1893 233
2753 11771
69 23184
2998 19638
3047 24281
2118 25028
1430 1989
1695 27084
3031 32455
786 24192
3308 13514
2993 11973
2606 15222
790 532
1180 17327
2256 19232
1619 25951
403 28089
3125 5238
3038 31728
2130 26415
862 20092
1026 4500
1738 31836
3187 14916
1018 30142
2104 3188
1451 17952
81 11060
79 16821
1870 27123
1243 8714
3112 28230
2439 21993
620 7909
3245 2174
1863 1014
2409 9144
3330 31887
2620 20978
462 28022
2764 17107
1274 19755
1512 14194
969 12584
541 6590
2140 16487
29 8990
3100 12069
1852 22100
1583 10214
1371 20647
1165 17849
20 13889
2225 957
2056 15830
925 17892
514 8070
1300 24311
2039 27397
615 14298
1031 2297
2271 31762
1686 27555
2967 28548
1199 12994
2014 20863
668 18100
204 28925
1500 11999
609 22054
1220 10063
1726 9494
68 14752
688 7648
5 23839
2545 24019
1547 25132
1263 17916
2519 11491
821 10987
3057 763
1632 12730
1096 28909
3148 32332
2078 2649
2811 5843
3469 2470
2735 8341
44 4842
738 23023
174 7689
1705 30106
556 19488
115 15149
3188 11300
2482 4323
1135 12998
779 21151
2366 27034
725 6701
2928 6521
1956 23755
2892 29732
1146 488
138 297
404 22315
1821 21003
1317 1463
753 16797
2198 27822
1730 17071
534 1267
1205 492
986 12853
1630 24323
2943 9513
2518 261
3528 13078
519 2574
1165 18071
2311 11816
75 19869
116 12652
983 18611
2381 4459
34 24454
901 24012
317 7844
3222 1078
65 17028
3245 4976
2178 13255
2054 14790
2393 6333
3072 687
1150 8235
761 6062
65 26955
1228 2166
1046 11541
158 24145
2513 3261
687 32450
3247 10621
479 8553
421 27028
1359 23848
1478 3727
3100 4228
2374 199
838 10574
571 29739
1085 3970
3233 19007
2936 14191
281 21861
3113 7960
192 24924
3480 15067
2220 9478
228 5456
3054 366
1552 9844
1140 12809
2820 9735
922 21052
2123 23858
3031 23583
1158 15213
1040 1153
2602 12960
138 6188
1767 7816
1784 15977
101 15197
3457 17607
1408 28594
3342 22553
3204 28060
1666 20158
3258 28438
2095 26661
2689 4516
1042 9615
3229 5431
174 8215
3194 593
3552 32752
2231 31593
2129 30959
2913 15761
528 28745
1258 5206
2759 12189
3560 17640
2313 18741
999 13435
1280 4489
1224 19948
1096 20996
2960 27304
287 6411
1559 17098
3307 19260
1290 10371
688 23027
1286 4799
2298 17171
1779 15109
627 15875
3480 21151
338 14838
3379 4860
1999 4464
3483 11602
3137 5894
995 23943
368 24421
1832 9298
179 27797
13 27806
2197 7807
2169 8239
3504 3245
1912 28551
1881 11602
2803 20747
3171 28042
1399 31586
3140 7906
3167 24350
3593 24091
2156 25502
708 22315
3433 27442
1640 2693
602 25217
2932 30618
591 24360
2140 20640
1835 4516
2684 7058
548 3698
534 25720
1373 12916
1583 25832
554 9879
2548 17613
1983 18099
447 22631
1121 28595
1146 32659
2581 30965
611 2637
1894 23796
196 18035
2826 21796
1012 6859
2313 27933
3617 21320
3530 20732
84 649
2111 23302
3650 7331
129 9359
3482 12064
415 7707
2689 23112
3000 29378
2662 28575
3118 15065
3631 22958
3599 16846
424 12550
1585 25428
2686 8835
1485 17344
3087 2766
3059 26547
83 27429
1153 28410
2121 7007
1760 30386
69 23850
3188 26288
3217 13464
1048 11808
2868 10714
3217 13163
2566 22603
2714 31583
2276 28336
1155 19338
2242 1213
1142 19430
3583 27100
2841 27580
676 20779
1395 3522
1455 32451
2837 16262
2723 23104
2202 16
1753 2686
2639 22979
1010 32416
2008 21381
2443 2135
1485 32032
2756 27489
125 6887
2407 1615
2375 13468
2637 30860
2673 2961
245 27035
770 15374
74 21920
403 3571
689 802
621 14494
196 1551
310 7695
1835 29696
124 16714
3567 11711
1182 31741
2833 25095
1869 14179
444 11658
2314 11368
2177 31800
2592 28430
1603 4031
1751 18703
120 20302
1768 10180
1940 17567
174 8517
1020 27188
2827 21714
2252 12001
1742 10866
3735 21130
3697 13785
2999 46
199 16527
3025 18724
3238 16207
2829 26021
3078 13998
2314 24203
223 21245
806 1112
2314 14191
1654 22394
2786 18559
1826 17870
1630 30092
543 24930
3200 17862
3263 29823
1129 11342
1743 5863
2454 26521
1360 10331
3350 28694
3375 21600
749 14864
191 835
3391 20181
849 23643
2329 280
655 15758
1023 16532
3535 19478
604 20722
1672 645
123 26605
849 24583
3433 30388
2894 7400
1002 8847
971 2134
3786 12486
69 29543
2376 27071
3461 19806
1491 14182
2771 21802
999 721
2818 1071
1814 5413
1271 5705
2435 32691
561 21262
77 20327
771 31828
3497 3939
1790 1524
3496 24295
871 31437
226 7796
1114 13067
813 30769
2481 16297
3383 18317
535 12084
2627 9254
1083 4050
3464 5098
950 21124
2581 10363
3059 29608
2363 3032
3401 3266
39 16443
538 13179
3134 5949
3736 18922
2916 9280
3180 9235
1607 11790
1752 9901
441 25534
2894 17193
1312 22744
3847 29935
1137 3257
751 9195
3677 312
746 4168
2115 9353
32 11131
517 4706
840 644
955 28765
1922 7536
1328 27038
504 30755
1773 3509
2134 30804
3096 5829
1030 1241
2631 23270
1015 8741
551 27849
2382 14351
37 12187
2439 25813
935 25131
1360 352
1908 25934
1038 15049
246 16771
2975 25885
2179 12243
1317 27485
1841 10747
3730 201
1168 17869
3251 30558
3150 24532
2338 24478
2497 22839
2208 21903
1444 27871
1450 7942
2751 24540
452 32549
1853 4357
25 25379
175 11231
623 19531
576 705
2603 6984
1843 21557
265 8351
1058 32672
2252 5757
1713 27942
3196 26547
1470 11464
1356 26623
2610 4303
198 24973
380 18286
1138 7101
1450 14243
1561 16167
438 9566
1977 15069
1078 24805
621 3823
3850 1399
1050 8245
3346 2863
2999 31048
1406 12332
2592 7378
2724 31983
1376 19720
1642 26628
2074 27764
2952 23781
166 23544
272 10779
1212 31248
1457 6822
743 10071
343 16031
367 29773
530 10012
3132 23639
1070 6484
108 12807
1052 32004
840 8350
1291 2577
1357 26319
3827 31086
854 11974
2896 15680
580 10089
3595 1088
779 17118
1694 3169
1306 15949
3763 2228
79 22247
3878 7816
1050 20519
1544 15829
1778 12119
1771 22747
2275 20567
1447 16134
3828 14234
1428 7957
2514 17777
1656 29819
3581 11916
3064 25605
73 23997
1430 19390
2082 8960
13 2576
1553 21433
2599 16427
12 16444
558 5035
2197 8850
3585 13172
532 27259
3406 9185
2212 2735
1959 5663
2533 11113
3406 20179
631 26150
3251 24579
3811 28330
455 14899
1001 19781
926 22734
451 3668
2369 3528
2165 2826
3145 12418
2790 12145
2229 13294
451 25003
2648 26611
757 28286
3361 27155
2080 7952
112 2379
1314 23534
1146 8506
441 339
2067 12422
825 18600
2499 11900
1980 27463
1875 25590
672 25220
3987 19330
1072 26862
3765 15552
3836 8402
190 26380
44 1025
368 24413
401 211
553 17773
187 26732
3859 17435
2177 4670
3254 28941
1195 22735
1881 20377
2420 21437
441 31462
3305 29439
2894 15182
2346 24429
2570 2823
2863 17539
846 19971
24 26466
3421 16660
3814 12055
1452 25684
2488 544
2499 25796
392 7468
3650 18739
737 18211
239 26210
2104 1638
790 24165
2855 15192
3631 12108
3269 17437
3508 5379
2083 3490
2540 17015
2339 13789
121 13818
2596 9046
889 11497
2053 13798
2966 31372
1657 29886
2157 17981
1027 23980
1651 29901
2165 14746
1241 16675
30 6744
689 18470
1591 26011
561 3038
824 4421
970 12757
2443 29926
1746 196
177 21635
2404 24939
211 2199
401 26305
1564 26456
4002 8525
1408 21307
2824 16852
666 4794
2722 20276
1302 21845
773 29584
926 2519
2480 9389
57 27098
4011 11164
3199 24205
4057 20378
454 8885
2545 10292
1802 17906
2422 23215
2413 30020
3905 18086
1277 11469
777 26101
2108 14041
3319 25558
973 7195
3914 12106
2366 26937
206 3259
3869 28044
3658 27359
3252 22305
1674 32479
677 20483
915 27577
697 188
1720 30947
3344 7193
3118 7217
1319 22574
1483 23288
669 30874
1697 18036
795 19980
188 5991
3942 20230
1824 11523
2507 11745
3492 29450
2317 4114
310 29492
532 19115
2537 5585
1177 18469
2771 21935
1563 31580
1557 27454
743 987
1202 13042
164 26458
2274 21225
2170 1157
595 25550
1301 8959
2741 8445
57 17575
2674 25575
3101 7194
893 28344
1917 19577
1854 19000
2222 22124
2953 15087
2593 22118
1010 4493
2343 30763
2311 23177
2869 17296
2173 12551
4020 9858
3396 14591
3763 24650
3106 1180
2396 12815
1509 26850
2117 30877
4060 1428
3566 4965
2014 1109
645 15556
385 21261
1962 14216
96 23950
2131 30128
2444 2680
2569 7283
1839 32601
610 2436
857 28697
1625 15765
835 32150
3227 20506
314 26507
3052 20559
3511 5558
3225 14204
4125 15418
2147 20599
2528 8002
2476 14443
1845 14823
3916 23769
320 19540
2607 6876
1690 5415
1374 25521
858 14875
3657 2678
1146 9188
4108 7986
2684 20827
2087 31510
1534 26075
1024 25091
2663 30443
2620 23884
2388 23837
2646 13244
1324 3126
2440 8923
2239 13966
3361 15725
879 16314
2190 4924
700 17001
553 1559
2065 11660
3110 28699
2177 15546
2591 32561
794 20434
2343 27096
2215 26082
3187 24869
1037 16199
3390 25607
3139 27414
864 22480
986 17339
482 2545
453 7904
2527 32517
1806 13457
974 13074
2133 413
2788 12043
1535 10559
2650 6041
2301 6653
1380 6426
3833 31185
97 21739
2816 7559
1140 13282
2846 3942
2016 16927
2163 26898
2643 30725
3654 1201
3366 5251
2167 18765
1089 27800
1385 5753
499 21526
1774 4920
1061 934
3860 25626
3986 8204
3495 3240
641 18092
3297 2
2762 17229
2802 9415
3547 21278
1491 20533
3512 6390
2903 31890
3031 9952
678 16074
3651 16599
2593 16217
2342 15566
3067 14955
231 9204
2098 19266
964 31029
1675 1753
1091 18692
240 10695
86 26200
3610 23909
2059 30964
4167 22579
826 16620
2300 23928
255 13157
3655 24617
618 21660
1961 19724
4146 29482
1882 16413
2998 10374
2069 10545
2115 17099
1814 9177
1934 31675
1731 1673
615 8452
6 27898
1172 4547
1977 16844
2681 13639
718 2928
2637 20247
1598 69
1113 21558
1353 9729
3989 9637
1805 83
2402 21546
2981 4807
908 20816
493 14825
932 12719
2200 8109
1809 25709
1349 20238
279 1029
3553 10998
2682 9287
3261 19550
750 16801
487 2998
3369 13724
236 14727
4044 21673
1797 19031
2856 6430
1871 31181
3418 32636
2773 10517
655 30707
4058 31878
1108 4392
4081 31874
118 16437
1334 15774
2239 27121
2509 21507
802 4467
206 5653
3790 20433
101 29266
3249 31021
3000 23676
3602 4851
964 5626
1076 32604
1095 21884
87 567
1035 4574
3651 744
837 29775
2974 12209
3715 13746
2032 26160
2307 27460
678 1321
626 1663
633 2950
1867 3135
2066 10396
2246 18212
3108 8624
737 31031
2138 12474
2949 20688
828 16488
617 9399
3130 10598
4112 15241
3506 21725
2022 8797
1433 26682
425 22184
3460 24112
2262 18270
1555 12544
2771 29018
3196 31224
139 6912
640 10809
2082 29473
1214 16574
1240 5918
3739 8602
356 17489
1498 29313
920 14504
1388 8330
2210 1683
2976 29491
1811 24609
4078 20646
4035 7526
4358 5947
2969 543
3681 12349
433 1689
1824 16369
3489 10190
945 5844
864 721
1561 18469
2664 16237
3993 2467
2815 3593
1885 16536
2161 15567
4329 24598
4156 10254
3750 31873
1687 2524
1165 14413
3017 27903
35 28169
3579 18190
3660 15261
2067 32211
891 21200
1986 23540
3321 13069
2735 14546
3758 12390
595 22450
1294 27609
2213 16923
1356 8402
2595 8574
2728 27634
1190 23581
847 28431
1991 31013
108 30332
3595 4125
2133 906
135 18308
1705 24654
2906 9910
716 8357
3200 16144
899 13430
2680 28756
3928 28471
2036 19535
2634 10419
3868 23993
2221 23306
1537 22108
161 25081
1599 26745
3433 16219
841 20327
604 2288
4071 19325
4211 25438
2468 5426
1426 11893
527 2947
478 18103
1776 8597
3531 24
2015 20380
1279 15874
356 2811
3963 19612
470 2477
1228 24396
3262 21731
3037 22651
4403 28398
3240 16024
464 4192
2738 607
4030 16494
434 31323
2292 19609
2451 14249
2826 25486
1815 6144
3452 22346
4298 14574
38 19073
1040 12388
1592 19777
3358 11893
3949 11475
3103 27739
2086 31458
4250 3259
1310 4062
3926 20778
3281 3235
395 18671
1131 8022
3317 23818
3381 3984
3191 23926
1037 21951
1336 29612
1289 16841
766 7784
3972 29938
1778 6831
2615 13055
1700 24081
983 20123
462 1580
1209 13563
3497 24945
399 23742
3975 29995
1157 7191
2992 9404
1977 10797
3814 24106
2750 20418
433 28635
2440 2835
1091 27549
1592 11008
4071 15082
3664 9581
2693 18537
723 11496
1694 25271
4496 18828
1081 15464
2223 31013
1958 11593
2464 6805
3147 6376
2109 10358
2495 7767
4096 1792
626 29996
3658 26925
1339 7116
740 4380
3465 15082
3335 28595
1331 25162
4143 26505
3587 715
113 14083
2474 18852
2437 19901
4479 16622
3110 4395
3652 22883
823 21632
3033 16741
1217 1998
3704 11586
3946 25199
2184 29878
62 3237
394 10673
1810 3197
3645 3163
1168 31225
1018 85
2664 15981
2876 26434
775 25386
1096 1159
704 13146
935 20046
3296 13611
2726 20433
2397 15920
3034 213
2196 9988
4409 13940
3814 25136
181 4384
3361 31310
3816 3045
708 15215
1838 4334
4056 3003
3139 14155
3305 14167
2362 3570
1723 13196
4365 6147
1547 7461
449 24144
2562 30232
1799 14876
689 26217
4084 15651
4433 1100
435 23259
1790 26506
2107 14074
1765 3109
2657 15672
1861 18495
4295 26198
2316 22840
2389 20063
856 19479
3535 46
1986 17707
3439 6704
1985 27378
4364 12395
3880 30777
3890 4031
2826 14725
2685 18028
3374 31154
2914 5589
1890 8666
719 12676
2594 4216
4455 28525
3025 27597
2830 19831
2433 29571
1175 28728
2629 5521
3481 32512
3371 19038
3831 282
1052 31785
2686 8270
387 32168
1247 29866
2857 21487
1464 15747
2823 22420
3865 11190
712 28945
1041 8499
2737 29801
642 2493
588 24591
2453 12523
1737 771
217 14707
4185 20030
839 6567
41 21840
586 16704
2812 16968
972 19547
1697 16596
2596 26561
2659 9385
2526 19051
492 20261
3856 26694
707 6195
4106 16947
3080 15984
4432 30546
2914 8844
978 31616
139 20978
2332 5918
3799 9387
3980 5141
1419 29311
3233 15382
4532 9054
1327 3111
2075 7935
1685 16731
4068 24519
136 8928
2591 11500
2292 11583
2565 16346
1857 736
952 22742
370 17869
846 1761
4617 16055
2644 9951
2598 30014
2645 24056
766 7533
2410 4927
561 32388
3200 11409
1863 14075
2428 4800
533 451
4613 16625
2146 24783
1928 25411
303 20691
3183 18610
2215 27212
473 11322
3501 5056
3789 6463
4127 10567
388 28460
160 15690
1172 18523
1222 22155
4018 18485
3355 20325
2465 5274
271 14934
1059 32387
382 28602
2696 7653
517 10457
2454 25817
1901 19492
1968 28155
416 20156
2569 2575
2266 20276
1941 20715
4331 19864
2397 14737
3078 9390
4535 32155
3912 10363
4551 19420
1085 3593
1851 3652
3053 104
987 18180
701 1779
1223 18675
2047 8404
297 20272
1363 14795
1321 14345
2586 23595
1200 26396
3703 17445
1377 4796
2183 14408
2873 151
487 19273
3499 30101
3711 27392
966 23811
247 24756
2289 27376
2130 9880
2362 15831
3564 13973
628 17279
2149 13898
2048 25888
1812 9298
3544 16071
1864 27333
3789 26107
2995 31489
2544 929
1553 22186
1042 17693
2962 10735
1744 26810
3945 23311
2196 26956
3183 13084
2476 3348
4008 1024
1586 23523
1398 28605
3830 16514
1272 13561
716 22866
2895 9401
1 15408
3651 9581
3920 12699
4582 26413
2806 11033
4581 11586
1727 30934
1749 20712
1151 655
3267 24914
3048 1966
3118 1263
828 10935
3121 32748
3198 19426
3486 1018
1675 30474
4439 11601
1465 26821
1403 20724
4053 28373
2202 55
4767 10175
1959 25983
93 26041
974 24138
4665 14537
786 30319
3022 25644
4300 10406
2434 17141
2900 2122
1177 24566
1019 14430
2184 17635
4185 21455
740 17589
2947 11000
705 17741
547 31339
1727 19546
3099 32495
3099 21372
1172 2757
1322 10154
2586 48
4101 22481
469 21812
3025 30397
1795 1181
4598 13373
392 4163
2648 4482
507 30861
2252 13513
4803 19764
1787 8250
4016 15177
3770 20495
578 15482
3081 1016
400 19345
1513 14270
2649 16957
384 3879
4666 17429
1653 14619
2704 23258
4181 3588
1057 10236
4166 28027
1166 20320
3220 7968
3970 32609
4524 15049
1182 14869
492 23520
3603 17361
119 9222
3885 23279
628 20732
2142 7374
2800 27076
2873 15387
1750 18179
1514 27727
3263 31402
2871 9849
1620 23253
4049 11070
3183 13300
1231 26142
2061 26152
283 5625
1041 29168
2359 24273
753 14340
559 10449
1939 28801
2507 28814
618 7495
4378 27790
4526 31647
4084 11271
2478 14626
2625 4840
554 28630
3749 22301
2826 11673
4729 25359
742 2755
136 16747
4829 5127
3395 30245
3197 2970
1199 26812
1306 17815
748 17343
2208 9123
3832 28048
4697 29645
4688 32360
1634 14007
3343 22427
3676 4347
1836 16414
2203 27592
4209 10822
631 2252
1304 1746
1215 3415
1963 18732
461 18621
352 236
788 14844
1159 11422
2186 6302
194 10693
3014 25825
4527 26144
1617 17174
1388 13867
150 9799
3380 29929
606 3612
3228 20705
800 23551
3753 27238
602 895
2197 10012
2300 6642
4013 24248
3364 2399
3002 17671
1837 27291
4580 13618
1217 19121
4060 16960
3489 24455
3715 12508
4088 28607
39 15961
1379 29148
2063 22771
3538 9894
1933 11608
1401 13007
1874 11623
3001 31702
3547 29751
4688 19500
3422 11099
4932 662
1662 21860
4346 20690
2424 8616
1430 19837
3084 11586
273 23860
2839 21850
2362 14074
4167 32423
772 2009
1538 30257
1778 31180
4679 20316
4412 8669
1877 25378
4743 6539
3282 21664
2279 18286
1069 16084
3512 6942
3307 28581
346 16464
2039 21539
896 3394
4586 31249
80 12378
717 19105
3386 24842
335 25214
2947 6134
322 11023
4787 4697
1192 6395
3210 9380
4240 13288
946 8297
2661 19337
4649 20856
2745 32215
638 22088
148 29342
776 22424
827 28732
1709 25429
693 11685
1754 28351
2187 1451
1202 17352
2123 28541
1759 23996
463 24685
2556 31015
2530 31478
252 23284
2532 12029
1231 4818
90 12119
312 15580
1109 24716
2326 1656
1167 9434
2061 31359
