100
1 54
2 12255
3 27660
2 23927
1 27472
2 5114
5 13533
4 426
2 11963
2 12150
4 12517
12 31193
8 25936
2 4352
12 26922
2 17451
12 4959
18 7253
3 1122
15 2583
9 25386
22 10954
11 27515
8 26860
13 12646
14 31684
12 15891
4 2633
24 27070
27 30017
18 5888
2 3238
32 13136
5 13389
12 8393
24 15306
31 27950
25 28046
15 31275
21 6482
29 31453
42 7609
16 27285
36 13616
4 24793
1 2585
25 26284
23 22058
24 12560
36 4367
14 25800
25 29271
36 18274
16 19085
44 373
36 30629
2 22056
31 30875
1 29683
60 25686
34 17066
14 18386
6 21175
25 12158
12 20902
53 24547
29 10216
29 391
7 9168
40 17425
27 21986
52 15533
41 589
8 946
75 19382
22 21891
12 31543
5 15027
33 2472
17 31596
27 19997
8 25105
67 30127
17 4386
38 10368
18 28768
68 32761
6 30002
4 12886
74 19016
28 5989
17 6782
75 27274
23 771
90 28167
7 28858
21 21370
49 27872
48 3495
