500 227
2 1 318
8 1 42 334 480 462 2 215 465
3 2 355 108
3 2 400 500
2 2 139
9 2 158 286 45 165 299 208 263 75
2 2 183
5 3 25 342 447 440
5 4 268 418 290 89
3 5 82 448
4 5 312 104 481
7 6 105 431 287 38 173 86
3 7 71 148
2 8 438
3 8 404 113
6 8 314 254 232 14 161
3 9 50 274
2 9 181
4 10 410 40 140
2 10 190
3 11 370 230
7 12 33 121 293 154 262 35
4 13 53 381 399
6 15 397 80 333 249 478
5 16 291 146 97 456
4 17 137 460 282
2 18 485
5 18 71 321 479 189
4 18 242 220 415
3 18 27 372
3 18 480 163
4 18 412 367 22
4 19 61 74 277
5 20 324 223 60 292
6 21 468 238 87 213 145
5 23 34 110 67 93
2 23 338
2 24 281
12 24 58 376 463 123 295 212 47 464 432 49 144
5 25 256 100 260 81
2 25 411
3 25 473 340
3 26 229 77
7 26 349 121 462 46 361 270
4 26 72 209 56
2 26 218
2 27 330
2 27 483
8 28 452 109 227 381 442 388 422
3 29 157 305
2 29 475
2 29 272
2 29 301
4 29 53 174 239
2 30 352
3 30 262 234
7 31 423 414 96 42 328 226
5 32 428 405 109 316
5 36 425 394 432 250
4 36 90 44 491
2 36 192
2 36 315
2 37 466
6 37 487 212 368 446 211
2 38 251
3 39 377 60
2 39 255
3 39 160 202
2 40 243
5 41 196 477 350 362
3 42 457 386
2 42 498
4 42 233 261 408
4 43 366 52 454
2 43 332
2 45 391
3 45 387 441
2 45 115
2 46 236
4 46 496 258 384
3 46 342 120
4 46 50 118 494
3 46 484 392
3 47 78 339
4 47 105 390 303
5 47 53 155 451 68
3 47 410 85
5 48 164 396 74 162
4 50 375 398 353
2 50 252
2 51 70
7 51 395 199 240 337 166 476
2 51 99
4 52 327 348 374
3 52 460 486
6 52 464 472 322 149 222
2 52 493
2 52 87
2 52 245
3 54 289 405
6 55 194 313 64 182 107
2 55 91
2 57 371
2 57 345
2 57 365
5 57 457 304 450 406
2 59 201
4 59 361 455 336
2 61 437
2 61 347
3 62 497 114
4 62 121 298 177
3 63 414 84
2 64 136
4 64 463 168 421
4 65 206 191 205
4 65 462 383 119
5 66 430 254 317 351
2 66 103
6 69 380 92 444 267 402
2 72 179
3 72 279 98
5 73 112 313 175 284
2 74 126
4 74 166 155 417
4 76 342 444 79
2 80 224
4 80 158 184 306
2 80 453
3 80 278 296
2 80 449
3 80 244 488
3 82 225 216
4 83 101 237 492
3 83 426 124
2 83 490
2 83 188
2 83 326
2 88 90
4 94 426 495 436
9 95 285 141 259 106 170 474 416 407
3 96 134 130
3 96 248 471
3 97 462 445
2 100 378
5 102 155 172 151 129
2 105 159
5 105 331 195 187 427
2 105 377
3 106 156 265
2 109 467
3 110 121 434
2 111 295
4 116 366 131 341
2 117 191
2 121 128
4 122 302 459 304
2 122 231
5 125 269 480 464 235
3 127 184 307
4 132 350 293 288
3 133 294 323
2 135 206
4 138 442 358 271
2 142 182
2 143 219
4 143 180 344 431
2 146 470
2 147 322
2 150 395
5 152 325 247 359 357
2 153 443
5 153 312 275 403 429
2 155 499
2 158 435
3 167 198 484
2 167 204
3 169 369 460
2 170 409
2 171 346
4 171 327 214 276
2 173 433
2 173 283
2 176 356
3 176 244 221
2 178 397
2 184 418
3 185 256 420
2 186 385
2 186 241
2 186 446
5 193 257 207 317 212
5 197 482 266 364 335
3 197 253 297
3 200 447 382
3 203 232 228
3 207 363 246
2 208 308
3 210 309 343
3 210 366 280
2 210 413
2 217 229
2 232 419
2 247 410
2 248 401
2 264 469
3 264 273 462
3 266 426 432
2 269 373
2 278 310
2 286 489
2 290 439
2 293 354
2 294 334
3 294 311 389
3 300 474 331
2 312 426
2 313 458
2 319 398
2 320 333
2 329 497
2 329 360
2 337 461
2 355 424
2 368 370
2 379 487
2 393 474
