477 80
23 1 193 470 452 268 83 187 16 42 12 375 263 175 452 185 121 250 185 384 7 292 271 7
17 1 44 440 470 79 439 391 111 103 475 439 39 214 419 318 297 39
8 2 422 421 224 31 194 336 2
10 3 350 370 445 125 242 383 427 60 370
17 3 368 428 357 424 306 350 26 328 80 181 385 409 429 457 324 26
9 4 48 142 249 381 339 198 388 4
25 5 33 225 79 399 335 27 79 244 245 477 256 244 169 92 54 11 169 178 354 315 437 13 178 249
4 5 379 322 33
6 6 359 314 400 172 6
7 8 296 87 226 53 167 8
7 9 20 200 390 266 76 390
6 9 358 196 334 376 20
15 10 366 435 330 104 184 341 435 114 211 231 108 257 241 114
11 10 267 366 458 58 84 101 28 227 131 58
12 14 310 201 253 458 340 237 331 105 38 345 237
5 14 94 173 215 458
7 15 110 22 90 183 160 22
8 15 286 81 110 426 210 382 426
11 17 397 97 147 327 393 243 446 85 240 17
10 18 261 127 203 65 57 35 127 350 178
12 18 30 265 433 449 261 29 395 293 118 217 29
10 19 464 450 353 86 402 161 192 402 41
9 19 182 300 353 66 279 270 207 66
14 21 68 277 21 139 308 281 309 413 63 380 188 423 308
21 23 164 274 420 180 278 282 180 396 234 144 116 387 414 443 466 396 24 260 71 24
4 23 355 239 274
14 25 152 46 132 447 363 46 206 89 431 73 251 325 206
7 25 78 191 138 378 152 397
22 32 476 408 316 403 246 50 233 430 461 405 233 222 386 442 162 337 471 459 218 36 162
3 32 351 50
16 34 317 290 135 374 133 248 276 329 284 361 135 55 369 199 55
4 34 115 415 290
20 37 56 208 347 438 332 124 119 37 137 451 288 137 434 356 168 82 149 299 434
15 40 139 401 453 417 177 346 139 189 462 154 102 287 238 462
5 43 411 107 47 411
14 43 120 367 129 441 43 396 301 352 406 61 155 455 301
9 45 305 473 112 134 200 224 79 46
9 45 200 463 146 295 338 213 95 146
4 49 275 469 49
7 51 280 412 319 202 163 51
4 52 258 463 52
7 59 212 197 465 91 169 402
4 59 157 166 465
7 62 289 189 209 77 150 62
5 64 252 171 416 64
14 67 474 456 106 269 294 174 235 456 312 272 96 229 312
12 67 342 468 304 474 448 236 467 221 320 128 448
9 69 389 223 373 474 364 255 165 364
3 69 232 373
11 70 151 153 228 100 222 377 219 302 425 219
3 70 220 228
5 72 140 100 275 454
2 72 100
8 74 360 344 456 384 432 365 384
4 74 303 156 344
7 75 307 340 230 371 148 75
2 79 400
5 86 262 372 326 86
6 87 225 170 311 179 225
9 88 392 283 137 404 333 216 130 404
7 88 283 110 99 264 254 99
7 91 410 247 145 323 158 91
8 93 136 122 126 190 343 273 93
8 98 205 109 186 386 113 418 98
5 117 143 204 321 117
5 122 396 137 233 141
5 123 313 298 407 123
6 127 291 349 394 195 291
2 135 420
5 159 362 259 377 159
2 169 275
5 176 472 398 222 176
2 185 416
2 189 285
2 189 280
2 189 298
2 189 439
3 189 444 204
2 244 435
5 348 444 436 460 348
