1000 459
2 1 450
6 1 997 702 419 725 787
3 1 463 532
5 2 364 318 541 799
2 2 346
5 2 21 676 567 825
7 3 195 965 429 586 963 789
2 3 683
3 4 811 153
3 4 944 24
3 4 289 165
4 5 210 181 253
2 6 752
9 6 338 624 49 745 434 520 874 47
3 6 147 694
3 6 636 264
4 7 864 990 718
2 7 332
3 8 168 91
5 8 759 621 516 392
3 8 663 212
4 8 383 805 536
2 8 934
2 8 940
5 9 928 172 180 967
2 9 142
2 9 483
2 9 232
4 10 910 766 307
3 10 689 107
4 11 627 729 442
5 12 474 319 545 28
2 13 992
4 13 948 331 907
3 14 471 71
2 15 262
3 15 414 239
6 15 432 507 467 277 540
5 16 648 465 605 247
6 17 374 270 69 128 941
4 18 953 320 25
9 19 428 270 116 792 522 644 265 691
4 20 261 518 620
4 21 355 958 863
3 21 584 894
2 21 325
3 21 543 981
6 22 308 845 324 344 379
5 23 356 800 219 317
4 23 428 767 551
2 23 52
4 23 351 732 727
6 26 115 750 130 543 771
3 27 145 189
2 29 527
6 29 588 391 363 326 176
6 30 290 395 774 79 686
2 30 933
2 30 323
7 31 809 198 465 400 601 205
2 31 760
4 32 154 709 848
3 33 664 773
3 34 722 723
5 35 182 631 175 525
3 36 219 581
4 37 448 453 315
2 37 897
3 38 390 640
4 38 477 696 563
3 39 559 781
3 39 259 447
3 40 928 513
3 41 472 566
4 41 813 656 102
3 41 114 796
5 42 117 185 146 937
3 43 111 872
3 44 322 919
2 44 772
2 45 785
3 45 340 343
5 46 412 554 915 883
3 48 740 528
4 48 764 328 714
4 49 507 393 878
2 49 495
4 50 959 960 493
2 51 621
3 53 900 309
4 53 465 304 560
2 53 861
3 53 151 375
2 54 982
4 54 100 195 63
4 55 200 199 215
3 55 330 793
5 56 935 472 263 478
4 57 675 201 862
3 57 430 90
6 58 865 65 286 313 868
6 59 320 722 492 169 306
5 60 810 152 408 962
6 61 378 816 549 242 611
2 62 480
3 62 355 914
3 62 226 299
4 64 389 959 502
2 65 974
5 66 229 784 556 880
4 67 612 127 394
6 68 529 627 654 609 748
2 69 697
4 70 835 975 968
3 70 780 843
3 72 414 916
3 73 380 310
2 73 996
3 73 608 678
2 74 679
4 74 145 899 279
3 75 750 376
6 76 164 281 991 830 677
2 76 898
4 77 186 948 470
2 78 347
2 78 501
4 78 692 546 673
3 79 803 970
2 80 166
2 80 953
7 81 473 139 577 821 798 240
3 82 367 664
3 82 290 619
2 82 583
4 83 103 399 807
2 84 451
4 84 886 775 298
5 84 756 936 858 841
4 85 855 302 647
4 86 184 330 446
4 87 444 729 913
2 88 594
3 88 745 303
2 88 615
2 88 593
6 89 464 969 452 984 681
2 92 636
2 93 597
2 93 194
3 93 139 739
6 94 632 596 687 286 763
2 95 521
2 95 350
4 95 220 971 277
8 96 505 426 183 582 121 413 685
8 97 747 143 445 270 753 479 854
3 98 273 482
4 99 822 808 570
6 99 627 700 222 716 365
2 100 828
2 100 881
3 101 767 942
2 103 610
4 104 496 457 357
2 104 730
2 105 670
4 105 295 283 743
2 106 167
3 106 655 487
4 108 440 666 717
5 108 952 471 552 568
2 108 903
4 109 584 456 607
2 109 468
2 109 788
2 110 591
3 110 715 217
5 110 618 754 430 721
7 110 952 922 925 258 225 282
4 111 128 237 837
4 112 398 411 439
2 113 497
3 113 696 273
3 114 741 578
3 114 603 382
2 115 498
4 116 409 421 668
2 118 666
2 119 754
4 120 319 644 267
2 120 333
5 121 271 827 778 196
4 121 931 385 920
2 121 454
4 122 832 272 725
3 123 213 182
6 124 866 241 289 295 161
2 125 512
6 125 486 987 507 214 300
4 126 207 639 737
3 127 768 297
2 127 503
4 127 987 490 749
5 129 751 904 206 424
2 131 364
2 131 339
6 132 475 511 826 850 341
6 132 507 216 631 441 873
6 133 592 680 831 637 517
2 134 817
4 134 573 921 853
4 135 887 342 548
8 136 839 959 419 984 855 902 156
2 137 410
3 137 398 892
2 138 418
3 138 584 158
5 138 408 980 359 877
4 139 434 535 218
3 139 642 905
4 140 469 990 449
3 141 280 871
5 143 977 895 316 437
4 143 734 427 891
3 143 965 990
3 144 456 708
2 145 661
3 145 466 870
3 146 391 976
4 148 209 936 407
3 149 549 579
5 150 939 200 585 234
3 154 769 947
8 155 197 889 390 859 930 978 602
3 157 396 312
2 159 847
7 159 859 709 705 911 711 499
2 159 293
5 160 278 337 835 360
2 162 402
4 162 816 243 918
2 163 275
3 163 572 814
3 163 543 957
3 164 582 274
3 164 448 190
6 164 584 216 428 191 742
5 170 887 419 634 777
6 171 208 701 458 510 993
2 172 889
3 173 440 857
2 174 585
2 175 388
3 177 687 938
4 178 753 779 553
7 179 703 869 393 654 904 651
2 179 373
4 183 488 682 786
2 183 645
3 183 950 531
5 187 283 961 314 340
3 188 554 404
2 192 632
4 193 562 425 950
2 193 840
3 195 802 244
2 195 966
3 198 372 923
3 198 707 875
3 200 331 893
2 202 219
3 203 618 804
3 204 623 917
2 206 728
3 207 496 397
2 207 403
4 210 699 296 228
7 211 896 876 515 961 458 851
2 221 659
2 221 830
3 223 756 224
2 223 726
2 223 915
2 226 690
2 227 318
3 229 236 844
3 230 735 600
2 231 329
3 231 806 929
3 231 243 559
2 231 901
2 233 539
4 233 396 631 888
4 235 538 995 473
3 236 395 571
2 236 910
3 236 745 387
3 236 979 626
2 237 964
3 238 712 818
2 241 455
2 243 704
2 245 890
3 245 759 561
3 246 441 530
3 248 973 366
2 248 519
3 248 956 420
5 249 537 588 633 291
3 250 421 770
2 251 261
4 251 322 715 419
3 251 706 836
5 252 255 702 782 576
2 254 284
5 254 305 438 761 489
3 256 399 554
3 257 467 595
4 260 383 580 985
3 266 476 987
6 268 762 633 833 842 909
2 269 492
2 276 510
4 280 405 466 998
3 285 822 658
2 285 926
3 286 459 738
2 287 845
6 288 524 400 921 377 436
2 290 294
3 292 680 695
2 296 370
3 301 575 427
3 311 629 826
3 314 546 983
3 316 334 542
2 320 662
2 321 381
3 321 353 322
2 324 819
3 324 684 713
2 326 616
2 326 852
3 327 885 428
3 335 443 984
3 336 693 652
2 338 643
5 344 961 999 680 710
2 345 481
2 345 625
2 345 753
4 348 485 955 474
2 349 603
4 352 986 466 776
3 354 604 638
2 356 671
3 356 514 361
3 356 783 849
2 356 927
2 358 972
2 358 911
2 358 401
4 362 477 438 924
2 368 750
2 369 622
4 369 945 746 485
2 371 522
2 374 1000
2 374 526
2 380 558
3 383 646 506
2 384 839
2 386 757
2 386 475
2 389 665
2 390 631
2 393 660
3 393 988 587
2 393 835
2 393 712
4 395 649 791 462
2 398 569
2 398 902
4 406 507 688 834
2 409 606
2 411 564
4 415 590 441 735
4 416 867 590 504
2 417 628
4 417 995 989 906
4 422 816 961 588
3 423 533 511
2 425 608
2 429 755
4 431 802 719 669
2 432 641
2 432 912
5 433 922 599 500 733
3 435 604 649
2 438 954
2 441 956
2 453 820
2 458 650
2 460 663
2 461 740
3 465 884 544
6 465 543 952 756 856 759
4 466 948 674 724
2 469 655
2 477 623
2 479 736
2 479 797
2 479 630
3 484 491 709
2 484 882
2 484 589
2 494 896
2 496 860
2 508 590
4 509 908 523 949
2 509 574
2 534 946
2 534 784
3 543 948 801
2 545 812
2 545 653
2 547 767
2 547 731
3 550 617 874
2 552 744
3 555 639 999
2 557 864
2 565 809
2 572 824
3 584 908 879
2 596 624
4 598 884 994 795
2 613 745
3 614 816 676
4 617 693 838 720
2 635 702
3 642 699 722
2 644 815
2 657 965
2 667 821
3 672 782 764
2 698 780
2 701 846
2 729 943
2 756 813
2 758 988
2 765 886
2 774 829
2 790 811
2 794 944
2 823 991
2 895 932
2 951 979
