3000 672
7 1 1147 2551 1345 1979 311 1345
6 1 2551 756 631 443 756
5 2 1495 2994 2560 2
22 3 534 2924 56 377 1597 2475 2692 1597 493 1551 2465 2504 417 1551 173 722 1037 1810 1018 563 173
3 3 56 2902
9 4 57 2821 4 934 251 1584 353 934
17 4 2431 2046 1684 1536 2702 2099 1536 321 1160 1508 321 2928 1065 2016 958 1065
9 5 62 1732 2686 457 816 349 496 816
2 5 1732
15 6 1772 2188 1009 6 233 2462 2268 1624 2462 612 2220 2750 2443 612
25 7 2725 43 590 1221 1514 1888 2310 888 2748 2214 1442 1934 1818 682 673 2748 1984 2761 1309 149 2718 686 1821 2761
2 7 1221
18 8 209 137 178 2111 1286 2285 1337 1135 1243 2618 2003 2592 1337 420 368 2391 420
3 8 775 1286
21 9 1488 921 753 655 2062 753 298 1253 1310 2833 1153 2597 704 1310 2817 1426 663 60 1844 2817
8 9 1856 1488 630 395 2102 630 2457
8 10 531 1834 2085 2284 2420 2085 2707
8 10 1795 346 1834 1186 681 2369 1186
10 11 638 1838 1672 972 1033 1672 1796 855 2148
4 11 616 147 638
4 12 711 1470 1631
15 12 2984 1542 711 2413 1479 1027 2185 938 848 2185 1486 1858 2911 1486
20 13 1714 1682 872 1073 2832 1209 2758 2296 1694 1002 52 1675 2758 1689 931 2995 1749 1048 931
3 13 2832 1239
15 14 1106 859 1902 1422 14 2490 1275 1699 2490 650 1648 2955 1454 1648
6 15 724 565 445 136 565
8 15 1993 2858 2158 27 1998 724 2653
12 16 168 298 1597 1857 567 1736 1589 1214 2620 1589 2891
6 16 473 639 168 511 963
16 17 1017 1935 524 2373 2279 1017 1612 2643 2657 1612 1901 2932 2866 634 1901
8 17 2532 1590 17 2782 805 829 2782
3 17 553 876
7 17 317 2057 2326 1973 103 2326
12 18 2260 1301 1710 18 423 36 1093 1891 745 1162 1891
10 19 2569 2155 2357 2650 2970 452 1360 2050 452
2 19 2357
8 20 1176 1544 923 832 1369 791 923
10 21 1771 1086 2599 2808 2555 2683 2034 2410 2599
9 21 2872 1656 1771 467 1923 844 1562 1923
14 22 1964 1178 678 764 2084 1229 678 1164 1727 2120 811 1164 570
8 22 277 2449 1964 171 1182 79 171
7 23 2058 2682 2147 853 1129 23
18 24 941 723 2281 1125 1421 2850 1451 1125 944 2319 991 2827 2319 161 1180 2716 161
3 24 1359 2281
10 25 1690 74 977 768 1333 978 2518 1833 978
3 25 2121 977
4 26 153 2583 114
13 26 1540 476 153 2288 106 2007 2815 2288 2895 2894 1497 2895
9 28 747 618 28 713 2065 784 2634 2065
8 29 2359 2398 2509 1184 2213 2554 2509
7 29 2398 299 1912 1592 874 1912
4 30 759 220 30
4 31 474 712 31
18 32 1118 1931 1365 2794 246 1365 2190 1606 1527 1708 2190 1016 303 687 2141 1016 2441
4 32 1646 818 1931
7 33 1797 814 1840 94 2126 1840
3 33 2941 1797
6 34 254 2451 905 1485 34
12 35 2350 642 2981 2934 1626 2981 1545 2538 2698 391 2538
3 35 291 642
5 36 1483 632 2515 1483
8 36 1288 1743 2304 645 2491 1880 1743
14 37 1896 2792 2717 1895 2006 1500 2717 2024 2017 2681 1428 1742 2024
5 37 1802 332 1969 1896
10 38 1565 547 2094 2474 2976 1520 2004 2453 2474
11 38 2771 2094 1547 855 135 1721 1908 1976 2363 135
4 39 2853 377 39
8 40 71 2752 2977 202 183 1090 202
4 40 1683 1415 2752
7 41 2807 449 880 1602 744 67
2 41 880
14 42 2710 455 42 2982 2413 257 2530 2948 2345 2625 1841 257 189
15 44 2846 865 1288 1041 2897 2526 2167 194 2526 1563 568 2199 2739 1563
3 44 451 865
18 45 2292 1843 561 2544 45 1181 1526 987 2950 70 1181 2487 1625 2751 2018 1445 2751
13 46 2550 299 1317 1900 110 356 1171 427 2648 904 167 356
4 46 299 1108 1181
14 47 508 2128 2492 2139 1875 739 2492 1655 61 448 1121 1666 448
4 47 2257 651 2128
2 48 1237
8 48 1115 456 2957 526 1145 1115 2287
11 48 266 1411 707 48 1252 174 1296 1438 2308 1252
13 48 317 1786 1834 1717 2438 776 1717 1613 2671 170 1249 1613
5 49 2839 2424 1397 49
12 50 983 2616 668 1280 1985 601 1982 1924 491 2938 601
3 50 969 1280
14 51 1460 134 51 774 1800 1036 1640 790 1800 1480 2480 1850 1480
2 51 2770
15 53 1599 1765 1143 2875 204 383 53 2360 1417 875 1452 1804 2360 191
2 54 2796
14 54 2729 1915 2231 881 1915 1994 2015 221 720 2595 1251 912 2015
4 55 342 315 55
11 56 569 2967 1799 569 1552 788 749 1060 497 788
16 58 1874 2836 2601 2400 669 1956 2601 970 571 2567 267 1436 994 549 2567
3 58 1859 2836
12 59 1812 1324 2968 2337 843 2843 2337 1377 1185 2368 1377
2 59 2968
12 61 1883 685 1151 2448 65 589 61 2070 935 1061 2070
17 63 1226 464 1368 573 976 464 1096 1213 653 1096 936 2734 2367 334 259 936
8 63 374 1029 1226 1378 2144 2242 1378
11 64 2982 884 810 1012 329 659 308 884 157 1381
3 64 441 2230
6 66 2644 924 971 274 66
6 68 2870 405 772 610 68
5 69 280 2638 953 69
8 72 2435 849 2450 1594 2517 1008 1594
4 72 2259 1095 2435
7 73 1125 799 2072 2636 839 799
5 73 1605 140 1955 1605
25 75 407 123 300 2945 1220 2646 2945 2977 2711 1132 2546 1539 2711 238 1830 1116 111 238 1282 895 2630 1549 1773 895
2 75 300
5 76 629 2540 2580 629
18 76 1958 1305 2742 656 1958 2969 2183 2917 1146 1574 2797 900 2917 993 1747 1312 993
2 76 679
5 76 2958 640 2755 2958
8 77 2028 2970 802 1884 556 2849 77
7 78 990 2956 1427 1792 2810 2142
2 78 1427
5 80 226 918 885 621
6 80 1139 1702 226 1302 754
6 81 777 1871 980 2724 81
24 82 2250 1568 506 1829 555 2809 1083 2076 2809 2735 2060 955 1988 419 1853 899 1813 2282 955 1025 2194 1760 1025
2 82 506
9 83 1290 2265 1047 2382 1429 499 2837 1429
3 83 767 1047
22 84 1212 2320 101 237 1212 1693 1041 1468 401 2694 2898 2814 1596 866 401 350 1533 576 324 600 350
4 84 2539 1632 84
2 85 1087
15 85 1958 2767 523 2584 179 2624 523 551 566 1691 2329 381 2545 2329
3 85 821 1007
3 85 2207 210
6 85 2676 1227 228 2239 1227
9 85 753 1655 87 1448 1861 122 1142 1861
6 85 1101 2460 2178 1101 416
13 86 1630 1450 927 2738 1535 1450 1668 1939 1569 1234 2773 1668
4 86 206 968 86
5 87 2813 2795 2732 2813
2 87 2598
13 87 607 1456 87 2792 1347 760 1311 2792 164 2267 1474 164
6 87 2048 2280 715 1825 2048
2 87 1800
10 88 536 467 1202 1740 1855 151 2416 2685 1740
14 88 2325 467 2784 2083 992 2784 1219 403 1412 1878 217 1987 403
10 89 625 1352 89 2496 2117 236 361 701 236
7 90 2609 1706 800 2195 504 800
4 90 2787 1706 285
5 91 2733 2334 2495 91
5 92 1064 1736 2469 92
12 93 2263 966 387 93 493 2746 2942 95 892 858 2942
15 96 2986 1471 716 1003 636 2838 1471 2650 661 1043 2061 863 1503 1043
4 96 667 1192 2986
5 97 2415 1473 2528 97
10 98 588 886 2690 588 2346 1122 2614 1348 1122
4 98 125 930 98
5 99 1849 118 126 99
5 100 605 1519 333 100
5 102 911 830 2691 911
2 102 1281
7 102 307 1755 1482 2778 593 307
14 102 489 2547 762 102 113 1478 581 2915 113 617 2303 525 617
7 102 1302 2635 840 2035 2635 126
12 104 1890 1416 2233 1920 104 2799 2507 1801 1654 2799 138
5 105 2179 2434 633 105
5 107 867 974 2123 1904
3 107 1114 867
10 108 1786 1380 2501 1179 2020 306 1910 1128 1179
4 108 1729 2430 108
18 109 286 240 1862 2344 2160 240 408 462 2743 2991 2332 408 957 2330 2983 480 2330
3 109 666 286
12 112 2512 2587 199 847 548 1424 847 2998 2047 1362 2998
2 112 2587
6 115 2883 1869 619 920 2883
15 115 2543 2931 115 244 1269 833 181 1216 1175 181 714 1502 2169 714
7 116 1363 922 689 469 390 689
9 116 482 2930 116 1271 1232 1756 133 1271
12 117 310 262 1637 310 203 1434 1098 2829 2273 1941 1098
5 117 322 2403 2744 117
10 119 1050 664 1133 119 2661 2668 182 2719 2668
8 120 1662 1785 1376 998 2910 2552 998
4 120 2876 309 1662
22 121 2652 2176 248 1004 1575 1803 2730 2075 1004 1367 2678 1881 1082 1367 2200 926 2561 2741 1971 160 2200
6 121 2176 2596 725 2347 2596
5 124 804 1524 1127 124
5 127 1722 1413 1111 127
14 128 2370 2763 2861 2765 1053 1837 2765 2528 318 1389 1320 1075 1389
8 128 2763 438 376 2192 1932 879 376
9 129 293 233 1738 369 1723 152 2089 1738
10 129 1846 1748 1619 233 2593 2939 2181 2579 2939
4 130 1054 2541 130
6 131 318 431 2098 1504 318
5 131 2881 695 2662 131
15 132 222 218 411 2860 1465 1197 2860 2655 2201 2223 1406 1758 825 2223
2 132 411
6 139 850 528 1193 850 1597
6 141 1080 2823 2619 2277 276
7 141 2823 1063 2388 2455 198 2388
9 142 1117 2090 1868 945 2867 500 1868 1391
7 142 2090 1459 2243 1663 1257 2243
15 143 2704 2656 197 1771 203 2675 2658 1650 2959 2675 670 2896 1031 670
4 143 1137 364 2656
21 144 1961 587 144 1356 430 386 1356 1770 2240 2926 1195 421 2240 1958 2285 1948 2824 582 1790 2824
19 145 2138 2000 1077 2703 2253 145 1228 1622 1759 1387 1228 650 2217 736 2793 2151 1161 2217
7 146 1333 2503 2728 2109 2299 2503
3 146 2789 1333
6 148 1058 1051 2900 1906 148
11 150 2714 2431 1091 2779 2684 1091 1166 2244 2081 1166
7 150 2431 1383 2713 1782 1383 342
17 154 304 1845 741 2591 2087 741 1056 337 1458 1056 1238 426 2472 2604 1529 426
3 154 2677 304
5 155 2001 2107 2408 155
14 156 2664 2605 2300 2038 2906 1642 435 2038 1887 1761 2219 2974 1887
13 156 827 2605 2086 2760 2222 2470 1644 2764 1332 1247 2193 1332
18 158 235 1404 1673 297 1140 1673 2277 1278 470 2277 2935 2973 1259 360 2935 2293 284
5 158 951 1531 2992 235
7 159 1342 1778 1423 1791 366 159
11 162 2077 215 1767 809 1402 2722 975 1396 1463 2722
15 162 1402 824 2904 514 2036 355 824 511 2506 1876 2380 1044 1167 2380
6 163 2966 1962 188 163 321
4 165 1986 2339 165
15 166 2562 2485 166 2520 2251 985 2826 2520 768 2497 2478 1679 768 1164
2 168 2745
12 169 2101 860 1763 1700 1784 2414 555 781 2841 555 905
2 169 2414
7 172 1566 1807 2470 1664 1049 2470
6 172 1157 1950 468 1042 1566
5 175 2659 740 2844 175
11 176 2535 2740 2417 836 2783 2123 986 2830 2123 1847
9 176 2783 999 808 751 1836 1634 2558 999
11 177 1618 2266 970 897 806 970 2768 1734 1144 2768
2 177 2266
9 180 330 1346 412 330 509 1711 265 509
5 180 1024 2432 1725 1024
9 184 591 1440 894 184 1538 1914 1194 1538
2 184 1059
8 184 2117 248 1223 2907 248 1928 2799
4 185 2990 319 2115
6 185 903 2990 2637 637 234
6 186 1448 454 2672 1929 1448
5 187 1557 323 1208 187
4 190 1842 2379 257
2 190 2379
5 192 2705 2106 2593 192
5 193 1351 2953 624 193
5 195 2927 2611 746 195
9 196 2030 249 2275 2854 1032 2045 2929 2275
5 196 1382 1461 2916 196
17 199 1475 2389 1580 1475 2091 916 1989 613 2091 1972 2735 1466 1512 1831 2549 1466
4 199 1641 910 199
7 200 527 252 2254 2759 1944 200
5 201 1238 2116 845 201
13 203 2693 1863 203 2877 574 1716 2071 1788 243 2920 1980 574
8 203 1560 2922 1657 1062 2791 1490 1657
13 203 2735 1446 498 2387 2122 2735 604 773 1336 615 1735 1336
6 203 1370 2689 1745 2488 2689
6 205 2467 2376 2559 1983 2467
18 205 2834 1045 205 1444 1548 819 1477 1925 1815 2573 393 1444 2760 1996 1199 382 1996
7 207 606 2261 2118 921 287 2468
2 207 2118
6 208 2026 326 1492 1102 208
5 211 1487 2269 1288 211
18 212 2529 1715 758 2865 2466 1945 1715 1560 718 432 2170 2042 718 2336 692 1573 2336
4 212 2893 732 2529
14 213 325 602 1469 433 1543 1138 492 1469 1937 1938 2660 622 1938
2 213 602
7 214 2594 1260 646 2019 1152 1260
7 216 1297 1407 459 628 1297 2492
7 219 647 1110 1686 1752 647 1787
5 219 1295 2800 2402 219
5 223 1298 1720 1571 223
16 224 1608 2364 2129 2947 1230 224 2059 1379 1265 1322 1379 1567 1877 1789 1567
3 224 2954 2663
10 225 901 1279 225 2737 278 1499 1464 750 278
9 227 2997 1636 2965 1785 2228 2187 1328 2228
3 227 1319 1785
3 229 2346 982
12 230 2437 1970 1430 1577 583 1970 1822 1052 1386 1822 1806
3 230 1667 2437
6 231 1447 2226 1635 2327 231
12 232 2386 2348 2276 2600 1457 1828 2600 1995 710 2798 1995
9 232 481 2386 1015 2536 1532 1737 2103 1015
2 238 759
14 239 709 2051 239 1373 733 2312 1373 2786 2723 2108 1250 2209 2723
5 241 2054 1023 2097 241
9 242 1620 828 822 2175 242 1253 2191 2037
4 244 778 1217 244
7 245 2576 2392 2527 2921 2626 245
8 247 2237 2590 1937 989 948 2631 1937
9 247 2493 331 1103 2590 2908 2401 552 2908
2 248 2638
4 249 450 1854 249
5 250 1949 2236 2418 250
4 253 378 1498 253
9 255 1344 2871 1107 255 357 1334 1684 1623
7 256 1991 2377 2270 1688 801 256
10 258 1188 1658 2551 1611 2962 2067 2756 2709 1611
14 260 2043 2264 1886 2309 1225 2500 2766 665 2500 2385 1196 2944 2385
6 260 1886 1947 959 658 1947
9 261 2868 2688 2172 2695 2886 643 1707 2172
12 261 1071 1274 674 1071 397 2651 703 1026 1200 2803 397
10 261 2828 2349 1491 1439 2349 1779 1600 2640 1779
4 261 444 2848 261
4 263 1349 2502 263
3 264 1017 2112
6 264 1467 281 1030 2396 264
12 268 2667 1587 268 1120 2542 2202 2654 2291 2202 533 752
12 269 1621 965 1435 1210 1089 1435 2117 542 1353 1074 542
11 269 965 2519 1999 2356 1651 2519 385 2623 2999 385
3 270 691 578
11 270 956 1019 313 270 1488 2459 2173 1222 2459 1201
6 271 626 2774 2133 530 271
5 272 2502 357 1298 678
4 273 2856 2542 2334
14 273 2542 661 1481 1203 793 2241 1481 1285 2471 1820 2857 2409 1285
5 275 2295 2483 505 1936
3 275 2483 1455
5 279 2888 2444 885 279
4 282 2314 2760 282
9 283 1211 1757 2306 1400 2346 2661 2912 289
2 283 2306
8 287 1119 1661 287 1176 2674 940 1176
6 287 373 1615 1046 1609 373
4 288 1652 2191 288
5 290 721 1355 2650 290
8 292 2701 2177 1010 2701 849 770 2427
7 292 2708 2049 586 1294 1572 2708
4 292 1819 1510 292
22 294 495 539 1039 2897 537 1316 2029 2897 717 2641 742 717 1972 298 425 447 298 1067 2095 1205 1067
2 294 1039
5 295 1678 2245 2577 1678
12 295 1339 2375 660 2328 1339 567 1930 981 567 683 2861
17 296 1097 2318 1555 522 2461 343 979 906 343 2454 1261 2842 2100 2889 1751 2100
2 296 2461
6 298 2221 2952 2082 2135 2221
10 298 2337 1960 2753 2879 623 2720 1918 546 1960
7 298 2937 1816 2819 2533 1968 1816
3 299 2989 2839
4 301 1638 1913 301
9 302 2426 2481 2781 915 312 2781 1554 1034
3 302 1374 2481
8 305 943 2150 305 1796 2993 1614 1796
4 314 1136 2673 314
4 316 2166 1433 316
13 317 2842 461 2227 831 2842 2079 1511 2508 2333 2324 1511 2107
6 317 2735 1501 1081 1774 1501
12 319 878 564 2289 319 2933 515 1094 2574 988 1794 1094
8 320 559 2249 1658 2831 928 1798 2831
2 320 1658
7 323 1306 1673 1041 1579 2271 2254
11 327 2447 538 1398 515 408 566 1084 1553 1189 1084
2 327 515
3 328 1643 1964
3 328 1173 1643
6 330 2835 2283 2033 2225 2283
7 330 779 388 2423 2960 779 1380
2 333 2240
6 335 769 396 1494 1459 335
5 336 344 2524 1068 336
15 338 852 2093 1313 2450 2183 2975 644 1245 2975 2404 598 1713 2180 598
3 338 2450 1016
9 339 2757 2288 2365 1187 1633 2338 2749 1187
9 340 1981 1946 1390 2290 1665 757 1390 2327
4 340 1946 423 464
7 341 2572 1903 771 341 661 2737
5 345 1263 1627 1126 345
3 347 902 2164
10 347 1525 365 1670 902 649 2066 2215 1331 649
9 348 2390 1070 1616 505 2628 1172 505 779
4 348 1393 1283 1070
5 351 1035 2564 351 1616
5 352 2137 2393 1489 352
3 354 1967 437
6 357 2222 796 1522 1155 796
2 357 1484
9 357 1942 738 2110 357 2903 1775 2522 2903
5 358 2874 1731 2114 2874
7 358 1056 1431 997 817 1814 997
8 359 973 2149 2411 869 1150 442 359
4 362 436 2659 2954
3 362 2913 436
3 363 1327 2721
5 363 1628 1287 458 1628
2 363 2822
15 363 1492 1372 370 907 1372 1872 512 1674 2229 1872 1418 2353 1997 1418
6 367 729 2009 518 2425 367
6 371 1753 422 909 2961 422
2 371 1240
3 371 1994 532
6 372 1552 2040 1769 1198 372
14 375 1521 2887 2980 375 1528 2134 1629 1528 1170 2557 954 1170 2030
7 379 1585 680 2274 798 379 2500
3 380 529 566
3 380 2464 529
12 384 1409 1215 1839 807 2064 1839 2311 1766 862 2311 2521
4 384 854 2811 1409
15 389 1726 1141 389 1544 1366 1507 2511 562 1544 1462 2351 1889 1291 1462
5 392 1040 2055 550 1040
9 392 501 1811 684 392 789 947 2951 789
2 392 2419
12 392 713 2772 1916 713 1777 2189 2421 2428 402 812 2421
15 394 1857 719 490 1857 888 2440 1148 2548 1449 2440 1057 1276 1704 1057
5 398 2949 2769 1174 398
6 399 2987 609 1653 1848 399
4 400 1357 2074 400
3 401 2012 1638
2 401 1822
5 404 2489 925 1954 597
6 404 925 1871 1041 1450 1371
8 406 898 2002 1570 2712 1341 834 2712
3 406 1509 898
8 409 1326 1680 763 413 441 2582 690
12 409 413 2679 2603 2372 1325 2679 672 1617 708 2649 672
6 410 2382 1066 584 2382 1444
2 413 730
3 413 2923 1518
5 414 1266 861 2969 414
2 415 2542
3 415 1786 1282
4 418 2642 944 418
5 424 520 2429 1269 424
12 428 2063 2665 2238 1403 428 1827 1370 635 502 1370 727
12 429 2174 1273 1581 479 2477 429 1479 2607 1394 1479 1602
2 429 2090
9 434 604 1817 2494 604 1437 1534 1744 1437
4 438 1882 1268 438
5 439 1038 937 1570 439
10 440 2669 2963 1793 1256 1927 803 1256 2810 1149
3 440 929 2963
5 441 1308 1441 441 1125
5 446 1876 1264 1005 446
6 453 2023 1583 453 2758 1673
2 457 770
4 460 2011 2912 460
5 463 1693 1705 2184 463
9 465 2362 1284 2516 2571 1159 883 465 1479
4 466 2484 2715 488
5 466 2715 1372 2482 2127
2 471 1356
5 472 2700 821 2288 780
8 472 1206 2255 2687 1384 671 472 1124
8 474 833 2119 699 833 575 842 1262
16 475 1001 2901 2754 1517 475 2510 2864 995 2918 2510 2661 1329 1432 2397 1329
2 475 755
5 475 2476 2847 952 2476
4 477 2884 2201 477
10 478 857 1865 1866 857 974 1698 2104 974 2032
4 478 2452 1076 478
17 483 868 2302 1561 483 1972 2309 2196 2210 1515 2322 2309 1943 2463 1405 2919 1943
11 484 1695 1108 970 1627 675 1254 507 2531 2905 675
7 484 1108 2157 1385 2805 1169 1385
5 485 2885 1289 1431 485
10 486 1754 2022 1712 1516 1873 2845 1712 1915 902
4 486 1768 1739 2022
4 487 1419 1093 487
5 494 2153 2224 2810 1693
4 494 1696 782 2224
8 503 939 1554 2078 2514 705 1554 2892
4 503 2589 706 939
8 510 676 1028 510 2806 1224 1358 2806
2 510 2298
9 510 890 2422 1639 1703 2726 2313 1113 2422
7 510 2897 869 2553 2355 1375 2553
5 513 2352 2073 2700 513
5 516 1926 1277 516 1630
12 517 1183 2186 1917 2445 1183 921 2080 2828 1318 2776 2828
4 517 2446 2812 517
11 519 1177 1776 1085 1593 1546 1085 2859 820 2996 2859
2 519 1776
5 521 1644 696 592 521
7 533 594 1919 2610 792 964 533
5 535 1314 572 637 535
7 540 1990 2384 795 1990 1669 1649
6 540 815 1000 2371 540 1493
3 541 2315 1304
5 541 743 2802 2315 717
5 543 2621 2159 1425 543
4 544 2039 2412 1627
2 544 2412
10 545 2785 2767 652 2205 2612 1069 2294 794 2205
2 545 2767
2 551 2137
10 553 1108 2566 627 2699 1852 579 1020 2566 1764
8 553 1528 1191 2247 1523 2248 2247 1677
4 554 2162 2197 554
2 555 2054
6 557 1684 2278 595 1684 1712
2 557 1244
8 557 1957 1267 557 1078 2165 2218 1078
7 558 1685 877 2307 702 1697 1685
2 558 1363
6 560 2132 1130 1410 1835 560
5 567 1894 2647 1992 1894
2 569 1809
5 571 1783 1364 891 1783
6 571 2629 2639 728 1601 571
6 575 1299 1361 2152 2433 1361
5 575 1255 1659 575 826
4 577 1079 996 577
7 580 2581 2198 2863 2581 1340 1899
11 580 1123 1105 2331 1123 1154 2212 2840 2556 2505 1154
5 585 2374 2010 932 585
11 596 2342 1513 2395 596 2711 2053 734 786 2706 734
4 599 1112 2473 599
6 603 2727 2862 2413 1505 603
6 604 2661 2456 1911 846 2661
3 604 813 1885
3 604 1706 1372
6 604 2008 856 1236 2008 1974
4 608 2044 967 608
7 609 1506 765 1647 2940 1506 2868
5 611 2697 1921 1867 2697
7 611 2146 1826 611 724 974 2450
13 614 1907 1293 1922 1163 2790 1922 2860 814 1963 2140 2869 814
2 614 1293
5 620 1724 2731 2788 1225
2 620 2788
3 633 1410 2650
8 641 1588 1190 2256 2937 1607 2092 2937
2 641 2256
6 647 2086 2378 735 1330 2378
8 648 1022 2293 837 1905 1953 2293 2339
3 648 2203 1022
8 650 1351 1292 1496 1530 2568 838 1292
3 652 1985 1168
5 654 2310 688 2361 654
4 657 2316 1300 657
5 661 1072 1586 1231 661
2 662 971
14 662 1434 889 748 1434 2696 2565 946 2696 2534 1476 2025 2258 2534
2 677 683
4 693 1027 1762 693
4 694 2436 1165 694
8 697 2407 2182 2286 2729 1270 2171 2729
2 697 2286
6 698 1660 1556 1392 698 2922
2 698 1537
4 700 1701 2928 700
7 726 1558 1959 726 1495 2157 2921
2 729 1475
2 729 1498
5 731 2633 2622 731 1868
9 737 2586 2513 2851 1109 1893 2851 2820 1786
8 737 1940 2513 2068 1104 2161 2399 2068
2 741 1068
3 761 2583 1014
5 761 2585 2606 1335 761
4 766 1550 2046 1300
3 766 2204 2046
5 774 2145 2381 2156 2145
5 783 2670 2487 2818 783
2 785 1115
5 787 1879 1746 787 2945
4 797 2014 1272 797
5 823 1645 1408 3000 823
2 833 1108
4 835 2523 2506 835
5 841 2775 2206 2031 841
2 849 2611
4 851 2943 1984 851
7 855 2897 2005 2964 1671 917 2005
4 855 2680 1011 855
5 864 2013 1741 864 2185
18 870 1395 2909 1839 1978 2383 984 1156 1978 1302 2655 2252 1591 2655 2117 921 1298 2563
2 870 2909
7 871 2816 2056 914 1805 1235 2816
5 871 1718 2343 871 1528
4 873 1730 2059 873
8 882 2479 1780 882 888 2216 887 888
2 884 1777
4 893 2878 1242 893
2 896 1900
4 896 2588 1598 896
9 908 2627 2978 908 2360 2736 2163 2335 2736
7 913 2143 942 2131 1246 2914 913
4 919 2594 1443 919
8 921 2659 1781 1021 960 1399 2442 1781
3 921 1645 967
8 922 1965 2537 2021 2525 922 2222 1967
4 933 1689 2899 933
6 949 2041 1258 1338 949 2600
4 950 1317 2136 950
5 955 2439 2979 2578 2439
2 957 2498
5 957 1603 1582 957 2666
5 961 1063 2272 1315 961
3 962 2890 1127
2 962 1165
2 996 2086
4 1006 2323 1860 1006
5 1013 1420 2271 1433 2594
3 1013 2271 2074
2 1051 2183
2 1051 1469
6 1055 2088 1354 1204 1218 1055
6 1056 1303 1728 2125 2570 1303
3 1085 1770 1350
6 1086 2613 1832 1233 2988 1086
5 1088 2305 2113 1610 1088
5 1092 2130 2645 1092 1468
2 1096 2852
4 1099 1560 1681 1099
3 1100 1990 1488
2 1101 2949
6 1101 1576 2052 1307 1541 1576
3 1101 2608 1218
2 1112 1551
4 1131 1388 1202 1131
4 1134 2486 1188 1134
3 1136 1655 2982
5 1158 2496 1977 1453 2496
3 1170 2541 1791
3 1178 1431 2232
8 1207 2936 1933 1414 2154 1719 1248 2154
4 1207 1321 1414 2406
2 1212 2197
3 1212 1351 2972
2 1226 1897
6 1241 2317 2880 1870 1864 2317
8 1241 1334 2246 1472 1975 1909 2925 1975
3 1299 1554 1414
5 1299 2124 2602 2825 1299
5 1323 2285 2297 2946 1323
5 1340 2069 2096 1340 1578
2 1340 1612
2 1343 2735
2 1373 1450
6 1376 2366 2971 2358 1595 2366
5 1376 2057 1892 1709 2057
2 1379 2014
6 1401 2801 2615 2786 1966 1401
2 1413 2091
2 1472 2593
2 1547 2575
2 1547 1952
4 1559 1824 2300 1559
4 1564 2002 2405 1564
2 1579 2002
2 1604 1829
3 1655 2981 2031
5 1676 2168 1898 2637 1676
6 1687 1948 2394 2234 2354 1948
2 1692 2605
5 1733 1851 2321 2989 1733
4 1750 2632 2340 1750
6 1808 2235 2747 1808 2762 2760
3 1823 2780 1872
5 1823 2211 2873 2985 2780
2 1946 2143
4 1951 2882 2208 1951
2 1954 2499
2 1990 2027
2 1994 2551
2 2038 2882
2 2058 2820
2 2060 2777
4 2105 2617 2301 2105
2 2113 2236
2 2113 2404
2 2159 2765
2 2202 2301
2 2262 2792
2 2285 2360
2 2323 2528
3 2340 2502 2458
2 2341 2582
3 2348 2398 2774
2 2374 2923
2 2377 2583
2 2619 2804
2 2701 2855
2 2711 2878
2 2762 2890
2 2851 2870
