500 107
22 1 55 409 451 40 409 324 434 207 324 91 401 447 410 401 85 459 267 464 459 176 91
5 1 462 133 55 324
23 2 498 448 393 296 66 122 296 3 350 446 385 81 225 385 120 24 261 446 406 326 242 446
15 2 266 475 2 256 412 6 256 178 320 498 244 26 337 244
47 4 254 173 249 254 414 4 51 302 111 396 101 437 126 101 268 111 370 284 276 38 430 231 395 430 59 433 491 311 476 30 367 47 146 461 119 382 394 248 119 150 467 115 210 467 349 461
5 5 73 134 140 73
11 5 325 211 170 13 400 309 290 400 368 170
11 5 96 340 144 193 132 333 340 82 258 340
6 7 442 114 49 29 7
7 8 137 450 33 427 54 450
16 9 80 174 9 109 190 360 323 197 360 417 432 271 449 458 417
11 9 289 360 56 98 465 56 83 139 15 83
12 10 155 113 129 257 113 10 219 371 466 167 371
10 11 473 188 229 103 398 112 103 390 149
2 11 103
7 12 32 488 293 12 430 311
4 12 352 334 12
9 14 343 179 172 322 179 86 19 343
9 14 356 70 110 116 357 67 116 70
8 14 438 355 301 143 63 416 301
23 16 378 312 50 470 389 138 377 415 470 484 195 318 151 345 490 195 274 84 484 315 159 484
4 16 402 95 378
10 17 335 124 102 100 347 198 102 37 17
7 18 364 443 18 47 118 146
9 20 452 316 108 232 219 218 117 232
2 20 108
4 21 405 42 21
5 22 408 387 295 408
6 22 282 201 405 388 22
4 23 147 308 23
5 25 90 192 31 137
21 25 463 90 31 228 379 264 217 313 359 372 313 303 366 273 148 226 215 166 226 273
6 27 250 297 141 392 250
19 27 88 94 440 281 61 500 294 76 496 169 306 499 169 43 75 445 154 75
5 27 440 262 180 440
9 28 245 292 199 230 53 492 264 228
4 28 128 245 199
15 34 435 164 455 222 436 455 435 493 184 200 77 184 390 493
5 34 52 361 158 52
26 34 373 386 376 305 253 205 305 366 64 217 419 481 217 477 300 160 358 300 422 236 485 422 480 142 477
9 35 291 235 495 399 123 58 399 291
3 35 325 124
11 36 233 162 403 487 379 168 181 346 227 168
5 36 331 238 36 403
4 38 204 489 114
4 39 374 496 39
13 41 189 413 46 453 93 92 241 453 41 161 397 41
6 43 76 251 275 456 251
6 44 380 418 44 152 376
12 45 246 223 441 234 362 405 498 328 285 130 498
4 45 429 246 362
7 48 431 471 363 78 469 227
9 48 342 431 365 263 209 191 263 471
8 50 279 426 62 74 220 127 74
3 51 500 313
5 57 421 381 282 57
5 60 310 330 439 469
8 60 411 330 252 107 68 468 107
5 61 321 163 183 321
8 61 339 247 420 69 341 420 61
3 62 312 396
6 64 86 307 153 237 307
2 65 220
8 65 299 243 314 265 171 314 65
4 71 441 72 71
13 78 212 363 89 280 121 165 272 89 157 319 194 89
5 79 216 260 79 275
6 87 131 221 383 213 87
2 96 211
12 97 474 259 460 391 454 239 327 423 353 327 460
2 97 259
2 99 302
7 99 182 348 497 375 329 182
2 99 294
3 99 296 459
5 104 175 208 286 175
6 104 105 117 177 404 117
5 104 145 277 192 325
5 105 278 240 105 277
2 106 435
2 110 308
4 111 483 479 111
4 112 407 336 112
4 125 150 482 125
2 132 360
7 135 185 224 486 287 338 486
7 135 156 185 425 494 185 292
4 136 141 187 136
5 142 202 351 298 142
2 155 444
7 186 332 206 186 428 203 186
4 193 369 478 193
9 196 304 424 317 457 344 317 304 445
3 196 255 304
2 203 276
5 204 370 384 472 370
5 213 379 283 288 379
4 214 398 354 214
2 230 492
3 239 356 355
2 252 439
2 269 476
2 269 367
2 270 426
2 305 373
2 350 448
2 402 413
