4000 642
6 1 3927 1009 2252 3016 1
31 2 893 2220 2386 2926 2574 1990 1397 2250 1187 2364 2084 203 380 3872 2401 1842 2250 1461 1879 3705 525 3286 659 956 1094 2227 124 3969 348 3705
4 2 1289 1358 1990
11 3 171 1286 3682 3292 2319 3265 387 2257 3560 3
20 4 2558 3522 1742 1228 2537 2456 3757 271 2456 3045 3523 2939 2537 182 1538 2721 1941 3307 182
9 4 1357 2589 1235 1674 1524 202 2192 1235
21 5 2182 1971 1126 471 3993 1575 806 2268 2823 3171 252 1180 2621 1298 1604 2567 2862 101 3199 1180
6 5 1971 1751 3201 1368 471
16 6 1536 843 1014 1124 2184 3855 3014 3336 3973 2230 2404 3855 3730 247 1536
21 6 3814 1153 1626 1203 1457 2919 1121 1477 661 3814 152 909 3784 1919 342 287 2754 2074 3274 3784
7 6 777 105 3596 1939 1054 909
4 7 2033 2546 7
9 8 2286 461 1736 603 1151 1403 485 8
25 9 1747 676 2551 47 3576 2511 1518 1814 979 3211 1814 2160 3837 150 2421 3532 150 258 511 2276 1953 2360 2160 3576
11 9 71 1563 799 1224 787 3551 126 1554 187 9
4 10 2843 1032 1604
5 10 918 1865 341 1032
11 11 1205 2710 1300 3491 1746 2982 3124 3665 3931 1746
6 11 3428 760 1512 3387 3491
11 12 1340 3179 2113 391 2289 1723 3283 2665 1500 12
17 13 3975 446 2951 395 215 2951 1476 3284 2881 1984 1083 731 1394 1186 163 1476
4 13 2036 3546 2951
9 14 3338 2044 3718 2425 996 1757 3558 3718
22 14 2044 1972 3059 1683 2530 3258 2963 958 3258 396 3835 1501 2051 2894 1101 2057 673 178 595 3883 1501
12 15 598 1188 164 2427 169 617 1055 2999 2269 1819 2427
7 15 3724 711 1521 723 1283 164
53 16 3493 1836 3894 696 1883 3125 2194 350 2782 2966 1079 2210 3579 3389 952 2315 770 2877 414 2966 3849 635 1594 2582 2306 2104 2410 1390 2582 119 2745 1698 3502 2582 1087 1437 1537 232 3914 1359 2178 1087 2356 3170 2420 2356 510 586 3592 1863 2168 2356
6 16 1346 504 3015 696 2782
13 17 995 1987 3032 957 806 3910 2446 3439 2457 1232 3670 2446
20 17 351 1889 1373 2377 3366 3735 1696 1377 1305 3787 817 3902 2377 1262 1073 3479 2060 1587 1262
15 18 2541 514 3877 3481 2066 656 2083 362 1584 3617 805 1584 3533 514
9 18 772 2541 2599 2548 653 1074 448 2541
10 19 1930 3821 3009 1080 1787 993 282 1044 19
18 20 1128 2895 416 1168 1241 3183 2434 1095 3844 2934 110 734 545 1332 1109 954 110
3 20 3090 1168
15 21 900 1861 1349 2837 3152 702 2516 780 3452 3817 167 1245 343 3152
14 21 2039 2851 385 2054 3227 503 408 3227 2769 3184 2885 3500 2039
17 21 2573 2744 3638 3113 3616 3862 3443 3113 2965 861 3057 3638 406 3939 2375 1861
34 22 3912 1206 3704 2637 3829 269 2328 306 3726 1817 3134 3780 3974 3198 1741 76 637 2741 2019 392 701 2831 1123 2016 1974 1642 2781 392 108 1497 2911 1815 2741
6 22 3795 2447 554 2625 3704
17 23 3991 820 2563 2961 522 519 1632 87 1574 2001 444 866 3218 2263 3499 2001
7 23 1574 2934 2846 39 319 1095
20 24 1335 3485 894 308 930 24 1944 1560 2597 578 946 3127 945 445 3354 1492 445 276 1944
23 25 3212 1766 2997 997 2042 2997 85 3961 1470 2958 712 1470 1328 2707 1138 2139 2556 1296 1720 194 1296 2707
6 25 2180 2888 2703 1134 2997
24 26 2717 2860 2699 3119 309 1436 26 1246 1525 72 2088 1130 1433 1608 2587 758 3188 2795 3364 3698 1713 1555 1433
29 26 2808 3488 1130 1135 3710 1214 1285 1643 3590 2115 2342 3080 3109 3788 1773 188 2867 547 3615 3408 976 1714 2749 2320 2072 2686 1564 976
11 27 31 3144 2663 1690 273 2663 2048 152 3470 27
38 28 765 1991 284 1038 907 1882 839 2317 1078 2646 3091 1973 487 1611 1008 3637 1611 3734 3644 1545 3863 2273 1794 3907 3649 3473 3897 3649 1176 3076 1618 2163 1620 1618 1533 1046 1794
6 28 1991 1858 2219 133 2317
11 29 1489 1534 852 2028 1348 2812 1493 3774 1375 29
19 30 2383 1831 864 422 1267 1958 1227 2483 824 949 2825 1452 2280 1411 241 807 2579 2483
7 30 1869 819 2504 3281 289 864
9 32 3497 1961 3035 2835 373 2063 521 32
30 33 3669 1665 2834 3259 1446 340 3165 1983 985 372 434 1200 3749 569 583 1299 3556 2922 1630 3876 3442 205 296 1264 1780 191 3989 1767 1264
14 33 3526 922 1329 829 2565 2344 898 452 3254 2382 3775 1400 1329
10 34 1855 2445 561 465 3580 233 2204 3472 34
11 35 2132 876 2396 1372 231 1593 2614 524 3751 35
10 36 1422 1901 1523 2146 3518 2841 2205 2334 1422
9 36 1708 3346 265 1568 3714 1088 2805 36
15 37 3478 2337 968 1183 3528 2190 622 3238 2683 575 3238 2454 220 3478
6 37 3842 913 1272 1629 37
13 38 2078 2886 441 1103 2497 2222 38 3297 2374 1547 1853 38
11 39 3944 398 1045 1811 460 677 3228 1137 2572 1811
23 39 2631 318 3368 2094 421 1438 2449 3169 2936 470 1431 3983 3696 1243 3983 2086 3567 1156 1468 2787 1156 1438
14 40 2561 3177 1822 2764 3852 1193 2103 1463 3126 3262 1463 1395 40
4 41 2697 2411 421
5 41 1599 347 399 2697
13 42 1502 706 3429 137 3797 2589 2093 2596 1675 966 3840 2093
5 42 1926 879 327 706
22 43 3945 1759 2798 3865 2709 2856 1951 1728 672 1112 2898 3819 2784 3204 3753 1441 3437 3753 1380 1885 672
29 43 3100 2854 3114 3272 1208 2035 1213 3871 2186 3769 1828 2186 518 2508 1236 2821 533 2945 3256 2005 3515 256 2045 1597 2283 1577 944 2945
36 44 1217 400 3123 1185 1051 1571 2372 1051 818 1918 3744 3549 2569 49 451 1384 3812 927 3549 1886 295 2924 3744 1152 1777 3066 3540 602 3888 3475 3483 3661 2671 3688 3540
16 44 455 2975 1336 3504 3309 2287 3963 2778 3981 2669 297 1307 3923 58 2778
6 44 623 2472 2758 2578 3309
7 45 1234 2052 332 3662 3885 45
7 46 2527 651 1370 2384 3042 46
17 47 357 2855 325 1732 407 2551 2092 2181 3514 1425 240 2875 1816 1812 2350 2092
10 48 535 3193 354 1871 2946 3909 1142 746 48
9 50 2666 1504 1210 2004 3197 749 3573 1560
10 50 3573 2098 157 1116 3513 2469 2143 1687 2098
12 51 1841 1718 479 1950 2399 883 3420 2897 1884 2399 51
9 52 2053 3651 1651 2830 732 3225 1800 52
10 53 793 3990 1967 3889 1065 529 1805 3799 1967
7 53 1247 189 1276 1066 3893 3990
17 54 1875 3213 2027 2606 193 302 413 3816 1115 1035 1172 582 207 79 2437 302
9 54 3050 1185 1146 678 3948 3962 2571 2646
15 55 2282 2147 3143 1741 1461 1506 2453 1475 185 1387 1640 3206 1454 1506
11 55 3703 2022 1393 433 871 2763 2957 1242 3159 871
29 56 2460 60 2977 3509 810 1426 2026 2517 3129 938 1012 1488 1053 2031 667 314 1600 3713 1641 972 2680 1605 1667 2593 2414 1482 2405 3713
6 56 1549 3422 691 670 56
13 57 1891 527 254 2836 789 320 1391 1496 1147 3088 1528 320
9 57 527 1963 3308 266 2627 3494 3303 254
11 59 184 1570 3578 1181 1678 450 467 2774 3996 59
16 61 939 3436 3630 2794 2193 2021 1733 1920 3107 3793 1940 1864 2059 1261 1733
9 61 361 719 2521 2849 3970 3395 3641 2521
30 62 3266 2228 781 2760 3224 2700 3874 3798 2915 845 3324 1091 1155 2772 2123 3657 435 473 1198 1177 832 1198 3935 904 1342 2620 1779 931 3657
5 62 2595 3202 3030 2700
9 63 496 2514 2167 546 2416 2840 3966 2167
8 63 274 2030 109 721 2824 285 2514
27 64 2600 1646 2715 2688 2513 3261 2105 270 3079 591 1589 3754 2089 3101 1122 366 2288 1239 851 563 2806 1258 1539 3984 3847 366
3 64 359 2688
4 65 176 495 3213
16 65 3316 2175 910 3930 1419 585 3942 1552 3654 2928 3956 722 539 3741 585
12 66 3740 1951 2623 3449 356 1212 3599 356 196 679 2856
22 66 2079 2331 1934 3570 2331 3029 3568 964 3269 2557 964 3740 201 1877 1312 261 3448 3951 2325 3794 1312
15 67 230 1965 1280 3584 675 2682 3748 3329 2041 3220 3766 550 2682 67
11 68 368 3773 3104 2455 2071 822 3711 1898 822 68
20 69 1309 3401 103 2910 2164 3723 2910 718 1434 2295 2915 1703 1544 665 733 1717 2520 1495 665
2 69 718
12 69 3310 686 2656 1150 1572 2008 1686 3263 3980 699 3310
3 70 80 2854
3 70 1917 1208
30 73 2941 2075 3789 2887 420 3957 757 867 2528 3750 3786 2727 935 1710 2254 1833 1679 2948 3999 2412 3456 2694 509 1710 735 2211 3750 3910 2434
2 73 867
31 74 370 1270 490 990 3591 3602 3982 158 3977 1274 158 2657 174 1474 1566 172 2866 2534 1527 3096 689 2912 825 3128 885 933 3255 409 767 3096
6 74 2062 3349 491 156 490
11 75 1676 762 2145 1074 1317 3643 122 3361 512 2021
3 75 2822 2145
18 77 803 2293 2365 2803 3158 1278 2632 77 3415 3853 2584 1416 2554 2096 2091 1360 3853
11 77 181 2929 1913 717 3785 994 475 3785 2431 181
17 78 896 2613 759 2111 1866 2604 1435 2213 2119 3743 300 1591 3411 1706 652 2119
2 78 1435
8 81 3968 1424 310 2336 991 1033 81
11 82 2850 3404 919 3230 1192 1376 388 1691 1462 82
12 83 816 1596 2173 1693 1649 365 2153 2799 3399 1216 1693
6 83 3407 2777 1650 1379 2173
21 84 650 576 3988 2702 2056 3653 2702 2998 3938 596 1565 1804 1310 159 1259 559 834 2942 1086 596
2 84 2455
15 84 3383 1367 2842 3587 1460 1178 3273 3875 766 783 1015 2235 3359 3587
11 85 1217 669 2011 2925 3017 3978 1328 1402 3246 1328
9 86 882 257 3972 4000 419 1118 862 86
7 88 192 744 908 1531 892 88
15 89 3462 1954 3137 2233 872 2389 572 2935 872 1251 886 3160 2768 89
18 90 3053 1508 1694 3808 1508 3438 2070 3451 2743 90 647 3658 3008 3421 3541 1612 647
9 91 2641 507 3180 3378 836 2264 173 3938
9 91 2379 974 2844 3378 576 1111 2696 576
11 92 381 2329 3444 977 989 1195 3305 2492 814 92
8 93 3519 1432 2988 2870 1149 2125 93
14 94 1386 1838 639 3005 1878 836 2869 1625 953 3024 1663 2685 1122
3 94 2617 1878
14 95 1645 3934 1595 2347 3023 3501 2279 2651 117 715 1250 607 3591
8 95 3934 1936 1532 1846 2463 2403 3501
13 96 3381 1467 3236 2880 987 1456 2292 3896 2678 965 3586 1456
2 96 2528
16 97 2422 3062 204 3460 2255 2069 275 1444 3539 431 2815 2081 183 492 3539
2 97 1444
29 98 841 2780 1024 821 3388 1301 1598 1129 1047 2357 3900 3150 3629 1166 133 1578 934 2301 1907 1290 537 1644 808 2947 2996 1175 3282 1907
11 98 140 1916 98 3906 3339 1350 951 3339 2984 3388
12 99 3249 616 2899 3249 2179 107 668 3373 1807 2677 107
4 99 3285 2660 876
17 99 2836 3048 1639 397 1077 1931 1520 3294 906 3660 1762 1860 2348 2362 1226 1520
5 99 2809 1445 923 2179
16 100 2792 2267 3445 2262 2932 1256 1776 1957 3700 690 2112 1097 2667 3469 1776
2 100 1256
13 102 1727 3604 921 352 515 921 1025 2618 3503 3848 3251 102
25 104 3642 2545 3496 2658 2090 3549 338 144 2154 3163 468 1623 2064 2207 3804 3290 2207 2679 1114 228 2484 3831 2363 2679
6 104 2971 3011 2369 1562 2090
9 106 2353 1728 1354 1107 694 703 2969 106
24 111 291 1351 3063 1719 153 1915 1344 2949 466 3002 2722 466 625 3632 947 2913 2723 3805 3004 747 2949 1351 111
12 112 3891 790 3145 1428 890 3887 1634 2159 3891 1405 112
11 113 1105 1798 469 628 2952 1662 1093 1576 1662 3297
6 113 3916 2828 299 2236 1798
8 114 2046 1013 1848 3194 574 3986 114
25 115 3034 3985 1909 3360 235 1484 2736 3302 1993 3313 2672 1318 1862 3103 1076 1906 3535 2117 1415 720 2148 2903 2419 1906
2 115 3360
8 116 3550 2025 2733 1895 3687 2321 2025
15 116 2729 1935 3750 736 1184 3331 2994 3413 508 600 1837 1856 2135 3331
11 118 526 599 1652 1701 773 2598 2475 316 3674 1701
17 118 2690 3323 610 657 3022 1028 386 223 375 657 1715 2285 3595 745 3736 1715
3 118 3739 610
8 120 2524 2725 2284 2256 855 3146 2702
3 120 3082 3146
4 121 2908 1706 121
13 122 2834 372 3393 2260 1881 2311 3911 3386 2793 2355 1734 3393
5 122 139 1364 3529 1317
4 122 2338 2807 3436
7 123 3118 3221 3961 3120 1273 3961
5 123 2240 1421 3779 3221
9 123 776 1252 1238 1509 1221 3434 315 776
16 125 858 2468 3198 3175 2418 2029 3758 1948 1320 850 1769 2368 3390 1724 2418
2 125 1817
32 127 1430 1854 3424 1374 3320 716 1660 1338 1257 1104 288 2358 3337 144 716 234 127 1610 429 2960 565 3997 1001 483 1929 1001 1369 1410 1092 1480 565
13 128 2245 3543 2444 1684 2804 640 592 3319 3625 3205 3318 640
4 128 1409 914 2804
32 129 3728 2907 2612 1145 2124 410 1981 2324 3976 1179 2324 1423 626 1287 2605 2122 443 2771 2199 2225 2391 2155 1511 3043 3067 2085 3043 1653 3679 859 2391
9 129 714 541 869 501 1057 739 3745 714
5 129 2668 1980 986 2907
14 130 1783 612 1956 3606 590 887 1304 3021 1619 2601 725 612 130
6 131 3363 1302 3577 1481 131
11 132 1797 238 417 3474 2633 631 2451 268 1096 132
2 133 1301
16 134 2099 3174 3733 2023 1716 3597 3432 3332 1716 549 3953 134 2330 1755 134
7 135 3807 728 2629 769 3772 3807
19 135 638 2865 3257 3157 1293 1672 3162 1293 2653 3397 2968 1892 1006 2294 1615 1167 2076 2653
4 135 1404 3304 1293
13 136 1219 1827 3839 2050 2711 1324 2014 2711 2087 286 2761 2050
9 136 2737 2149 2346 912 2149 3791 1826 3839
5 138 1321 1852 634 3963
5 138 3385 3890 2318 2287
17 139 2033 2354 1655 3463 432 2133 1542 2033 2415 2307 618 3402 3380 727 143 2415
13 141 980 217 1835 3161 2435 3771 279 2277 1516 2790 1308 1835
7 141 1125 1834 2985 2047 1764 433
13 142 1820 1229 1209 3406 1229 2349 2385 3843 2406 2156 2853 142
4 145 1955 2447 145
25 146 3722 3666 3353 713 3061 2340 3759 2201 3507 3955 963 2827 1070 2352 2755 1517 2371 2978 1275 1316 3130 2371 643 2827
4 146 177 2615 713
12 147 971 3861 1908 2523 3613 1201 943 2223 2432 3861 147
19 148 1169 2216 644 3252 1169 2332 1851 3073 1117 2676 536 2417 2055 216 3312 345 1233 3073
8 148 283 1824 641 2950 2933 2259 2332
9 149 2643 2871 3351 3156 1099 2459 1960 149
4 151 3270 1318 151
14 154 2562 826 2040 853 1905 2040 1288 2751 3327 3467 425 2992 154
4 155 2244 3782 155
12 160 812 1581 2501 1319 2695 3400 2820 3396 2529 916 2562
11 160 364 3926 2490 1189 1550 2923 3484 1550 1021 160
13 161 3659 3117 2359 597 2142 2359 1458 975 2438 3747 801 161
14 162 778 2496 3208 3108 1582 2962 3640 3299 3195 3913 2006 1162 2962
3 162 1385 1582
14 165 1058 1997 3024 1173 2892 2533 3093 237 848 2080 1609 3037 1173
7 165 1997 2531 1447 1872 3553 2869
13 166 1760 3547 3239 796 3920 3301 2165 1823 3301 3622 2642 796
8 166 2436 2208 166 390 1689 3720 3239
8 168 1964 2058 1414 3626 405 281 479
4 168 376 1921 281
9 169 280 1592 2532 3058 2366 3822 3823 280
8 170 3010 427 794 632 1661 630 170
14 175 2914 264 3268 3457 1297 3154 1334 2303 2397 2753 2303 1796 175
2 176 1419
17 179 604 753 1725 3904 3000 179 1748 1786 2525 982 973 2874 3609 3287 1702 1748
4 180 3662 3905 180
4 186 3517 3194 186
5 190 3770 3288 3542 1146
4 190 3288 564 1078
26 193 2581 3182 3454 1682 2735 1119 2583 3589 1085 2581 584 3858 278 948 1490 1633 948 3244 1253 3416 3047 584 1737 3136 2027
7 195 3708 3260 629 3873 2576 195
14 197 619 2266 1082 1616 1707 2266 2515 2713 1894 3943 1772 3498 197
6 198 1225 1228 2345 2493 1228
18 198 2196 1758 2720 2609 2976 3046 1758 214 3384 1164 214 329 1979 326 3845 1347 214
13 199 1711 1546 865 1098 1546 1266 3677 3727 2275 2506 2519 199
26 200 458 2333 1365 3196 2670 2698 756 2670 3019 1413 1829 3019 346 3172 2540 649 3343 328 2101 1003 3289 2882 3139 3671 649
12 200 3719 3098 3430 1843 3098 358 3237 1244 1075 2659 458
2 205 3556
2 205 3535
9 206 2859 3355 3854 3155 3027 1218 3355 206
13 208 2305 428 3455 1030 337 878 1573 1314 3726 3857 2241 2637
6 208 3190 236 3928 726 1030
7 208 3921 3635 371 3243 1754 3921
16 209 624 924 1478 1041 3895 3115 3492 579 660 1315 3423 2981 1911 830 660
3 209 2032 579
6 210 1060 684 1775 2187 210
9 211 2732 2300 464 1081 3122 1295 3070 211
10 212 1586 3689 1669 259 3593 932 3565 2271 212
6 213 363 740 3908 828 213
3 217 2448 2985
11 218 542 2209 292 430 3003 1343 3203 226 1588 218
12 219 3328 1705 1603 2972 1705 1037 1712 2189 3328 3777 219
13 221 2636 1784 3531 1806 2214 1449 3085 2312 382 3783 3235 2960
2 221 382
13 222 2038 3298 3106 928 1659 2704 3410 3525 2704 3477 1106 222
13 224 1765 3335 1019 1721 1002 1019 764 2728 3071 1023 3648 224
53 225 959 785 2693 969 2461 2465 1607 2487 225 1204 1388 3296 1613 1190 454 687 3818 3427 646 2522 2212 229 2817 2480 2575 2212 2157 1540 1281 2202 926 538 1472 955 1556 3012 955 2654 2930 1389 1753 1602 658 926 251 683 3141 251 3684 2580 3828 926
7 227 1510 2603 3800 1910 1902 2840
7 227 339 1331 2662 3701 1902 535
8 228 3025 239 3725 557 1120 2765 3025
2 234 3908
2 235 1993
4 240 2013 2638 240
7 242 1018 2983 2024 3371 1658 1018
14 242 2756 903 2585 2756 1832 500 3588 3369 1182 243 3379 3097 3369
2 242 3588
12 244 1729 666 3300 3569 1036 2297 2891 929 3433 1551 666
7 244 3511 1230 3856 1688 3060 1729
24 245 2955 2731 2692 835 3131 3681 1466 3131 3768 3937 3175 1791 2931 1237 3367 3667 786 1873 3229 1628 3628 3607 1237
2 245 3937
14 246 2767 311 498 1631 3084 655 3776 2177 311 2779 2716 355 246
5 248 1371 2757 3561 469
8 248 697 2450 937 3806 3311 937 3927
3 248 3664 2865
2 248 1963
2 249 845
9 249 1654 1845 2684 3846 775 1945 664 2684
6 250 1738 481 250 1785 2605
3 250 1925 2225
4 252 3458 2268 3205
11 253 605 2814 2868 2246 704 838 1503 1946 1730 253
15 255 2217 3709 2003 3217 349 1792 3559 2428 1622 3508 3545 645 3697 1792
6 255 992 2776 2065 1333 349
2 255 2285
5 257 821 2351 2215 821
7 260 3234 3601 1443 3765 260 675
5 262 423 3940 2921 3846
4 262 2802 3686 2921
9 263 1986 1681 3121 3447 2095 2811 662 263
4 267 3924 2973 524
6 267 2730 1471 905 3075 2973
16 272 961 2535 272 800 2940 707 1896 3392 412 272 1526 3209 3490 3967 272
12 277 2413 2140 3623 2801 1803 2398 3527 2291 2833 298 2140
7 277 2387 2839 1752 1851 2413 583
18 286 1888 474 3994 940 1157 2393 3936 3191 1465 3901 3767 2509 2188 2734 3987 3191 940
6 290 2136 2884 1988 988 290
7 293 543 440 915 3111 1994 293
8 294 3223 335 2343 2810 2110 3425 667
4 294 555 3223 1488
6 296 2876 1042 3092 1031 296
7 301 950 2747 3189 2649 1739 301
16 303 1240 863 2752 2740 1664 2108 3089 3276 2674 3746 1680 2674 442 1455 863
17 303 695 2873 3450 942 2718 2009 2648 497 860 303 1857 1398 1989 3699 3552 303
13 304 2408 1158 1418 3149 1561 875 3992 811 875 1211 650 2842
2 304 1211
7 305 763 2109 528 1896 440 1634
8 305 2577 2845 874 2708 2536 3372 528
26 307 1382 2706 2239 377 2706 970 2902 2043 3398 2474 3564 2327 402 2226 1084 1231 2474 3647 1049 3049 1110 1000 1799 884 3647
5 307 3979 3582 3611 1382
23 312 2127 3140 1778 438 2501 2701 2278 1268 606 1378 2701 3537 2121 3291 654 2121 3231 2564 3487 3960 3105 3537
4 312 1004 3618 1778
6 313 2274 2974 3717 730 313
13 314 1795 3342 2195 1453 394 3614 3446 1745 2249 1407 2195 1908
4 316 1975 1494 316
3 317 551 1581
2 317 3519
5 317 567 3693 802 812
7 321 2458 3715 2478 2126 2242 651
6 321 1903 2002 3524 589 2242
8 322 692 3810 1148 1160 1287 1515 2612
6 322 1265 692 1479 3418 1160
10 323 1968 984 384 334 3878 3461 3173 608 323
7 324 981 3634 1590 873 3250 3622
3 324 3756 3250
5 330 1113 424 365 3175
6 330 3415 1888 2964 881 1888
14 330 978 2622 2370 1486 3646 3506 3419 3575 3566 3859 611 899 3646
18 331 2486 1284 1450 3116 3811 806 1557 3099 1924 1241 2586 3672 3377 788 2218 2847 2586
11 331 2309 2049 877 2395 3216 3742 1868 3781 2129 2309
7 331 1801 1635 331 1606 1969 3116
2 332 2934
6 333 1420 3006 846 2172 333
10 336 3585 2392 472 588 3435 601 1069 1401 336
7 337 3880 3702 2719 1897 3631 1314
8 338 2234 1874 338 3215 2959 520 3163
2 341 908
14 344 2979 2883 3869 3917 3241 2409 2323 1406 2100 1648 1996 2100 344
4 346 1699 960 2540
4 353 3187 2776 353
10 360 2433 3352 3673 1992 789 3692 1063 1486 3994
3 360 2552 1992
21 367 880 1621 1279 1383 2816 1279 3925 2691 1750 1412 901 3851 2265 2993 2652 2550 494 1636 436 1412
6 367 2361 880 2954 2491 1750
6 369 1292 1067 3832 1313 369
6 374 2832 2237 3365 499 374
3 378 2381 3059
2 378 3835
4 379 2974 774 379
9 383 2467 3480 990 1652 2462 2314 1255 526
18 383 570 3574 2829 1464 3521 2588 2077 1356 3038 1756 754 840 3663 3018 3732 553 2077
7 387 1657 2655 698 531 1325 1657
21 389 2248 2783 2905 2176 580 3583 3922 2007 3583 389 2118 3072 389 1022 868 837 523 1802 506 1022
6 391 1012 2712 3555 3348 2517
25 393 3226 594 1507 2206 2482 2394 1976 2482 3148 1692 1671 1220 1788 3621 729 1788 566 2938 447 738 2500 2687 1830 447
6 393 849 3148 2373 2476 916
7 400 1952 2378 2238 2904 2477 2333
6 401 2664 1793 3820 2185 401
7 403 936 3135 587 1530 1355 403
13 404 752 636 2838 3081 3731 3892 2335 1248 404 3459 1743 404
13 411 2559 462 2852 544 2650 1553 3557 530 1543 3557 1893 2449
2 411 1893
10 415 1999 771 2221 1010 2879 1007 3334 457 415
4 418 3083 2529 2622
6 418 999 2296 3998 3083 2112
7 422 3133 1770 3815 2464 2313 1227
3 426 3965 3993
14 426 3001 558 1282 2544 1890 3036 3001 3142 2896 1223 737 3271 3142
2 426 3811
2 427 1915
4 431 1662 459 1371
3 434 1299 619
10 437 1825 2819 2116 476 1962 2470 3052 2020 2819
6 437 2035 2443 3013 2197 1825
3 438 3400 1910
6 439 3247 855 3676 3054 855
6 439 3168 2243 1685 3382 3247
2 439 1988
25 449 1271 708 2518 748 2995 1174 3571 3495 3068 889 3738 2380 889 2956 2746 1709 3554 2082 3028 2430 2766 809 3995 2956
4 449 891 621 748
9 449 1127 2174 1491 2953 1139 2106 2705 1127
2 450 2925
2 453 3944
8 453 2485 3813 2322 724 1942 2322 1045
8 456 2750 1133 3219 1144 1900 456 1024
8 463 3803 1345 1704 3958 1345 1782 1610
11 463 3222 3737 1294 1017 505 3376 1017 2390 2864 3803
4 465 3683 3598 465
7 468 1442 2791 1949 2630 3512 1623
11 477 2739 3167 562 2498 2592 513 1249 1522 3680 2739
4 477 1932 1699 2525
10 477 1744 2423 3860 1102 917 2594 1774 3608 1932
7 478 488 3707 2890 3344 2407 478
11 480 3278 1809 548 2909 3502 3624 1638 1197 482 1420
8 480 2610 3899 3678 577 1813 3678 2909
6 482 1108 3314 2302 3624 3962
3 484 3563 2588
2 484 3574
29 486 1027 3755 663 1196 1982 3639 3031 3950 2826 3031 3619 1291 2590 3918 1448 1789 1131 1937 2560 2244 3317 1849 2479 3240 1199 1850 2231 2244
2 486 1291
6 489 3516 2591 3864 709 606
5 489 2789 2171 3600 709
23 493 3065 3020 1363 3065 1790 2442 3007 854 2539 633 1011 1191 3645 962 3431 3078 3903 847 3530 3330 1722 1191
6 493 2624 3706 1601 2624 633
2 494 3744
16 494 2232 2995 2429 1735 2995 791 1580 642 681 1749 2611 2510 609 1768 791
3 495 3949 1952
4 497 3870 613 497
6 502 3971 2308 1995 540 1416
2 502 540
6 516 1485 3482 3471 3702 516
3 517 2538 2590
12 517 1396 983 1668 823 895 3834 1943 1673 2549 1943 3381
24 532 2466 1056 1392 2526 3695 3405 1269 1726 3655 3233 1311 3391 2863 1311 3322 3306 2499 2507 3405 3275 3867 1136 532
2 533 1213
11 534 967 2503 2786 3051 3210 2916 2183 1451 534 1719
2 551 3115
2 551 3848
3 552 3245 2706
2 552 2043
4 556 1326 2928 556
9 560 2261 3350 1361 856 2726 3603 1529 1361
9 560 1938 1048 2270 1429 2967 3712 3293 3350
2 564 1718
9 568 2128 2488 3826 2495 593 1700 1461 1855
2 568 593
2 570 3602
6 571 2797 3760 1870 797 571
15 573 2505 1624 2316 2889 614 2316 3041 1337 2505 2169 2944 3280 1928 1983
2 573 1928
7 574 779 2762 3374 3627 1879 779
4 581 2644 1781 581
10 590 2893 1923 2310 3464 1959 1140 2872 2893 1010
3 591 1399 1663
2 607 2279
8 608 1578 3095 2989 3801 1050 1541 2301
9 615 2742 2675 3886 2645 2134 2742 1184 1351
8 615 2229 1808 2943 1362 2152 3884 2300
9 620 3086 3453 3833 2775 1141 1439 620 3794
11 627 2647 1254 1352 1159 1585 3520 1170 3033 3691 627
2 631 2805
2 637 1700
4 641 2034 1071 641
15 646 2861 1473 3656 3554 1408 741 3465 1821 3790 3110 3562 2037 755 1408
16 648 2158 1459 2170 2489 2800 1583 2281 1781 3074 1100 3721 3946 1647 1487 1100
2 648 3074
6 671 1839 1040 2785 3850 3342
2 671 1600
4 674 2738 3395 674
9 676 3403 3929 3729 1978 2502 2673 1330 1747
8 676 2543 2471 3954 3242 3055 1731 2543
8 680 795 3933 3064 1914 3102 2130 2914
9 680 2258 1215 3409 2151 3866 3166 3236 1918
6 682 1064 1514 1867 3486 3135
4 682 3594 3798 975
3 684 1897 739
12 685 750 1020 3836 2107 1998 1202 3476 3132 2570 3830 750
11 685 1697 2402 998 3325 1469 3489 1567 2927 2290 3133
2 685 2290
4 688 1810 1366 3089
4 688 2681 3544 1366
11 693 1052 1090 1985 3919 798 2061 1353 844 1090 693
5 700 784 902 3715 700
9 705 1440 1818 3264 2547 1912 2161 1189 705
3 710 1341 2977
2 710 2460
7 719 2298 3026 2773 2073 3094 939
3 736 3550 1626
4 742 3668 3383 742
3 743 1327 2207
6 743 2607 3838 2224 751 2064
12 761 1617 2626 1034 3761 761 1163 1535 3207 2373 2820 2269
9 768 3358 911 3932 1847 2608 3809 1904 768
2 782 2157
4 782 2339 3356 2202
2 786 2385
14 789 1322 2015 1844 3572 3375 1844 1966 2634 813 2661 3214 2494 1322
10 792 2203 1761 1277 1011 897 3151 3825 3947 792
2 797 3626
8 804 1323 3510 1519 3277 1016 804 3229
4 815 2878 2326 2362
4 815 2566 2400 2326
3 823 3636 1943
7 827 1143 2141 3414 2388 1695 827
3 831 1207 3079
3 831 3112 2513
5 833 3315 3752 2132 3577
2 833 1896
8 833 3633 1039 2512 3538 3964 3326 3752
10 842 1579 3186 3176 3178 1611 2748 2640 3605 842
2 856 1534
7 857 3879 2102 2424 1614 2439 857
2 858 1090
3 870 1771 2735
8 870 1154 3056 1887 2376 2796 1043 1771
8 888 3792 2426 941 3675 2426 1397 2710
2 888 2250
3 889 1171 2232
2 897 3987
2 906 1647
10 920 3620 2114 1222 1260 1505 1165 1499 3764 920
4 922 1840 2542 1665
4 925 2635 3694 1349
8 925 3340 2937 2837 2600 1899 3347 2600
2 930 3230
2 932 3497
2 937 3664
2 950 2894
4 957 2857 1933 1736
2 957 3953
5 963 1627 2990 1089 3061
2 966 2904
13 987 3200 1740 1381 1970 2137 1927 3534 3147 2880 1977 3750 2576
5 1005 1194 2253 2714 1877
2 1005 3740
4 1009 2481 2162 1009
2 1021 2756
7 1026 2198 3762 2900 2017 1303 2558
6 1026 2138 3412 2068 1072 3762
11 1029 3345 3440 3959 3581 3881 3778 1417 3192 2191 1029
3 1059 2813 3064
2 1059 2130
8 1061 1263 2689 1068 3417 3441 2788 1279
6 1061 3468 1498 1306 3824 1263
8 1062 2097 3528 1666 1559 3357 2917 1062
2 1063 2660
2 1076 3313
2 1084 3301
3 1113 2931 1612
2 1130 3080
7 1132 2818 3267 2639 2818 2724 3225
5 1132 2920 1763 2166 1708
6 1132 1637 3164 3841 2440 2724
2 1147 3809
4 1152 1569 1427 3066
4 1161 3248 2006 1161
4 1163 2251 2474 1585
2 1176 3323
3 1184 1808 3815
2 1185 3866
2 1189 2141
2 1204 3427
4 1240 3069 1880 3100
3 1240 1759 3854
3 1251 1434 2709
2 1255 1370
2 1272 1638
2 1311 3822
2 1319 3869
3 1339 2616 1658
6 1339 2272 3868 3536 3882 2616
2 1345 3783
4 1348 3279 3295 1348
3 1373 1933 3208
2 1424 2527
5 1448 2848 3394 3044 2560
7 1483 2200 3362 1656 2120 3716 3791
3 1483 1670 3716
2 1505 3949
10 1513 3321 3952 3185 2619 1922 3341 3690 3505 1513
6 1527 2858 3612 2452 2341 1527
4 1544 3898 2553 2798
11 1548 2986 2906 2628 2602 3138 2213 3548 2144 1548 3780
2 1548 3477
4 1558 1859 2902 1558
2 1594 2185
3 1594 3915 2102
2 1598 2619
3 1668 3087 3918
3 1677 2970 2938
3 1677 2568 1692
2 1705 2107
2 1737 2392
2 1751 2814
2 1802 3166
2 1815 3832
3 1845 2880 2123
4 1876 2770 3685 3259
5 1876 3941 2018 3685 3799
2 1930 3070
3 1931 2067 3048
2 1947 2378
2 1947 3019
4 1970 3039 2012 1970
5 1972 3426 2247 3827 2274
4 1999 3486 2441 3874
3 2000 3333 3884
2 2000 2943
4 2010 2920 2980 2010
5 2026 3253 2304 2987 3509
2 2031 3549
2 2036 3842
3 2044 3827 2614
2 2047 3143
3 2063 3933 3409
2 2103 2701
4 2131 3652 2930 2131
4 2150 3796 2485 2150
3 2151 3232 2920
3 2151 2166 2237
2 2192 3081
2 2196 3522
2 2201 3678
2 2206 2329
2 2206 2319
2 2213 3710
2 2273 3091
2 2293 3293
2 2297 3886
4 2299 2896 3153 2299
4 2367 2918 3520 2367
2 2411 2631
2 2459 2626
2 2469 3778
2 2473 3712
8 2473 3370 3650 3040 2901 3077 2991 2473
2 2506 3495
2 2509 3121
2 2522 3656
2 2531 3978
2 2534 3982
4 2555 3566 3802 2555
3 2689 3763 2788
2 2728 3203
2 2729 3415
4 2759 3610 2813 2759
2 2834 3814
2 2900 3429
4 2905 3181 3466 2905
2 2966 3915
2 3109 3408
2 3127 3692
2 3155 3648
2 3207 3398
2 3234 3800
2 3361 3707
2 3403 3586
2 3739 3776
