3147 885
11 1 2615 685 1769 459 2772 2432 2970 1434 357 2772
3 1 3054 1769
7 2 2224 102 1802 1808 795 102
4 2 463 370 2224
11 3 2089 1797 703 1727 2549 1816 120 2911 1424 120
5 3 1133 2467 868 2089
28 4 1598 558 869 4 235 959 3013 1046 235 2731 251 844 646 1718 1542 2147 391 2446 1732 2963 983 1277 837 1183 2209 2894 2253
14 5 1736 603 543 1659 459 1817 906 2278 1896 1499 756 1896 3093
2 5 1659
5 6 1520 2671 826 6
8 7 491 405 645 1427 75 1411 645
3 7 2139 405
6 8 3005 1132 1820 1253 8
6 9 78 1406 1731 2610 9
19 10 3031 300 1628 1464 1893 2976 2733 1027 84 2981 995 2627 578 305 2060 3026 2730 305
3 10 2247 1628
14 11 587 1742 100 11 2798 2629 1607 974 27 2053 2829 413 2053
6 12 1096 728 956 1688 728
4 12 949 754 2973
2 12 754
25 12 1796 1813 1772 767 19 892 1758 299 19 947 1430 2175 2664 2840 1306 32 2754 2910 1151 1767 790 988 2598 1151
11 13 2226 1468 2049 13 301 2516 2659 3004 1809 1274
22 14 1487 534 527 2713 1060 2611 951 1404 1108 2229 1404 2188 562 840 2408 173 1529 2169 861 591 173
3 14 1130 534
13 15 2176 1998 1146 1182 883 1236 2251 2960 2017 2618 2580 2251
2 15 1182
3 16 1223 1378
4 16 2666 1028 1223
17 17 669 38 2858 17 880 2548 1154 1573 2054 2378 1154 466 3037 1707 2425 466
16 18 644 1112 2926 1850 777 2222 571 1850 2652 1152 2024 1946 1753 2259 2024
3 18 723 2926
12 20 2875 2819 473 987 2987 1811 2171 513 1195 2156 1811
2 20 2819
5 21 2836 1982 2828 21
13 22 3034 1081 1988 2059 281 1036 2511 1740 2059 22 1304 488
12 23 2519 396 23 452 2784 607 1372 1823 2928 1927 607
5 23 1719 2164 2393 524
5 24 3096 2283 1728 24
6 25 2992 964 1827 2716 25
14 26 2143 2192 174 3000 2138 1460 1473 1338 3047 2182 2194 2957 3047
2 26 3000
2 27 2798
16 28 355 1571 344 355 1852 1839 1100 2341 2922 1684 3070 225 786 3070 2992
5 28 2569 2424 45 28
8 29 1102 945 1555 52 1313 2950 52
6 29 155 2677 284 308 155
2 29 1555
15 30 1805 1141 2538 1674 2821 1141 2533 1564 30 864 2785 1948 1577 2785
12 31 3112 528 2696 548 2097 3082 1015 2663 818 1334 2663
2 31 528
4 33 253 2547 2284
5 34 2865 2361 2591 2687
11 34 2323 1067 1122 816 916 2323 1308 895 2177 1308
4 34 3039 764 2495
15 34 2591 842 968 589 842 192 67 290 1862 1222 1341 201 1986 1862
8 35 792 942 35 1676 1848 2942 35
5 36 1125 2888 385 676
8 36 42 2888 2648 2554 2645 274 2648
7 36 2074 2232 2854 836 289 2074
5 37 1720 373 1259 37
7 39 2420 665 2977 722 845 665
3 39 2837 2821
6 39 2116 2096 1770 1914 2096
5 39 1135 838 2196 2116
5 40 490 1642 3106 490
5 41 789 2848 1859 41
9 43 719 1644 2825 1249 829 1957 460 1249
4 43 520 1200 1644
6 44 131 979 494 1501 2547
3 44 1979 3007
19 46 862 1246 3019 46 1096 3131 843 1775 3015 1287 2436 958 2877 1969 2812 828 2475 2812
7 47 1494 2941 1532 2933 303 1494
6 47 850 2279 2932 2381 850
10 47 2806 2408 47 565 1609 1472 1586 2095 565
7 48 852 1807 87 210 2320 852
15 48 1534 1777 1739 2786 1225 2400 2692 1795 757 563 620 1523 241 757
2 48 1739
21 49 2151 467 1065 1735 2955 119 3051 1840 2943 2824 1723 1258 1393 2500 2967 1437 191 788 2471 2967
4 49 1787 1784 2151
5 50 1037 2673 150 50
2 51 2000
8 51 1262 297 1450 2379 936 469 2746
8 53 3035 510 2545 499 3130 2788 499
6 53 2406 2372 890 1219 53
8 54 115 1414 882 1963 2537 2430 1963
4 54 2245 1882 1414
12 55 2106 184 55 2782 422 1243 1327 1949 2256 3046 1327
15 56 1810 2112 61 1781 1280 368 1781 3121 1374 1039 2183 501 95 1039
9 56 1815 1167 415 3017 2578 2924 1603 415
5 57 1299 1428 2732 57
6 58 1901 493 612 1084 58
13 59 404 2483 1446 2061 1282 2613 815 1446 342 2514 2118 342
3 59 1019 2483
7 60 2326 2795 2851 2306 1939 2795
5 60 3020 1302 1087 2326
2 61 1815
15 62 2208 507 2119 1865 701 332 437 2119 512 2765 3036 1629 1455 512
3 62 2463 507
5 63 2008 2304 759 63
6 64 1233 212 1405 1546 212
11 64 716 2287 2286 1774 516 194 653 76 2539 194
3 65 456 259
3 65 2667 968
8 66 1785 802 220 720 1147 1177 2822
11 66 3136 1579 802 1645 1714 2433 1726 1771 832 1714
7 67 2665 192 2123 123 2402 2123
12 68 1252 2154 965 3140 1899 1800 508 1234 458 3023 1234
3 68 2068 2154
4 69 2029 2346 494
2 69 2346
11 70 485 3120 1879 485 1157 876 1155 2115 94 1157
17 71 381 2747 2718 1757 2747 2357 2295 1978 2380 345 1340 2241 1349 1085 933 629
4 71 2170 1459 71
10 72 991 1265 222 297 2623 414 222 2813 1808
3 72 749 1265
10 73 1863 2200 2396 1333 73 734 1825 542 1283
5 74 1073 2010 649 74
10 75 1391 3044 378 1836 2189 2387 601 2444 1836
6 77 1822 302 1089 77 2950
14 78 2883 1608 248 1011 326 339 1011 139 2921 2929 684 1115 2929
11 79 3024 3062 331 699 2339 1525 2048 1773 737 1525
2 79 3062
7 79 3056 1594 379 2204 1211 1594
7 80 1661 3117 1729 2684 1748 211
9 80 2693 1776 3113 80 661 365 2305 661
8 81 1972 3080 287 1104 2370 1497 3080
7 81 330 915 535 961 1984 330
8 81 2135 2451 1350 1667 2902 2766 1350
4 81 3114 625 1972
6 81 247 2238 2508 247 2635
15 82 117 412 1638 1180 275 638 2699 1617 1905 2753 976 1959 2243 1905
2 82 1575
2 82 1180
5 83 1237 2237 2394 83
6 85 2683 1443 885 260 85
6 86 2160 2870 147 416 2160
8 86 900 2300 730 1557 3083 1480 2300
7 86 523 1991 1858 879 1316 1991
7 86 891 1973 2971 197 2185 2971
11 88 517 778 579 1355 1660 2589 1881 1803 2317 1660
3 88 579 273
6 89 389 2985 1481 1026 89
9 90 2273 279 166 2859 2133 2015 2023 2859
5 90 2540 1535 1693 90
22 91 2794 1086 2625 2470 91 1033 602 1759 1033 1045 1335 352 1669 2398 352 438 2855 1194 3138 2701 438
7 92 2164 2371 544 1220 1103 1498
2 92 2393
17 92 1702 2155 2046 198 3055 827 1076 1737 2157 1465 2863 670 1799 2695 2240 1799
11 93 3008 651 1463 1840 188 2442 3001 1452 3122 2442
2 93 1463
5 96 984 2413 851 96
6 97 522 98 1244 1052 98
4 97 2411 522 2503
4 99 2421 1105 320
4 99 3110 2935 2244
5 101 1206 1561 2140 101
6 103 1385 381 2739 1622 103
5 104 3018 1493 388 3018
16 104 1478 105 844 2830 2979 2630 2826 2652 2680 1152 2335 1582 1007 2146 2335
8 104 2760 1368 2944 2438 1888 1131 2438
8 105 224 913 200 3079 2917 657 913
19 106 953 408 2234 2570 1474 2651 1855 2758 2609 1502 2651 393 917 1208 533 584 2582 1208
4 106 399 791 953
13 107 1880 1456 580 292 205 830 2532 2485 1101 114 1364 2485
5 107 787 752 1841 2848
4 108 1993 2770 108
6 109 2984 873 1215 2260 109
4 110 2931 2705 592
13 110 256 1860 1203 134 800 2715 2813 1096 1630 487 2261 1630
2 110 2705
14 111 1082 1174 1657 1235 702 1174 111 1909 1069 232 954 918 1909
17 112 2486 2499 3097 608 2499 755 2206 2901 647 3137 160 2945 2016 700 940 2945
3 112 149 2486
6 113 446 3127 1709 383 1562
6 113 246 1366 1186 1847 246
7 113 955 1270 648 2268 366 648
4 116 1276 395 2870
4 116 2572 1097 395
9 118 426 902 2650 525 2459 1056 233 2650
3 118 2401 902
11 119 1892 1843 675 1572 2709 2697 2940 2925 505 2697
12 119 2341 2849 2949 1643 2908 417 2823 2954 770 285 2823
6 121 1444 967 2885 903 1637
14 121 2448 2801 1347 1444 880 2778 1284 2890 2930 971 411 252 2930
8 122 2573 504 1768 2213 2719 264 1768
5 122 2055 1683 1704 2573
7 124 171 352 2903 877 619 2903
3 124 1322 2493
7 125 2683 3039 2564 1708 165 874
8 125 967 1150 2783 854 2031 2258 854
5 125 3039 1530 165 251
11 126 1592 443 461 1854 3012 2646 1023 2469 3141 3012
13 126 2128 1592 998 3030 674 1568 998 2462 2308 821 804 2462
15 127 1342 1566 2294 2909 384 1837 3088 1083 1260 1624 2881 2145 1599 1624
3 127 2167 1342
13 128 258 1623 128 2706 448 1118 3098 453 762 479 2871 762
8 129 2637 3086 1098 855 2620 2654 855
3 129 2077 1098
4 130 2454 1930 130
7 131 735 2150 994 2832 2150 1979
14 132 1539 2612 2134 1030 1580 338 1442 1985 969 564 1044 1191 1985
13 132 480 333 1490 639 304 436 2998 2104 1390 1912 2002 2998
3 132 2704 1539
2 132 3014
10 133 214 1106 2909 856 2808 585 2762 2729 856
6 133 1278 2441 1612 1677 133
3 134 2674 1860
5 135 1433 552 1908 1149
6 135 1987 2449 552 2510 1978
11 136 1512 2965 341 136 1844 637 557 1745 204 1844
13 137 193 1778 221 286 937 2972 1380 3053 1846 794 1250 1846
2 137 286
14 138 887 2291 2720 2525 1117 560 1147 555 746 3042 353 1877 746
3 138 1824 2291
2 139 3069
9 140 2364 590 1230 2101 2327 2131 634 2327
6 140 2460 1504 2661 604 1504
21 141 430 159 717 1974 141 2307 2322 1804 2290 2767 2307 2439 2267 2869 2768 500 2343 3089 161 500
6 142 2728 2025 215 2057 142
12 143 2627 672 2195 1070 2698 1307 1549 3048 2006 2458 1549
2 143 2454
11 144 2120 1576 495 2407 920 1601 217 1025 1365 217
2 144 495
2 145 1592
6 146 2340 2604 2850 242 2340
5 146 1553 3147 1358 146
12 148 2198 713 1124 1166 148 1921 434 1077 158 390 434
9 151 872 2689 1695 1968 691 1934 2388 1968
2 151 1695
6 152 1517 2082 3027 1924 152
4 153 1099 3084 2010
2 153 1809
3 153 283 1099
7 154 1371 1886 1398 1113 154 2293
6 156 2067 2636 2419 545 2333
4 156 2348 1263 156
4 157 2577 2839 157
4 160 2901 1883 920
3 162 1403 277
5 162 1560 2501 1197 1403
8 163 269 1038 163 1509 1175 747 939
7 163 2704 812 1838 2428 1467 812
6 164 1344 2180 1716 164 458
4 166 2804 2179 2273
4 167 721 237 574
3 167 506 721
12 168 3088 776 2337 1254 2135 999 2831 2045 2482 2453 2045
13 169 1761 1446 169 360 1943 731 1109 697 1367 2231 2331 1109
13 169 1746 1826 3123 692 1196 1746 2417 1016 2124 175 2465 2417
9 170 2236 1432 1107 1058 2506 2303 1479 1058
3 170 1107 2128
3 171 1071 1322
2 172 525
9 172 223 3143 257 1531 1610 764 1531 873
3 172 314 257
17 176 986 1268 1873 1955 445 1913 2682 1201 659 1606 2791 678 774 1139 922 2791
5 176 741 1275 2165 986
14 177 1724 664 1331 1159 2908 1303 1578 2927 3135 1801 3064 530 1801
2 177 1159
2 178 338
2 178 1442
5 179 1247 2063 970 179
5 180 2233 614 2649 2816
3 180 2892 2649
12 180 1956 1615 880 623 2595 751 2548 1871 538 2861 1618
8 181 3040 1447 1304 1709 1374 1621 3121
7 181 1830 435 3063 1668 380 435
6 181 1833 1205 2225 1064 1833
18 182 570 1190 2634 2384 2775 1242 3010 1992 617 3010 2775 1665 1902 1179 2775 1096 1738
2 182 2384
2 182 3145
8 183 3102 1136 2312 1749 1543 633 2312
4 183 2415 1346 1136
9 185 2543 690 946 2759 2030 3067 1305 455
2 185 946
11 186 1095 2404 2825 1650 483 598 2834 1518 1545 598
3 186 1597 1291
6 187 667 765 875 213 187
11 189 1093 1018 1904 3128 1018 2157 1416 1574 1297 2200
2 189 1018
2 190 1370
2 190 1499
9 195 2277 1920 428 3071 799 1329 428 2583
4 195 2014 1231 1920
10 196 704 1828 1120 2109 3045 600 3111 1168 600
4 196 2239 1445 704
3 198 2206 3059
7 199 1849 1216 1681 1163 1238 1681
9 202 2235 451 1627 202 2134 2264 2714 2452
8 203 839 487 797 2210 2833 2216 2210
3 203 340 839
9 206 2034 432 1516 606 2889 2878 2310 606
3 206 900 523
10 207 2081 1507 272 1754 2292 1507 1651 3009 207
6 208 643 1932 1296 2727 208
4 209 2477 1960 209
2 214 1566
4 216 2299 978 216
5 218 766 2647 2907 766
9 218 679 2250 1216 1373 772 2250 377 218
6 219 1075 1662 2004 1673 1075
7 219 2354 1383 334 1471 2373 334
5 219 3065 478 2748 3065
2 219 1383
3 222 1500 2388
2 223 963
14 224 1682 2512 2038 2688 2512 2009 1682 1040 1743 1062 457 319 1743
5 224 245 1964 2079 245
16 224 1478 2423 1944 1482 2423 1828 2283 444 2423 1503 1632 857 1475 924 1632
8 226 632 2289 2007 2640 268 695 1056
8 226 881 2397 2513 1094 2203 1143 2513
11 227 531 2949 2409 3072 1176 2316 1426 1563 298 2316
4 227 1357 1298 531
6 228 1585 2774 3038 2098 228
7 229 725 328 2722 2498 2152 328
5 229 402 231 2899 725
11 230 1214 2633 2207 1356 230 1128 1925 1382 2173 1128
4 232 2405 2102 232
5 234 2937 1782 429 234
6 235 1751 1408 3074 2355 1751
5 236 1402 265 2101 590
3 236 745 265
2 237 2278
7 237 1817 406 2721 1654 708 406
3 238 783 1643
6 238 1652 2559 261 1323 238
9 239 1971 1156 2751 2344 2626 2019 1744 2626
7 239 1134 2593 1756 2641 581 2593
6 240 337 515 1257 2246 240
3 242 2782 1015
4 243 1680 2890 243
3 244 345 1717
5 244 2347 2638 572 244
2 248 1310
6 248 1928 3103 1055 1165 1928
2 248 1108
5 248 2001 748 2269 2001
10 248 2545 307 2571 2218 733 2657 1273 1008 2218
15 249 673 2913 2392 1980 1204 1641 1589 650 2267 1147 1588 2846 2489 1588
2 249 1980
5 250 2159 1656 1885 2159
7 250 2653 1189 250 253 979 2853
13 253 1221 2842 1684 408 1221 1783 780 622 1790 1870 561 780
8 254 1625 671 921 322 1701 580 787
2 254 322
6 255 932 1160 1931 1965 255
3 262 1505 1737
2 262 1076
5 263 2827 496 2389 2230
3 263 367 496
6 266 1569 358 2509 2566 266
3 267 2602 1335
3 267 2345 1045
2 268 2007
7 269 2616 347 1271 626 1923 2616
5 270 1193 2221 2558 840
2 270 2221
5 271 1061 2562 982 271
12 275 2694 1072 638 2400 1345 706 909 2947 1451 1527 706
7 276 570 2946 511 2309 2867 982
3 278 2838 2659
3 278 301 1584
2 279 1684
5 280 2868 753 610 2030
2 280 610
5 282 3043 1602 3088 384
7 282 2369 1343 668 376 503 2369
2 282 1602
7 288 2319 472 2427 288 628 2034
6 291 2882 2440 793 2953 2882
2 291 2826
2 291 2630
2 292 830
11 293 2464 1587 847 2546 2948 847 2078 3099 1611 2078
17 293 541 886 508 1550 2447 1552 1845 1983 2003 3116 1005 2003 1521 2584 1559 1521
7 294 2988 1675 1295 1138 2951 2818
2 294 1138
5 295 3124 2773 1229 3124
7 295 1831 2494 2071 1511 518 2494
7 295 419 1699 462 2220 1699 1561
6 296 2211 1741 1024 296 954
2 301 765
7 302 346 2126 2845 364 1866 346
7 306 2376 943 2668 2067 1646 1757
2 306 2668
7 307 510 2357 1491 2686 806 504
6 309 2817 1091 321 309 1200
9 310 447 2022 2756 2891 468 2852 2891 2066
3 310 2039 2756
8 311 2212 2426 2799 2212 2592 1950 2212
2 311 1840
9 312 536 1153 3095 1074 2479 2478 2255 1074
15 312 2472 1232 1789 1286 1772 2962 2614 1796 1730 1856 1798 2351 2248 1730
3 312 2796 3095
6 313 814 910 2691 1712 313
4 315 1713 3053 979
3 315 1380 937
2 316 2529
4 316 2725 1857 1268
7 316 1485 375 582 1694 2581 1485
8 317 2450 2864 1536 2964 397 972 2315
7 317 744 2103 705 1977 1528 2103
3 317 1733 744
7 318 1169 1369 1281 1941 800 1428
2 318 1941
4 323 1513 1516 323
6 324 1945 1266 3139 2771 1945
4 324 2132 2787 324
14 325 1911 618 325 938 594 2780 938 2707 1591 2939 2311 2707 358
8 327 2056 2338 2492 2105 2700 2338 327
8 329 2923 537 2534 1184 2964 1477 972
2 329 1184
3 331 1524 2528
11 333 2790 1388 1092 480 1510 888 2125 1210 1397 1510
4 335 1330 1786 1491
5 335 1059 663 736 1330
7 336 2761 1239 1725 1476 948 1725
11 336 1239 1835 2065 1698 3076 459 1060 1884 540 527
7 343 1129 1995 2740 343 2474 1697
5 348 2670 683 2037 348
8 349 1381 1691 686 2714 1867 2264 425
2 349 686
12 350 905 912 2974 2743 1320 2974 2698 2321 898 2032 2780
3 350 2080 2974
5 351 521 2314 2600 351
7 352 2135 2487 1379 1619 1185 1379
14 354 1522 1048 2168 354 2708 2476 1819 1142 1384 925 492 1384 2708
4 356 386 662 356
6 359 711 758 2181 997 359
8 360 827 2206 1806 1889 1760 3058 1889
6 360 2570 1010 1763 1305 1474
6 361 660 2994 1933 2136 361
12 362 2214 2800 1199 1814 1217 1116 908 450 2887 960 2097
2 362 1814
4 363 2302 2709 363
2 368 389
6 369 687 1556 1261 897 369
9 371 1164 2026 1670 371 3094 726 2874 3094
4 372 1420 2437 372
5 374 1262 2703 980 374
9 378 2993 865 2612 2064 424 1317 2809 2064
4 382 2249 1119 637
3 382 3057 1747
10 383 408 2223 2262 2617 1332 1853 1639 2643 1853
10 383 659 2802 1082 1918 2288 928 858 2359 1918
3 383 1447 2614
9 385 1117 1897 560 1829 2596 1842 2553 1829
2 386 1445
5 387 3081 769 2083 387
2 391 646
7 392 1936 1966 432 2887 1966 392
5 393 2091 819 860 917
7 394 1580 2134 834 773 1009 2395
5 398 2144 1929 2726 2144
3 398 3021 1022
5 398 3115 973 3021 1971
2 400 3015
2 400 3131
13 400 475 464 2656 2410 2658 871 2938 2599 2100 2187 2797 2938
4 401 1248 810 401
9 403 2741 775 2276 1321 1002 2764 596 1321
3 403 3129 1237
8 403 2227 2163 2466 636 1671 431 2466
10 407 1148 1120 1240 2142 2390 1653 1570 2619 2390
4 407 1256 1054 1148
6 409 1415 2266 2496 1486 1415
6 409 1818 846 931 613 2863
3 409 666 846
6 410 2456 3091 2141 923 410
11 418 1419 551 1279 2755 1419 941 738 1996 2576 941
2 418 1789
2 418 1515
3 419 2018 1831
6 420 1311 1021 1088 1878 420
3 421 482 1287
6 421 1309 732 1457 486 1309
2 421 2436
5 422 2114 2270 3068 2114
4 422 1696 2201 1243
11 423 2435 2362 1540 471 583 950 599 1013 2365 583
2 423 471
4 427 1792 2738 2202
5 427 1224 1301 2879 1792
6 432 2383 1004 1664 1328 2383
2 433 2113
4 433 2364 2460 1560
5 433 1406 2841 1597 2404
2 436 639
5 439 3092 2644 3133 439
6 440 642 680 2129 2978 440
4 441 2662 2043 1503
2 441 2043
5 441 2622 1647 2542 2622
7 442 1565 1003 1377 470 1658 978
9 442 1436 1202 2094 588 1686 1436 3126 1334
2 443 1854
2 445 2682
16 449 1894 2329 1462 1663 2481 2011 805 1868 2275 2011 2040 2872 2711 2281 2040
2 449 1663
3 450 689 1217
9 453 2706 2631 2522 1014 2062 3049 2190 2522
12 454 1989 1114 2991 2148 1690 1469 1114 807 1922 1441 2840
3 454 1903 807
3 456 3075 2667
3 459 1375 1698
3 464 2041 475
6 464 2524 904 3002 1679 2524
6 465 2429 1226 3118 2969 2477
10 465 2969 1981 498 2443 1012 1213 2088 2349 1454
2 467 2955
5 467 595 2541 1389 595
6 468 3061 797 1470 831 3061
2 469 1450
8 473 1429 987 2915 2399 1162 1031 987
2 474 1420
4 474 1848 1887 2862
3 474 2968 1887
11 476 1079 1917 802 2919 569 2884 2330 802 1526 720
2 476 1917
6 477 750 1449 835 2117 477
15 481 1937 2350 1063 481 1466 554 1705 2590 1466 1435 2997 2090 899 1466
2 482 2484
5 483 2723 1650 2108 2137
3 484 718 1235
3 484 977 718
2 485 3076
8 489 547 1314 1533 825 1715 2594 1314
4 489 2490 547 2338
6 497 1001 2745 2035 1218 497
6 502 2835 2110 2681 2983 502
2 508 1845
3 509 1595 1213
2 509 2349
2 511 974
5 514 1765 710 2186 1765
6 514 575 3003 2414 575 2568
10 514 2952 1399 2217 2087 803 2012 2199 849 803
2 514 2087
11 514 1418 1581 894 1906 1034 1581 2313 1750 2296 1418
2 515 3091
2 516 2286
2 516 2464
9 519 2377 2736 694 2989 1634 1417 2285 2989
2 519 1951
5 519 1227 889 2603 1227
2 519 694
2 521 1550
7 522 2127 1613 1409 2013 656 2127
8 522 755 1127 1066 1439 824 1834 1127
5 526 3107 2628 1267 526
6 529 1080 2342 2257 1793 529
12 532 761 1678 2789 532 3144 771 1425 1050 1006 771 1781
2 538 2389
7 538 2497 2861 1294 2980 2621 3060
4 539 2670 2344 1361
4 539 1710 2121 539
3 541 1587 1140
4 542 2710 1976 1423
3 542 1791 734
2 545 1646
8 546 2975 2896 2679 681 546 3056 628
6 548 556 2161 1351 975 556
2 549 2081
6 549 1110 1703 3073 1954 549
2 550 1966
4 553 698 1147 674
3 553 833 698
5 555 1551 593 2738 555
2 559 1156
4 559 1938 707 559
5 560 1123 2033 1762 1123
2 562 2558
10 566 1324 740 566 1137 2560 688 2810 1078 1137
6 567 781 640 652 3109 640
3 567 1336 781
10 568 3016 2735 2353 1053 1567 2912 1919 2353 2287
2 568 2735
7 573 1353 2324 1779 785 1489 1353
6 576 1605 731 768 3078 576
9 577 1548 3090 696 1187 611 2153 2585 2698
3 577 1312 1548
4 578 2069 962 3081
2 578 2195
2 579 2917
6 582 2263 1692 952 1910 2263
8 586 2174 2072 1401 2536 1794 2876 2536
8 586 709 801 2072 1953 2959 755 1401
6 597 1188 1178 2005 1596 597
5 605 2672 878 1999 605
2 609 3114
3 611 1872 696
2 611 1313
7 612 3029 884 2036 743 1685 3029
6 615 1392 2374 1615 1700 615
3 616 658 1393
5 616 2403 2047 2685 658
6 621 1706 1192 1319 809 621
6 624 1961 2219 2717 1962 624
3 627 2328 1509
2 627 747
5 630 2526 1090 630 2035
5 631 927 1461 1032 631
10 635 2205 655 1506 2418 635 823 2455 2757 823
2 638 1617
5 641 3028 2906 2552 641
16 643 1096 1173 1672 654 2076 2815 2557 2412 3105 2675 1228 863 1994 1228 742
8 652 2150 1900 2517 1400 992 1876 1900
2 670 931
3 677 724 2453
6 677 2904 2092 1035 2191 677
2 680 1783
2 682 2459
7 690 3125 2505 2027 1554 1788 3125
7 693 2841 1514 2702 2916 2473 2702
3 693 2271 2841
2 712 2357
9 714 1293 1000 2982 2075 1852 1492 2860 1839
2 714 2075
7 715 2360 1875 1431 2920 715 895
2 716 1676
3 716 2530 1233
10 727 2752 3052 1764 763 1766 2352 1864 911 763
5 727 1121 782 853 727
5 729 2375 2391 870 729
6 739 2776 2676 1488 2028 739
2 750 1908
5 752 944 1126 2162 1841
14 760 1376 981 2457 2556 1363 1376 2234 1943 2385 2242 957 1483 2385
2 767 2175
2 770 2515
3 776 2135 1705
6 777 2461 1558 2999 784 2461
4 779 1926 1849 3009
4 779 2422 2880 1926
2 783 2908
6 785 2724 848 2431 808 2724
2 790 1931
2 796 3086
12 796 934 2631 2142 1120 1111 1181 1967 2491 1537 2178 1181
2 796 2706
6 798 2358 1890 2660 822 2611
2 798 2660
3 806 1952 1786
4 811 2550 1626 3048
2 811 1626
10 813 1538 893 1272 2742 1734 2193 2107 2282 2742
2 813 1272
6 814 3104 3142 1057 3104 2671
4 817 2367 1616 1188
4 817 1616 3057 1119
10 820 2020 1990 1017 2820 1601 2325 1290 1041 2325
2 820 2820
3 822 951 2152
2 829 2574
2 833 1869
4 834 1289 1410 2836
2 834 989
3 834 3011 1009
5 841 3100 2567 1490 1207
2 841 1490
2 848 1587
2 859 1279
2 865 1391
16 866 1245 3077 1701 866 2639 1172 1264 2450 967 2783 984 2803 1315 2893 2803
5 867 1042 2605 1359 867
3 871 1648 2656
2 882 2246
9 883 1975 1536 2044 2445 2986 1326 1536 2951
2 883 2864
3 886 1201 2802
2 886 2025
4 891 2606 2655 1973
3 896 2400 1198
2 900 3102
2 900 3056
4 901 2996 2474 901
3 903 2601 1752
5 907 2052 2172 2856 907
2 910 2147
3 914 1117 2887
4 914 2086 1544 914
6 919 2814 2777 1895 1722 2153
2 919 1895
4 926 1614 2579 1871
2 926 2579
4 929 2252 3108 2130
2 929 3108
2 930 3040
3 930 1830 2672
3 933 2051 2241
2 933 1940
5 935 2073 3067 2166 935
2 951 3003
2 951 2915
3 958 1969 1961
2 960 2696
2 965 1899
6 966 1170 1874 3085 1812 966
2 967 1264
2 983 2209
6 985 1458 3066 2366 1832 985
7 990 2990 1396 990 2684 2527 1748
3 993 2122 2734
6 993 2377 2254 1438 1851 1556
2 995 1027
6 996 3132 3041 996 1699 2949
2 997 1514
6 999 3087 2487 1307 2262 1332
11 1000 1171 2334 2749 2386 1171 1541 2272 1339 1649 1541
2 1000 2476
2 1002 2633
2 1003 3126
5 1003 1387 1631 2042 1387
3 1011 1360 2921
2 1012 1981
7 1020 2678 2468 1348 2099 3101 2065
2 1020 2468
3 1029 1729 2538
6 1029 2918 2480 2318 2958 2480
3 1043 2857 1216
6 1043 1907 3119 1158 1891 1043
3 1047 2936 1410
2 1047 1289
7 1049 2897 1689 2321 2847 2575 2577
4 1049 1635 1209 1689
3 1051 2844 2740
4 1051 2588 2763 3084
2 1061 1088
8 1068 1337 2793 2531 2895 2070 2507 2531
3 1068 2551 2793
7 1070 2223 1413 2518 2587 1721 1413
2 1080 2861
2 1095 3025
2 1096 2456
3 1096 2056 3107
3 1096 2914 1507
3 1096 1144 1345
3 1100 2535 2605
2 1103 2371
6 1105 2720 2608 1440 1300 2608
2 1105 2935
2 1111 3045
3 1117 2731 2979
2 1134 2751
2 1144 2400
6 1145 1970 1711 2779 2966 1145
4 1161 2158 3006 1470
2 1161 3006
3 1170 2597 2591
3 1172 2110 2639
2 1172 2905
3 1173 2076 2366
5 1173 2215 2642 1590 2215
3 1176 2409 2937
2 1189 1720
2 1192 1373
2 1203 1820
5 1212 1251 2416 2565 1212
2 1214 2617
4 1241 2301 1915 3035
2 1241 1915
4 1247 1806 1292 2206
2 1248 2451
6 1255 2434 2712 3033 1386 1255
3 1260 2504 3088
6 1269 1604 2898 1861 3050 1269
2 1270 3127
5 1273 2805 2961 3022 2805
2 1284 1444
4 1285 2336 2298 1285
7 1286 2472 1508 1958 2085 2544 1508
3 1288 2866 2782
2 1288 3082
2 1294 2621
2 1296 2906
4 1297 2607 1755 1416
3 1299 1921 1412
3 1303 1453 3135
5 1306 2690 1620 1306 2910
3 1318 1640 2216
4 1318 2750 2555 1640
4 1325 2368 2523 2898
2 1325 2523
2 1329 1384
2 1333 2886
3 1338 3004 2666
3 1338 2356 2184
2 1340 2295
2 1348 1835
2 1352 2824
5 1352 2265 1547 1723 1371
2 1354 2745
2 1354 2869
2 1354 2768
6 1362 2111 2632 2956 1821 1362
2 1377 1658
5 1394 1935 2228 1394 2879
2 1395 2365
4 1395 3032 1600 1395
2 1404 1933
4 1407 2811 2058 1407
10 1421 2843 2363 1421 2069 2781 2149 2792 1495 2781
2 1421 2644
6 1422 2900 2669 2084 1422 3071
2 1448 2446
2 1448 2963
4 1460 1898 2356 2455
2 1461 2280
2 1461 2145
2 1464 2733
2 1478 1564
2 1484 2909
2 1484 2673
2 1488 2720
4 1496 2807 2354 2073
2 1496 2354
2 1500 2715
3 1519 2615 1604
2 1524 2339
5 1542 1942 2520 2382 1942
4 1572 2995 1892 3051
5 1583 1947 2122 3134 1583
2 1591 2561
2 1593 1608
4 1593 1655 2262 2774
2 1600 2571
2 1611 1636
2 1633 1691
2 1641 2439
2 1642 2059
4 1655 2521 2883 2304
2 1661 2918
2 1666 1790
2 1682 2193
2 1685 2142
2 1687 2275
3 1702 2046 2297
2 1719 2784
2 1723 2500
4 1764 2021 2744 3052
2 1780 2710
2 1780 1976
2 1795 2786
2 1796 1897
2 1797 1816
2 1797 3013
3 1837 2375 2249
2 1851 2254
2 1865 2076
3 1883 2332 2407
5 1916 2050 1956 2488 1916
2 1922 2664
2 1955 2725
3 1970 2815 2675
5 1997 2769 2420 2624 2837
2 2016 2757
2 2032 2575
2 2069 2111
3 2070 3067 2759
7 2093 2502 3146 2563 2093 2110 2872
2 2157 2612
3 2163 2274 3129
2 2172 2846
3 2197 3070 2874
2 2252 2337
2 2276 2741
2 2289 2397
2 2298 3138
2 2306 3034
2 2311 2873
3 2344 2944 2760
2 2377 2914
2 2416 2825
2 2443 3139
2 2535 2922
2 2545 2969
2 2562 3033
3 2586 2934 3030
3 2601 2885 2810
2 2730 3027
2 2737 3016
3 2752 2946 2867
2 2763 2844
2 2770 3067
2 2811 3077
