5000 174
172 1 2906 2188 4869 1305 2600 4269 1264 648 3660 4073 1756 3750 2032 4424 4110 4980 1234 1837 3964 1283 1698 4945 2600 4790 184 3672 2816 2462 526 4023 4265 4635 1312 3913 3974 4897 8 4076 2258 2964 4209 4668 1842 4738 1363 1376 3690 184 2902 559 1629 3065 150 3496 347 1481 2763 1656 453 4431 3251 4837 4590 1583 4207 3406 1292 1629 4730 1678 4839 2070 2519 2606 1265 4282 973 4337 2674 4360 3926 4203 854 1077 4324 4730 559 1236 2869 3525 3900 3725 4714 3085 4300 3382 877 1049 4534 2952 2876 4791 1236 2552 4374 4565 2507 4408 2702 1934 4970 4927 1590 60 2552 1661 5 3636 3405 345 2774 3655 1022 3480 1901 4033 935 1562 903 2563 2624 4041 3918 4593 1584 4101 3144 4733 1661 1757 1719 941 1804 3060 2416 18 507 3456 435 2884 4672 4670 2670 3024 4990 1757 1161 2451 2321 525 4302 3093 802 1032 3328 4598 4674 1937 4154 1161 1236
58 1 1619 2675 4119 4799 2665 3631 2965 1305 3118 3457 658 513 1070 410 1232 3426 765 1369 3070 2082 2002 1452 357 703 2733 3457 2364 1464 2993 2892 3565 1368 722 3474 4681 2364 3950 3482 2514 538 170 126 3148 2599 1815 1635 4574 3536 1187 2581 2791 2465 1345 2018 3848 3950 1305
60 2 2356 682 3757 2930 3097 1365 1543 1135 933 1034 45 1634 254 705 2327 3983 2050 3054 2694 1034 395 2850 4388 419 1263 3869 1994 4937 3581 2688 2418 2535 790 2548 3290 508 395 4517 2253 4926 1021 2466 1689 2937 3498 4002 667 599 3336 4517 1135 2622 894 1285 3173 1289 1660 2063 2
16 3 4740 2739 4838 1527 1466 2380 3187 2119 3959 1293 770 3787 3354 1019 3
16 4 1542 3011 3375 3427 4964 2202 4795 1177 278 2651 4338 1434 2949 3458 4
109 6 4522 4685 4031 3704 793 3729 1927 2802 2014 2811 252 3390 757 1615 767 4333 3002 563 3163 1426 1989 3448 4085 2026 2917 1695 1862 855 2929 290 2397 928 2087 2764 2326 1615 3333 4706 3902 2452 3891 32 48 3883 4659 3344 123 3830 4793 3205 2083 2635 2398 994 3333 610 322 1875 143 829 4415 2325 4185 3124 2898 93 2131 624 1507 389 2140 322 2213 1344 190 4238 2722 4490 2139 1922 4297 82 4020 1219 1319 2331 2213 984 3934 276 3786 3866 1675 239 1330 3888 3103 2901 2225 3084 4091 1632 400 1523 402 4029 984 322
112 6 4359 3145 2399 3390 1450 255 968 2980 2799 204 1121 332 4035 856 1148 3841 427 3151 2387 1477 1450 3333 4039 2550 906 1153 99 1514 4432 3152 279 3796 1965 4669 4916 4236 174 2227 897 1887 3182 4506 738 4458 2550 405 4146 2646 3149 4638 4113 4149 1915 132 3040 2252 1043 1329 4146 983 4983 3314 3306 4550 4938 3211 4470 2232 351 785 2111 1992 2735 2308 1250 983 3444 1672 1064 1673 2660 4515 4281 4898 3069 4894 3078 3676 2575 4200 868 1064 247 428 3447 3212 1500 3564 1004 3228 2311 3410 120 2017 1969 1335 2690 2907 3237 2706 428
129 7 1090 314 4042 2712 1971 2298 2422 2151 4040 4232 376 1520 2438 1015 3130 4764 1987 314 915 506 737 1333 1142 3189 1568 1109 2095 3871 17 754 2128 2738 4643 3414 3776 1220 3279 2492 2770 4566 737 108 3839 3241 2778 2299 2784 2358 3854 1398 505 4373 4090 4292 567 4953 3462 108 915 3204 592 1124 3519 1669 2474 1102 4045 617 4595 2767 4865 625 2685 1806 3184 218 1100 4567 3711 915 1174 3547 1720 476 1999 2587 1243 1940 1174 898 440 1515 3470 1373 4849 4183 4065 373 91 2607 4928 3068 4198 246 4329 3116 3874 789 440 34 898 4811 545 4750 2273 2994 2681 1642 2894 3188 413 626 4694 585 2348 4627 1390 898
39 7 50 3863 1725 4477 3584 2372 3543 1541 4147 3882 4466 1090 3123 19 197 2333 1381 4675 4848 2456 673 2969 603 330 1614 3640 4112 997 1976 4139 3808 2698 2808 759 3879 666 3123 314
46 9 2270 4218 482 1387 3193 2954 2417 4157 4174 1793 1884 1743 546 3284 3392 4981 4781 3508 3570 4755 2724 451 847 2703 3608 2615 3857 1743 142 2221 1290 343 2592 3041 3923 221 2460 993 3356 3782 612 1424 4767 492 142
66 9 4961 318 4145 1609 3689 4120 1793 811 4315 4001 4707 4625 577 3021 1703 795 2402 3162 2630 4453 310 4939 3583 1116 4407 4315 4377 2168 3622 2561 1404 4314 2430 1906 859 4289 3744 1432 3524 4377 2711 114 1149 1106 1801 3977 4311 2040 3784 4046 3911 2711 811 4696 2988 3920 2473 3403 1694 2657 3577 1734 2004 1555 811
17 10 3203 1852 4556 1058 2905 4769 2118 4032 970 2640 493 4253 4019 2459 2556 10
15 11 4488 325 4044 3239 1730 660 4195 3277 3317 3459 804 121 2677 11
141 12 3086 3117 1139 2853 2594 4867 1099 1308 2390 2319 1125 2426 4499 3400 3008 234 3561 1627 3996 995 3537 2940 2228 4049 393 51 390 3367 2159 2557 350 910 4516 4546 3610 2502 1752 1799 3561 2172 309 1731 1693 3824 169 3366 1628 717 3859 3912 1447 2425 2955 1078 309 1268 2081 3018 1646 2363 3649 926 3423 3611 775 572 1831 2752 2755 4531 3113 3018 4794 3818 1332 2490 162 2207 4444 1372 2893 263 575 4794 4680 1577 2987 377 4079 1836 2259 1956 3028 3378 2057 4563 2217 619 712 2432 3027 1196 4079 2987 1759 4821 1018 4317 1154 383 647 3826 2528 594 1863 4437 930 2340 1408 1131 2987 2300 1586 3695 4633 3337 2012 3512 1474 1050 4982 2796 1870 3252 3489 2187 1104 1892 3134 2300
69 12 2931 234 4868 4687 1401 687 3703 676 2038 1486 3529 1821 3210 3598 990 3587 1237 3553 479 58 4279 1717 4650 1761 4016 1649 2453 4057 810 1355 2265 1502 687 1030 4854 1375 830 3836 3576 3331 4469 2814 2156 1638 1218 662 3490 4115 2918 4323 1366 1030 4868 2704 2195 1572 700 4604 3652 4691 3226 4197 4699 4753 4936 1473 107 4868
72 13 1479 1847 1362 1402 4756 4063 1307 489 3010 4270 3402 371 4709 2506 4956 2297 432 3758 509 4946 1422 2945 2555 1916 133 371 4231 43 147 3569 4370 280 3050 3698 1233 1549 449 2068 4231 1591 4380 104 286 2806 609 3238 3897 2846 4216 73 1189 4074 397 3939 907 1407 4133 2091 156 1591 4270 94 4609 3835 4264 4601 382 4405 1917 3985 13
158 14 29 4616 4545 2887 1274 4011 3196 1439 1025 3942 2518 3388 4807 1133 1946 1088 3345 54 3141 2094 4613 2953 944 4433 4482 4804 1551 2441 212 4037 307 3316 4286 3942 1037 4712 557 3319 710 229 62 3601 4096 3755 4592 182 1042 873 49 2143 2374 4880 3793 3612 1037 1985 4135 416 4158 3809 1062 3223 2564 2149 20 597 1467 4509 141 2058 4930 2079 4150 1528 2101 3697 3208 1328 3572 3741 4135 1742 1037 1278 942 2827 4177 232 1853 1712 1472 2613 1185 2436 1691 2134 3892 1317 2244 1573 942 2127 1531 1594 987 2995 2305 3174 1351 2810 3387 4055 4875 3769 2008 4561 4539 3833 2127 2821 4188 3726 4772 2936 3606 1749 4862 1557 1829 4972 2249 1767 1979 4010 1824 145 3887 1706 3545 3880 2821 2788 4626 3404 2618 1564 4724 958 3642 683 2391 2147 1758 2707 4465 2788 942
98 14 2208 845 4851 52 1352 1025 3057 1920 301 1913 4617 1623 370 912 2656 1997 3997 4212 681 2108 1631 4481 1681 3822 2727 301 3057 294 4009 4959 818 2530 4367 2824 78 1880 824 1014 3662 3057 4320 1659 2307 1606 1909 1171 2758 3283 1537 948 4193 2634 464 4441 1296 3827 4320 2593 56 4484 3973 1601 3551 2371 463 4109 2781 4326 3724 2593 1800 4963 441 1834 74 1866 3975 4988 1497 1800 3895 4445 3861 3691 3771 2546 3791 380 4600 3805 4402 922 378 1392 4321 4445 4320
30 15 3658 2963 3530 4911 1696 366 3801 4242 1382 316 1630 3800 3998 3472 1516 520 1478 4066 3908 3250 2235 713 1469 2977 2967 2198 2498 2236 15
61 16 4853 2201 1996 2353 3638 959 3471 4929 2053 4446 3645 3528 1174 4941 2845 3446 4018 2234 313 2332 870 3794 1410 4661 2007 4630 3102 920 2845 1023 835 4809 2932 2496 1802 2011 2848 2042 550 1566 4293 76 1023 4941 1534 3273 2427 3896 1524 2520 3132 3183 3325 2368 4689 1581 387 340 1485 4941
58 16 3215 1118 3718 3227 867 2216 3645 1680 2944 328 3128 85 79 1782 2413 3012 87 3905 129 1990 1544 1651 4787 3380 1521 4525 1921 1680 154 1885 3413 2106 1061 3628 4386 3343 708 2487 2655 154 1174 3432 2849 2713 267 2260 4245 3295 3823 3363 496 2065 171 2972 3727 4071 3432
43 21 1959 4805 4819 2558 2369 2423 622 1427 3633 4979 1604 3017 260 2678 3928 2312 2483 3449 850 2562 365 2055 2022 622 610 1336 1508 3168 3200 3542 4948 3966 3702 2349 4974 1741 4404 1080 4949 4569 3713 610
37 21 2230 946 3868 3509 3515 3710 233 3760 3260 2288 2086 4027 494 4695 2423 3333 1929 335 1298 210 1950 3311 3247 1356 2877 677 3820 1075 634 1012 4385 4555 2554 2185 335 3333
89 22 3626 4997 1868 1158 2281 4645 3917 1052 2536 1951 306 3960 1370 693 4471 4230 168 2092 1718 3286 4475 1003 925 4876 2173 3111 4368 4296 749 4844 3341 3109 881 1346 364 2928 925 913 4452 4068 4184 2482 3071 2110 3408 3058 3929 1074 3043 1918 2805 2832 2141 961 3514 1320 4785 2643 913 3507 3814 4554 3220 3595 4093 2205 1682 3970 549 1641 3507 3402 3347 2419 2926 1006 1302 1512 1115 3802 2117 4580 222 3597 1849 439 1688 3402
37 22 1745 4475 874 3747 1419 2911 2000 4559 2001 2044 1035 4476 3632 3605 1988 3229 3541 2504 3368 874 1003 4447 2338 704 1272 4528 1033 902 4070 2476 4780 2170 4782 657 4447 3507
30 23 4833 2807 643 3574 2744 1835 1449 3706 588 3625 659 1493 1657 497 1662 1522 4512 2133 3540 2509 424 3169 3158 1449 2744 1005 650 2991 23
177 24 4510 615 3875 2881 3980 3654 3104 2378 2324 2538 4072 2431 4117 3590 4291 2283 3875 4861 2084 4796 4817 2852 752 2275 4700 385 272 4048 4861 2971 3176 391 2732 980 399 3889 4345 4456 1654 4999 2971 3159 4423 4438 1811 1331 2365 972 2343 875 2218 1998 3646 1663 4097 1832 2306 796 4047 4256 4423 1963 3723 3712 4224 3042 285 1423 1228 4683 4836 2287 465 1841 1963 1904 2154 4943 2645 3135 2323 606 1254 3216 518 3684 302 1384 3259 152 3477 4478 92 2154 1840 4874 3301 965 4382 3953 911 4701 4366 2469 3946 3518 2549 3063 2396 4874 1779 3332 917 909 1748 3504 3133 4850 2407 1119 444 4086 2717 1643 3435 1552 3422 1808 1082 4860 1747 2589 4107 1207 3332 4886 1323 4000 1198 2203 1054 3269 4361 3374 249 3619 1947 2544 2495 2800 4859 4343 2215 1897 1072 4886 2642 2255 438 3780 2310 3429 2985 2245 2115 1197 4007 473 699 2913 4191 4152 139 728 2255 3332
33 24 4770 4535 3989 3294 1167 2455 1807 4235 2720 1764 2395 1854 3692 1776 1494 4389 3055 2663 24 2648 341 1105 130 1709 2973 1803 1489 317 536 2648 2987 4447
45 25 2992 3681 1269 4106 960 193 1492 3821 3399 4229 124 3678 3979 4664 4094 1230 4350 3440 4783 3156 4952 3759 2015 3627 2719 3264 794 4800 4654 2829 4229 1492 1482 2178 90 1386 4479 3105 2220 1465 3253 4259 4295 25
24 26 3644 3842 415 1737 3323 1276 3372 596 4457 2271 4527 4992 4454 3479 3621 1763 4998 3731 3754 4348 1912 2919 26
51 27 2009 540 2804 4275 4428 2192 2099 165 2272 1726 4510 1457 3039 1339 3439 2041 1964 238 1490 2444 3304 2212 2531 4678 819 3832 4128 4883 543 1457 2248 1203 1785 2246 1790 1690 1192 4241 4752 4176 670 590 2780 3248 4406 2623 2122 3032 2568 2248
73 27 1248 1702 2843 1172 3326 3639 735 4274 2334 1026 766 4510 3166 3941 4342 706 2527 2071 2470 2667 2069 3315 4667 4213 3166 4304 1780 744 3276 4538 3641 4344 1111 3254 3167 1723 3668 2489 4304 4832 3665 3272 2871 1123 771 2360 3845 4631 2457 1653 558 718 1245 2261 1246 4266 1322 2908 4832 2051 971 2522 4280 2023 208 3112 621 2061 2366 571 2051 3166
17 28 3004 2981 3353 884 4518 3851 3693 4775 4021 3034 918 4276 342 1818 4651 28
64 30 3675 4776 2067 4346 975 1087 136 1936 3499 4586 3563 3209 839 3620 3775 3313 3736 3045 2447 2313 1795 2820 2841 116 2757 1163 2777 436 4840 4189 4138 81 3045 832 3087 3140 2408 2113 651 458 3321 3666 2691 471 3503 3460 2748 1318 3023 1879 1593 4802 4492 3615 1415 3361 1076 3087 4233 3736 2382 3106 30
11 31 680 2632 2420 2437 1162 4331 779 2336 3444 31
41 33 3048 4375 2209 1957 3671 1095 581 2795 3958 1008 931 1772 3981 4743 1547 4223 2161 4414 3463 2036 3777 3671 2209 355 762 2700 1942 2723 2204 4636 3121 2033 1091 4852 3171 1559 216 849 355 3018
13 33 4658 3062 1519 2013 3207 1503 4305 4653 4521 2257 1902 2209
22 34 292 2957 2654 860 4612 42 4398 604 1013 2543 3233 1145 3146 37 3937 3520 822 2056 4354 2803 34
39 35 3792 2435 2193 4548 4741 669 1222 937 4577 551 437 888 2860 2547 1297 2186 1546 4914 1683 4219 1151 843 1781 4541 3486 3853 1313 4422 4621 311 836 3618 2611 4013 2442 1683 1546 35
43 36 1980 1972 1405 4421 2609 1592 4319 4162 3607 2074 2472 3500 4747 1744 3235 2751 4892 4568 3546 1844 3246 689 837 4288 2885 4529 2415 1027 2362 2226 1456 3607 4847 1529 3799 4162 4160 3978 1903 613 4028 36
16 38 866 110 1413 3342 2377 1157 1202 1582 2793 4734 721 2116 663 4104 38
20 39 2572 2661 3473 4940 852 4379 1068 1640 164 1538 69 3635 384 3329 3129 3391 2625 1848 39
20 40 2210 2294 2529 3074 3255 828 1110 477 633 1600 115 1962 869 354 403 4058 2279 3443 40
234 41 853 2768 4114 426 1556 914 4955 4257 3150 2345 2164 3797 3511 483 2731 2285 4934 2206 3591 4971 4788 1986 4803 709 2130 284 2725 3720 2264 4156 2847 1891 4052 4825 214 4682 1036 2206 4434 3716 4132 2540 1701 715 1065 4711 3369 3394 1878 4736 4067 149 2560 3847 3527 2027 3381 3773 1403 2920 834 4397 3716 4173 4283 3310 4962 3195 231 1845 3431 4341 3865 2815 2896 4227 1664 4530 4199 4283 618 1435 3592 2542 240 1533 1805 3412 4984 618 2304 556 3397 3789 2293 2950 2517 4026 4641 4872 895 2888 265 2629 474 3881 478 1475 4588 2304 407 3099 3029 1676 95 4652 4524 2352 2501 614 3533 1567 3816 3455 947 820 4136 841 602 4729 2766 773 95 4036 4663 4153 2296 2721 324 2983 1710 751 3059 4610 4006 2759 714 4083 3469 4036 1676 2610 4931 3549 2958 919 523 2021 674 2638 2196 4014 4879 630 1708 2785 3077 134 3365 1676 65 4864 352 1020 707 4190 2409 1281 4125 194 527 501 4726 1038 3425 1855 1650 65 4461 1814 3037 4902 1324 1429 2062 791 4976 4866 2676 4887 1193 2579 455 3550 720 1470 4260 848 2948 1768 4461 3029 4751 2696 1728 4536 1510 879 3289 1605 386 786 230 128 4632 2573 763 4356 533 4660 3876 1112 3029
62 41 4704 4573 4934 2251 2367 774 2976 923 2960 3324 2761 2477 2219 3083 213 586 2160 305 421 2251 2389 4935 1155 4467 2904 4349 3772 510 4519 4301 3067 1097 3202 1984 2943 2389 3992 1448 3358 3604 2794 4059 2077 3257 2633 3450 2775 100 1766 905 4814 2229 4878 2076 3357 4763 1833 3115 3033 3992 2206
15 44 2649 1926 1394 1455 3944 3798 1127 4677 2043 2616 2545 113 1357 44
19 46 1260 1974 4905 2851 4679 1991 2284 4233 486 1919 2978 4975 4620 3955 3659 4508 1342 46
94 47 495 1501 661 4340 1278 1674 2525 1421 3588 4486 3932 1134 1692 1598 4243 3299 3125 273 4371 986 4722 2941 4543 3728 381 1278 3682 4831 3232 3256 4436 336 2282 1753 4494 1954 963 3417 4143 3682 452 4705 96 2078 3452 4426 3218 228 2565 2200 223 3438 2990 4008 2730 3335 607 452 1597 3682 4039 1278 2686 4906 161 275 1699 1059 2857 1084 4381 429 696 1867 939 4906 4340 4829 2856 555 3947 711 2532 3531 3650 1608 3707 3478 1249 4462 4841 1258 47
20 53 1817 2224 1063 2182 1666 1714 1301 3623 3234 4192 3770 4038 251 1418 777 2478 2081 3280 53
49 55 2429 3433 702 1152 537 2672 2446 4459 1860 1170 4918 3683 1889 4248 125 4246 202 2631 372 2672 282 4485 2553 84 601 2138 4409 992 4665 3376 3885 4496 2641 319 2511 2576 4336 282 537 832 1179 2440 236 1122 4923 4846 2005 832
102 55 4589 2098 151 3420 537 3559 821 691 472 4842 3165 207 1227 3870 1286 821 2981 1738 487 2445 4702 3972 3056 2184 3573 2137 185 3309 2135 2825 1588 976 4364 3738 1738 3559 1040 2771 4904 337 989 4673 2410 1618 1011 1856 1195 2933 89 2280 3630 2687 642 2834 3559 4715 4249 475 1438 4553 3922 514 1175 3419 3385 1311 160 4249 167 2059 200 3532 1089 4334 813 3006 3968 3600 2776 4986 1679 1000 3318 1056 4003 3674 2533 2754 1789 2059 4715 83 3224 2075 561 1215 4234 3739 4578 3096 4715
74 57 4933 434 4175 3938 97 4608 956 3076 2598 4907 2146 3108 4419 678 3557 2886 3338 1310 4126 3236 356 2318 3938 3467 1048 727 801 3080 4899 1120 1949 812 2384 2710 1797 4351 1190 1463 3467 392 1213 4362 1787 2373 3051 1894 1536 1047 4268 1184 4858 448 3415 799 522 1437 1787 392 3153 2125 2574 934 3948 109 2680 1713 739 1143 4034 544 2921 4077 392
22 57 3100 1596 408 1574 1259 574 297 2879 3906 985 4828 1079 3653 4827 3131 4022 2797 2925 4933 3467 3645
21 59 4392 665 2194 3579 635 4316 326 2580 1017 2912 2401 3951 3355 1874 2570 1822 4725 921 2242 59
55 61 1995 3297 3762 1483 4439 4186 3442 4812 2786 1610 4774 886 2054 4489 2823 2080 2818 1430 2243 1483 1117 1416 2831 470 1791 4443 3687 1977 4728 2662 4562 1288 4597 2237 4642 1416 115 2404 1117 2516 63 80 2765 4206 1169 287 4310 4427 4910 2728 1859 2142 1480 1117
37 61 4418 4137 2586 4108 353 582 3670 772 3779 723 3263 701 446 1210 172 2868 950 3297 864 299 4325 2734 3914 1309 2866 2923 2997 2412 565 2181 1156 2322 698 1389 3292 864
54 64 1576 598 1925 2673 2612 3373 4768 1454 1755 2392 215 3348 2659 3810 1300 2787 2461 3371 598 4252 4950 641 600 1871 808 4353 4220 1668 1379 519 2450 1031 70 2909 1624 4252 1576 4748 3352 1633 1420 998 753 632 2582 4425 2301 1094 4808 291 4991 224 64
17 66 4847 2163 3890 4247 4944 516 627 3708 3963 4318 1796 368 4826 2309 1944 66
16 67 4387 2354 2650 1686 3231 1002 4925 3679 2100 1907 220 562 2683 3154 67
19 68 2262 3624 1053 3160 431 4272 4713 205 2434 3178 1876 4180 3274 3261 4957 1136 3931 68
19 71 1459 4820 2817 2268 4005 2746 2376 719 4362 3501 1857 2104 4123 726 86 3101 528 71
21 72 283 420 4716 3768 264 2030 3026 3717 1436 2093 1597 1665 2174 4951 4526 4118 1284 4778 1684 72
20 75 4298 568 1146 3155 2016 4024 2162 1884 1558 2716 1652 3812 359 825 4644 3663 135 3688 75
17 77 1570 4815 1388 3862 2302 3952 1029 2647 842 1468 2031 2588 2177 4299 4889 2051
24 77 3696 742 2121 2639 2588 2580 4889 2155 2671 3296 4657 3957 2835 3788 2865 672 4857 1495 1327 1103 1443 4727 4889
19 88 4166 177 1371 2339 2975 1721 1428 3743 219 3821 321 532 1291 4449 4164 4917 2854 88
22 98 2169 2096 3488 4025 4464 3753 974 2986 1777 329 2567 4723 274 4155 1526 4977 3987 2619 2263 2916 98
24 101 1952 2903 137 334 1451 4148 780 2742 4170 4273 579 3320 4263 3701 3454 1306 2642 414 4754 1484 3476 4228 101
66 102 1247 3732 2346 3513 2064 4420 1670 4958 2107 3383 1206 4845 243 3143 1545 2559 4393 750 2551 2394 3091 1505 4973 4749 4355 1621 2481 3886 3110 1206 173 1460 3764 3492 697 360 517 800 2684 3844 4308 3521 953 127 4587 173 3384 4369 4168 4789 2405 4015 3095 1935 1716 1888 4163 187 3384 2107 2406 2914 2596 3340 102
23 103 1839 637 747 1928 1453 3765 2812 2350 506 4309 1147 3956 1724 1431 181 1458 339 2175 548 2103 3020 103
44 105 3593 3396 4893 1810 3962 1071 3379 1325 3829 3803 4502 1882 4996 3919 1164 2028 4178 423 2935 1788 4913 1051 499 3225 1377 2844 3377 480 4985 1071 113 1982 320 3962 979 1046 1611 838 1491 827 1511 2330 105
74 106 4656 2278 3138 4599 640 3262 2627 4603 4468 1715 245 2424 2682 3522 4205 1707 1704 3267 2783 4339 1173 1517 4030 430 1637 4549 447 1939 542 2693 2428 3386 2708 1607 4339 1144 2191 3538 4480 2019 225 2669 1771 4500 4564 982 1445 1910 584 1144 2132 3751 3910 861 296 4779 560 2541 4383 4810 564 4201 4172 3813 1194 1798 2222 3416 1658 1393 3751 1144 3231
88 106 2505 3616 3221 2783 1532 2861 1358 3098 398 2922 2211 270 3599 401 844 4993 259 2838 4649 578 4732 4646 3016 3275 3094 620 3430 679 1532 4671 2277 3298 2891 4843 1160 2617 2480 1107 1931 554 4585 209 4122 1639 4671 1276 367 1778 1128 1589 807 1843 4885 1073 4891 1092 952 375 3535 166 3242 3487 2105 2006 367 4690 4922 3904 3001 1722 3555 524 1825 2274 1886 2875 1462 2464 2289 191 4822 211 488 2979 1655 4690 4671
61 111 2996 4050 175 1041 1395 896 3858 3222 1412 3680 2826 2569 2840 3047 434 3517 1911 442 655 4327 1238 1083 1786 3461 4332 2129 434 199 3925 4099 1783 3139 1571 2247 2595 258 4684 303 1441 2494 2539 3072 199 3401 2946 2760 3699 1425 1209 4801 3161 4455 2585 409 2010 4411 3401 883 3047 111
17 112 608 2361 2740 3268 3740 189 761 4511 2089 4365 2890 2411 1672 3582 2329 112
69 117 4532 4081 4520 4303 872 4742 1009 4540 2024 826 1255 4605 969 2782 1697 2819 692 2072 3877 3629 498 1983 338 3993 4255 4313 2035 1199 3534 2652 3643 2072 2897 4322 3903 1211 1007 4061 4739 2337 4513 988 1993 1411 2859 4967 1242 2148 2341 816 2897 2793 4306 1762 638 1315 654 2385 530 1400 2855 503 461 3147 237 4306 3178 2072
24 117 692 3159 192 4896 4215 833 1625 2982 1518 1896 2790 2872 3370 1617 481 3580 3878 3715 3766 4284 4222 1504 3159
16 118 4818 3291 764 776 4835 4410 615 1028 4450 158 4760 3915 1967 3965 118
53 119 3722 901 2039 4258 2842 3389 1141 4932 4624 235 3867 3539 4335 3817 331 3505 3197 2254 3984 1277 4637 3898 1754 3523 300 2152 2381 3330 3677 2515 3142 2889 226 1883 1208 3984 1982 3465 3281 3079 4758 2231 4881 4442 425 344 2653 198 4912 2938 3351 1982
3 119 2254 4229
85 122 3288 4947 3044 783 3217 4069 957 196 3667 4745 2873 4903 4619 2571 4435 281 3305 4051 4582 2695 748 1347 3175 999 4721 4240 4915 4856 3785 3466 2214 3305 644 1354 3061 1487 369 806 2605 2526 2692 3909 3485 4017 2874 257 4719 644 3214 4416 1930 3441 358 2769 2486 4614 394 1275 3589 2269 3270 445 3686 3003 3214 159 201 3181 1045 269 3554 2375 2158 1587 3491 4877 1444 2566 3120 3192 962 2383 2577 159
5 122 2176 281 3214 1278
13 131 2743 787 3562 2715 1261 1256 1840 4766 3395 1188 4251 131
15 138 469 2999 4396 521 1851 1399 628 3860 646 3398 929 4687 664 138
13 140 2449 2286 2668 3528 1338 871 1271 2256 148 1334 3873 140
33 144 1751 1166 1055 4544 2303 3999 3568 924 1819 4792 605 3464 4237 746 3568 1086 4914 4208 4372 253 4503 1182 4095 4830 2601 1343 4798 3409 851 4914 3999 2672
13 144 1953 1241 2052 2475 1217 1383 467 3073 2088 3901 862 3999
52 146 2458 4628 534 4987 3806 2883 552 4429 3849 3986 788 2060 2862 1729 4895 1626 1961 1905 2479 3556 1221 3806 2701 2584 1348 887 4717 3795 1792 4194 782 2485 743 3038 2701 1861 308 4557 900 4307 553 346 1700 1137 4376 3312 3930 4622 3935 1861 1174
17 146 2145 195 4165 333 2467 4498 3907 1229 3694 3497 2123 1159 450 2636 4987 1861
17 153 3282 535 515 2239 1914 1316 1765 4111 3603 668 3009 3122 1687 1809 4639 153
20 155 2714 966 1671 4777 2503 757 3924 652 967 1191 1126 1685 406 3334 4417 1361 1057 1933 155
29 157 2750 890 277 695 1975 1367 4064 1321 3278 2966 1577 809 1201 4954 3969 991 2974 1085 1893 2090 1569 1823 4161 3075 4352 570 2697 1577
45 157 422 2344 511 1616 3179 1794 2351 2966 2150 2628 2729 2165 623 2144 792 1648 1364 163 2199 892 4103 4179 4483 2150 4680 4615 3245 4647 547 4744 814 4092 4088 2644 4463 4102 2025 1890 1924 4226 4786 4693 203 4680
12 167 3734 4134 2488 2136 2314 241 2315 4100 716 1130 167
2 173 1037
13 176 3899 3609 3746 500 1873 3046 3411 1010 4697 377 1812 176
16 178 1132 4965 1968 3493 3916 1750 206 485 3575 587 2404 4493 595 456 178
37 179 1613 4579 882 4116 4394 4378 2241 3249 1349 1612 1513 932 3451 4790 2967 2902 3327 4662 4890 3194 3293 3943 349 3302 4391 1645 256 4261 4181 4250 2959 951 4413 1496 3783 2902
8 179 725 4581 1816 4596 4813 4330 4790
13 180 2114 3258 3510 2626 1813 4043 3982 1295 3634 3349 2686 180
11 183 2048 4634 3714 2801 4129 3834 3856 1488 1268 4794
13 183 361 2747 4504 2798 2773 3749 741 1433 4127 404 3114 1268
22 186 4196 2792 2359 3558 3921 1406 1353 732 4262 805 3206 320 3362 3015 2468 566 593 3742 3526 1727 186
16 188 1966 1877 4171 656 4921 2124 3271 460 2335 2927 675 1509 3756 2726 188
15 217 1858 3201 2109 2400 3762 3243 3825 1214 3578 1599 2240 1239 512 217
45 227 3418 3199 781 2510 1098 3594 4919 4012 1553 4080 3035 1540 4054 1067 4823 4497 3444 247 876 4214 2900 4816 2608 2737 3213 2833 1900 2233 4666 2223 798 1620 1267 1578 1498 3700 1001 631 2403 880 3552 1960 247 2600
21 227 4497 4901 1385 1273 4900 3436 1579 3453 4797 3761 1850 3285 3843 1244 491 4686 3894 2813 2664 4901
2 234 309
18 242 3651 1580 2779 3864 1827 4204 4607 1205 4870 4395 684 2947 2066 348 4888 4039 242
13 244 374 4491 4130 3895 4708 2448 4507 1461 1287 797 362 244
21 248 3350 3838 2934 1266 1240 2171 1958 411 3763 4053 1129 569 2534 4575 293 2433 4718 639 2132 248
15 250 3495 3300 1733 2951 1957 1181 2166 1973 3566 1978 2989 981 653 250
19 261 1299 1186 4537 559 1575 2537 2578 4978 4254 4403 1303 4611 1093 1774 4277 2880 1016 261
17 262 1476 2822 484 2590 1760 1380 3481 3735 3893 1732 4871 2003 3828 315 1742 262
45 266 916 2745 1081 1561 1024 1391 3308 3052 4737 1417 1740 3840 1304 4399 1150 3346 2266 2179 1830 3127 2749 3846 977 4278 363 4430 4056 1252 2388 730 312 803 589 2789 4448 1830 515 2266 2878 4692 964 2523 1560 266
23 268 4761 740 1212 3544 768 3774 1114 3967 295 3752 2970 3359 2029 1359 1069 1108 3092 531 2499 2320 1176 268
21 271 3748 4746 3240 4765 2126 4290 2968 2497 3089 2047 3019 4989 927 1446 4347 1904 3421 1739 3807 271
18 288 1525 3502 3307 2112 883 466 2189 1314 2521 2741 1548 3837 573 1784 1550 396 288
19 289 4969 4703 2689 1235 649 4591 3811 3494 4784 4124 2471 4384 3855 1955 1223 504 2179 289
18 298 2190 2180 323 1019 3544 4964 323 3393 3767 1282 3804 629 755 2097 1216 2102 298
15 304 2839 858 3049 2882 3940 1920 3831 3988 3287 4762 3936 3407 2858 304
20 327 433 1595 4863 3976 3819 2614 1746 1471 2895 2699 2347 2292 2736 1270 4412 4623 2153 3994 327
25 329 1793 1096 2583 4655 3664 4358 2961 731 4187 3119 936 2508 1736 4640 2863 3137 1585 636 4287 4676 1530 734 1981 1096
24 329 1848 3000 3850 4995 3884 1183 4873 2370 1165 4759 4140 1775 2439 4312 2679 4594 1341 3082 3172 4328 3000 1793 1743
3 335 3297 1483
18 371 3799 1838 3719 3339 3164 1442 2864 3475 2603 418 2705 3191 576 945 1060 2602 3799
13 379 4267 3790 4882 1872 1213 2355 3031 1340 1225 1908 1820 379
13 388 4363 1898 3364 2421 840 815 2316 611 2910 1401 4217 388
17 405 817 2034 3186 468 2718 4994 1360 1773 4087 4966 3656 4731 1667 3007 4167 405
13 407 3669 4560 2621 2513 955 1279 2046 1138 4551 690 443 407
17 412 3721 4121 3081 2238 3852 4523 733 4401 671 4757 4773 1735 2491 1506 3180 412
9 417 1200 694 2837 3613 1499 3230 1929 515
11 417 2443 2753 4202 4688 904 1409 2276 4629 4473 1929
12 454 954 3434 4105 1086 457 1943 2512 3036 4144 4495 454
19 459 1378 2073 3136 4131 1257 933 4909 3322 1101 4533 3506 3014 769 1280 760 878 4159 459
18 462 3548 949 3066 4618 1226 736 4221 1923 4141 3971 3781 2386 2867 889 4558 3099 4283
3 462 756 3099
19 490 2658 1204 1644 5000 1835 1864 1168 823 3303 1770 529 3025 4908 1622 4542 3484 4142 490
11 502 4060 3005 831 3064 3560 1941 3013 1003 2250 502
2 506 1738
21 539 1779 4570 645 978 1224 4834 2484 3709 3778 1350 4735 1251 1711 4920 1294 938 541 3177 2500 539
36 580 4084 1970 4924 2120 2049 1945 3088 4400 1535 4863 4211 1636 4440 3872 3954 1647 3107 1865 3126 2984 2045 4285 2197 4211 1535 4098 2709 3185 2836 758 3949 1397 1253 1440 580
14 583 2597 846 3266 1985 2830 3661 2267 3933 4771 2939 2756 4487 583
14 591 4514 4451 3602 1602 3170 3705 724 3516 2317 4390 1529 4648 591
7 616 2962 729 943 4806 1262 1090
8 616 3657 2037 784 2620 1769 3586 1262
20 685 2085 4239 899 4062 1374 2666 1178 3468 3053 3219 1554 4182 908 3157 4572 1140 2291 2328 685
19 686 2524 4606 4698 1826 2809 4583 4225 2020 2463 2183 2393 1044 2956 4584 4547 3673 3995 686
15 688 4244 3399 1948 778 1881 3737 1337 3617 1039 3030 3198 1846 4472 688
2 692 1449
3 737 4510 4861
16 745 1563 3445 2899 3360 2591 4474 4501 4855 3585 2870 1180 3437 3118 1414 745
22 857 891 3961 3637 4434 2640 4239 4173 1066 3244 4571 3596 4357 1396 3733 3483 1828 4210 2379 3730 2414 4173
5 857 4004 1603 4078 4434
14 863 2828 4460 3945 996 2998 893 3815 4576 4075 4169 3614 3022 863
8 865 4175 1565 1539 3424 3927 4884 865
2 874 1576
16 885 3745 4602 4710 3090 1326 4294 3648 2493 2762 1899 2172 3991 2167 4720 885
13 940 2924 3265 2177 4151 3571 3685 1938 2772 4082 2357 4552 940
3 983 4339 2254
2 983 2550
2 1003 3000
3 1025 2491 3942
2 1034 2788
14 1113 2290 2454 3567 4271 2342 2295 3990 2942 3428 3383 1705 2915 1113
18 1231 4942 2637 4968 4089 1932 4824 3190 1869 1895 1677 3647 2604 4299 4960 4505 2157 1231
2 1450 3544
3 1457 2648 3992
2 1532 3984
2 1779 2154
2 1904 2971
4 2927 4547 3682 2987
4 2927 3815 4488 3682
2 3123 4211
