3228 577
27 1 1544 3151 2772 1176 3138 772 83 1722 1 2142 1513 2762 1900 1219 1200 2343 2811 205 1634 3022 2483 3064 432 1141 2993 2483
10 2 2450 1461 1100 32 2 496 2230 2785 496
11 3 236 1971 3192 822 55 2862 2007 825 2886 3192
25 3 1689 2183 2271 1923 2834 346 2236 1574 227 1621 2308 1937 1574 2183 2131 365 2942 1252 654 63 2238 1078 3012 2131
12 4 2147 2111 1440 2613 24 956 2625 744 3121 1658 2147
18 4 2725 945 1813 799 1711 1857 928 1755 508 3018 163 1851 2016 828 1543 3061 163
3 4 879 928
17 4 3079 2344 3071 2001 2520 1699 2289 2385 781 1338 1045 1833 2045 2248 2603 1699
11 5 2533 319 1695 2489 726 2149 1693 1410 390 5
27 6 2954 2665 6 2280 2374 3126 636 2505 2928 3214 3056 3005 425 1103 1650 66 1285 643 1237 867 2512 354 1130 1650 2345 3005
9 7 1965 973 1734 1545 1295 2662 1434 7
22 8 324 509 2538 1016 1323 8 681 2645 1107 1214 878 2276 3045 298 2774 1279 1374 1418 2668 213 878
14 8 387 811 2403 11 1077 2498 639 2441 618 488 3008 979 11
10 9 835 2568 2816 2617 349 3181 176 1089 9
15 10 2481 3178 2842 751 1074 1954 1521 274 856 1258 1955 292 1745 751
20 10 1192 845 800 3025 2365 2878 367 1740 1908 1947 3122 547 2094 1981 3048 143 1740 2351 367
10 12 2615 1515 666 614 1240 2339 1276 595 1515
4 12 215 194 2615
22 13 1786 3139 3019 13 2225 995 2879 2876 1193 2198 1772 2449 2465 1604 2327 2687 2672 433 1094 1457 2449
18 14 2075 210 1771 1097 51 2278 764 2064 162 3209 2841 2534 3209 1097 2507 2391 1097
16 14 575 1906 1993 2247 2357 502 541 38 1349 3115 2743 74 3124 534 3115
34 15 1059 316 70 2574 2633 2610 2920 2765 1761 2143 3150 2898 3114 164 2992 3072 1489 790 2509 1715 368 3114 2175 396 3052 2433 2034 1767 672 2847 1125 706 2175
6 15 1336 455 1065 652 1059
10 16 1266 3026 3220 2547 674 1032 2263 2570 16
7 17 1606 886 350 275 1423 17
15 18 482 1637 844 512 1005 1434 1741 307 1814 2891 768 416 419 1434
4 18 1390 2523 1005
7 19 728 1186 708 1042 851 19
13 20 520 1317 249 2084 994 413 2598 2860 1472 981 2683 1472
2 20 994
11 21 1405 3130 977 2176 1453 2393 369 1385 1090 21
20 22 364 1398 752 880 1868 1670 1270 2766 2984 3013 2085 1197 1510 2987 172 983 1253 1589 3013
9 22 2519 1994 448 1188 1233 1944 620 22
12 23 2799 36 41 908 2804 2739 1411 2981 715 1943 2804
11 23 557 1047 2896 3147 2905 1307 2551 2788 2822 23
18 25 2025 2134 2382 2172 634 2609 2382 1289 2960 2806 1592 3163 263 1701 2640 295 1289
9 25 2778 841 2334 1337 1002 1597 405 25
11 26 2032 2387 2003 1378 2387 1377 2082 2696 1073 1377
7 26 2390 2119 1967 2116 1687 2032
14 27 2106 3226 966 597 650 1181 570 1156 2048 185 289 2596 185
10 27 1181 1300 2795 2314 411 593 1104 119 1300
25 28 580 2542 2602 577 297 961 2322 28 554 457 938 2107 1055 808 554 1250 1970 2431 1444 1656 568 271 2685 554
11 29 372 415 2599 1916 3185 573 3014 1470 2601 29
11 30 96 208 1222 102 2826 883 237 1138 1238 30
10 31 1710 398 1426 2522 1057 2399 378 803 31
22 32 1310 247 2888 1092 1356 3228 2562 2279 932 2383 742 1768 2563 397 2244 999 3089 738 2561 2303 3089
6 33 486 978 1748 545 33
14 34 437 3207 1182 498 1963 2491 628 3030 862 542 2933 2171 1182
14 34 1611 933 1468 204 2698 1530 1828 3207 1707 2917 1728 3046 1707
12 35 114 1048 785 1667 1191 1746 2174 2354 2716 950 2174
4 35 2103 168 1746
3 37 450 1349
3 37 1157 1993
8 39 2922 193 921 3059 2047 1127 39
8 40 774 924 3091 1982 2751 1346 40
8 42 550 1951 2940 2428 1549 2077 42
13 43 2504 423 1273 2746 3093 916 3135 2138 870 1050 2138 916
14 43 1987 1635 430 1081 3165 2820 1281 304 2128 1861 1263 2621 2820
14 44 150 767 2951 2239 927 2791 2164 992 1044 627 1596 1082 2791
2 44 927
17 45 587 2678 1928 1232 2264 2213 1914 2108 2833 1811 207 1642 3021 953 2364 207
9 45 1959 1106 2133 2675 1344 1571 1550 1959
2 45 1181
14 46 3070 2405 710 253 2141 1890 3028 1564 1465 3132 2180 2000 1465
2 46 710
29 47 345 1121 1940 2261 1165 1185 971 1145 3208 1477 795 2868 2435 2827 773 2710 558 3006 2410 1006 2709 458 1172 3143 910 1006 965 558
7 47 1448 2124 1124 1351 3194 2261
16 48 2264 2515 2087 3084 941 2436 1012 588 2130 2889 1557 2269 1824 729 2436
10 48 954 2597 3066 2031 2629 2264 2087 442 941
24 49 3155 2711 196 2607 1649 2232 386 839 1553 1160 1664 874 499 2093 1358 1765 2616 1739 449 342 56 1111 2093
25 49 380 2622 2120 2952 1873 2095 2386 2711 1483 2753 217 2658 323 217 3102 1403 2904 1471 1760 857 2636 243 1737 3102
17 50 478 1756 1268 1896 2966 962 2445 135 86 2333 1126 3164 2594 1297 1334 962
5 50 3175 1989 1915 1268
7 52 1802 2492 1321 3054 853 52
15 53 1478 1875 2018 1325 1704 2470 1758 861 2996 2192 1882 937 970 861
10 53 2426 2018 518 1961 2062 65 1629 2318 275
21 54 107 718 1061 152 1091 2480 2908 576 1069 2566 896 1432 152 1004 511 746 2413 260 1998 718
20 54 1027 1554 421 1556 1881 3152 1899 2340 2659 2193 1747 1932 2532 2756 339 2556 2282 566 1932
5 57 1190 3067 1533 57
4 58 325 830 58
19 59 1546 2650 821 1862 428 1536 1575 1519 2096 2349 78 655 2693 2349 1114 2320 283 1114
7 59 1029 665 1759 189 3183 821
19 60 1247 1834 2228 2965 99 864 60 1789 559 2173 1675 2474 2224 3171 2379 2136 3090 1675
13 61 946 1062 1286 2353 2912 2156 888 2336 3225 1724 1070 1062
14 61 2408 340 3063 2472 3176 2466 1503 1871 2907 195 2576 1671 2472
7 62 1630 2457 2029 2455 62 1756
6 64 863 1753 173 1800 811
7 64 3043 377 1917 1822 3145 1800
11 65 170 2714 1714 94 657 2971 2729 1394 1442 170
17 67 1099 462 2293 2478 187 3224 2121 3174 2781 1109 2335 3224 1703 2057 802 1703
2 67 187
10 68 2682 355 659 2218 1298 461 147 2677 68
7 69 2801 2394 1037 1459 472 2683
3 69 1322 2394
11 71 1992 1879 703 682 454 869 1633 1844 1682 71
3 72 2817 1016
6 72 673 1567 2845 1449 673
11 72 2916 464 2404 1084 1495 2144 1110 2402 2983 2916
18 72 779 1867 2572 3041 101 749 2817 1225 1424 1316 2793 1149 2028 603 1884 873 2817
17 73 2719 2155 1560 3081 120 1227 1726 1098 2995 1134 632 497 153 399 648 1726
15 73 362 1625 1417 1227 2069 1128 662 2423 234 420 1046 1690 2272 2069
17 75 2839 495 2738 948 3095 692 3004 2258 2081 2731 563 1677 805 2856 567 2258
2 75 3004
12 76 3011 3103 149 226 832 2959 2115 2885 2080 826 3103
8 76 166 138 754 2101 1848 1436 3011
14 77 290 1960 1958 2419 115 608 1929 2242 968 2369 3205 141 1958
8 77 756 1366 2773 2398 2580 1934 2773
8 77 1093 2071 2033 1757 1437 2246 1093
5 79 1784 2769 2848 1784
9 79 1787 2460 2911 958 3088 2067 1587 3088
9 79 3216 2447 582 412 182 591 700 2460
20 80 1015 2591 1052 1651 82 2887 1009 2864 2667 2187 1324 2790 1497 1523 219 819 2732 815 1324
3 80 214 2864
7 81 3027 3041 1133 2695 2448 1133
22 81 1594 1540 1827 409 1531 1451 1538 2495 1540 898 801 1705 2347 707 2962 3116 2642 2401 2368 807 1705
7 84 2471 183 1474 741 540 84
9 85 3074 225 2789 2638 145 285 1754 225
10 85 3112 3131 3129 993 2980 623 3039 1569 3129
8 87 434 1644 1306 232 1872 2821 87
8 88 1517 3060 2948 1486 1610 422 88
8 89 619 1939 2222 1000 701 1034 1000
3 89 2417 619
12 90 2051 1255 2870 2529 2367 2634 281 1066 1239 3097 1255
10 90 2257 2759 2443 2331 1804 975 407 2927 2051
5 91 892 3213 2502 91
17 92 905 784 403 2200 824 663 513 3148 1969 2370 2079 331 1135 1508 736 1135
5 92 2307 2169 513 1881
11 93 2268 2150 1476 585 1020 1054 2872 2654 763 93
9 95 1388 2573 1624 696 1288 310 2397 95
14 97 2373 3144 748 1945 1902 2015 320 1226 713 1319 2761 2544 320
14 97 1283 393 1361 709 3101 146 2283 1783 2857 940 895 2975 1361
10 98 2350 3075 130 2427 2707 1506 1391 2497 2280
4 98 2949 481 2427
8 100 1277 676 533 2337 485 504 2337
16 100 564 1850 2429 1570 2325 676 169 352 757 3158 1505 2897 859 3069 533
7 102 1180 2539 3126 2737 2531 2707
11 103 338 171 3219 1039 2724 2792 935 1774 2129 103
17 104 1806 646 2235 2323 1990 2875 1282 3085 735 2411 2863 2945 2159 1287 1853 3085
2 104 1282
5 105 1736 3187 1168 105
8 106 612 2559 1473 1807 2464 1702 106
4 107 1153 884 1027
21 108 989 1155 1087 804 2008 1452 2555 936 431 2473 1068 2575 1744 2543 2555 589 1727 1676 452 2225
2 108 589
8 109 151 2389 1869 2005 1527 812 109
10 110 2744 1007 798 2366 2546 2487 1220 110 2228
19 111 2926 2803 273 982 2195 2355 1750 750 2378 2752 3203 2184 224 516 581 3015 951 516
5 111 2139 2006 2932 2355
32 112 440 789 1261 1956 525 296 2549 112 2324 1797 1731 560 1818 788 2713 2524 2955 734 2083 1169 303 2361 503 3186 831 538 661 2521 2292 1041 503
15 113 949 2274 1435 1948 3031 1887 2514 3042 535 939 1248 2873 2767 3042
4 113 3062 3210 3031
5 116 451 569 2250 116
14 117 122 1179 1627 3009 2328 920 626 775 3128 1829 1166 1885 775
2 117 626
10 118 2296 1049 2076 3098 395 1421 3016 322 118
15 120 1886 2689 2734 2507 1548 698 615 2811 530 3215 1446 3223 402 530
36 121 1076 1416 474 1583 2052 1996 2918 943 1805 2595 129 1793 470 1896 1830 2966 891 1406 2716 144 1615 820 522 2237 1280 2281 720 216 2871 1071 3033 1395 1599 2493 2281
2 121 943
6 123 1376 489 1562 885 123
2 124 1046
9 124 1171 444 837 617 3053 2866 2503 124
9 125 823 2579 1659 901 1893 2312 1950 1893
7 125 2189 1681 1511 2998 1331 171
6 125 901 753 2823 235 753
22 126 1223 506 2377 3202 3058 3092 809 2409 818 660 1970 2836 2089 2126 245 1673 1613 2590 778 957 1673
7 126 2691 2930 506 491 551 3058
8 127 2586 723 1862 1635 762 3007 2096
5 127 3038 2977 381 723
8 128 2295 1997 1251 341 1539 2157 1997
8 128 3055 2783 524 1123 2148 1876 2783
2 129 823
18 131 2179 1918 521 1845 1578 2415 3068 404 2009 2259 510 1647 2482 3198 586 918 3068
8 131 704 1669 890 2808 3032 400 1918
10 132 1343 2867 2760 2979 907 523 2161 594 132
6 133 357 418 1935 3037 2141
22 133 1935 2986 1683 1547 2903 2199 2986 1623 743 265 1386 914 2969 2342 1898 1203 2038 810 259 2117 810
12 134 689 1930 1512 2037 737 2623 1585 1278 644 2422 2037
13 134 2118 1475 849 2146 972 1864 1696 1143 1159 3049 546 972
24 136 2950 3170 871 2581 1129 272 2535 3020 571 429 2581 1366 290 2813 714 2925 2476 2088 1354 1588 1379 2058 2813
6 136 2191 2881 2254 157 790
13 136 2809 161 492 1383 246 871 2838 1926 1330 2182 3190 1926
2 137 2025
7 137 1980 240 838 361 688 1153
24 139 675 3104 139 1241 2440 2819 2245 514 1327 2913 1218 1591 1852 3123 1672 3154 2715 279 2054 500 2346 793 1672
15 140 1292 944 959 1347 1835 2395 3073 1201 2291 2022 2807 1101 3119 2807
3 140 2049 3073
10 142 967 1072 1563 1991 343 2780 2929 1013 142
5 144 2802 1305 1481 1280
13 148 326 244 1953 3100 1985 669 638 1086 326 2470 1214 1939
6 148 2475 2671 2500 868 326
12 150 2298 647 483 2407 2587 2097 1641 1733 2024 2070 2587
16 154 2125 487 2468 2914 2855 1431 1492 1001 1060 2268 1894 1841 1485 1119 1492
10 154 1018 376 3184 487 2328 231 776 2438 231
5 155 2851 2421 2814 2138
2 155 2814
11 156 1966 1412 1431 1236 2459 645 3040 2653 1019 3040
20 156 872 2252 414 645 1719 1393 313 1243 2215 233 712 286 2454 314 2315 2437 722 2674 712
3 157 2730 196
26 158 840 2618 2639 2646 1815 529 1117 3218 2944 1211 2413 340 3076 1921 1500 2588 401 2571 3212 2181 1855 1340 2012 2588 3076
6 158 1353 671 2400 1874 2646
27 159 2039 2090 424 685 159 2344 2972 1204 336 1150 2883 2997 1973 3127 791 467 2990 2311 925 684 1823 1524 1230 1859 925 791
17 160 3153 1668 2641 3227 220 1933 257 1257 277 531 494 2582 1655 1179 1112 2582
9 160 1924 2874 2635 829 211 719 1480 3153
2 164 281
14 165 379 2414 165 2104 190 251 1389 3051 394 1978 2412 1033 2104
7 167 911 3189 2937 1326 2073 911
11 167 1441 964 2158 1463 1968 2882 1404 1397 392 167
16 174 2059 548 606 2899 3137 2461 2040 565 174 2812 592 264 1842 2002 2812
11 175 1817 1528 1541 2624 1738 2216 2530 1526 1643 175
10 176 947 1713 952 955 427 3096 1654 2704 947
11 177 3083 1294 1367 1355 3141 2196 960 312 1224 177
12 178 2485 2207 770 1244 2569 2212 344 858 570 2048 920
6 178 2207 2166 562 3113 2166
9 179 1964 1619 631 1694 528 3156 1763 179
9 180 865 2310 1067 1419 2758 2479 1579 2310
5 180 667 1213 2027 180
11 181 262 930 2722 479 1199 2396 1901 544 1152 181
9 184 2202 677 2301 2194 1803 1976 761 184
10 186 1269 1242 1614 731 574 3082 2924 2418 186
13 188 2030 2985 2240 1499 1216 1249 1304 572 1609 3044 2605 2240
9 188 2985 919 456 2154 1868 3001 919 1004
20 191 1464 1691 1878 2661 2660 2043 256 447 2661 1425 1795 1333 484 1096 2299 2020 693 417 1425
6 191 1438 1529 2163 293 1878
8 192 909 2840 782 1368 2735 3110 2840
14 192 1003 1308 2294 1303 1949 543 1303 2302 2973 1161 2894 305 1003
14 192 860 686 909 1026 881 1154 769 3136 783 1666 1162 1692 1154
5 197 1309 1566 1607 1711
11 197 787 2627 2837 1291 1776 218 1369 2486 3157 2911
7 198 2880 997 270 923 3159 1806
22 198 1482 1360 552 2313 923 1708 2733 507 1433 2055 1454 2630 929 1131 3211 2273 2178 1022 2877 1674 2630
7 199 1622 1023 854 705 1341 199
10 200 1891 2127 610 887 1632 2042 476 1577 200
7 201 2227 351 866 1559 1639 201
7 202 1653 2260 1551 282 3017 202
5 203 1371 2784 2063 203
4 205 468 3160 205
4 206 1779 2799 2781
5 206 2122 1572 1952 908
8 209 724 2406 1805 1335 1595 1302 1519
16 209 1208 991 724 2363 2754 1657 2406 3057 2484 3167 2900 1839 1790 1792 3167
21 212 2185 1832 1532 383 1462 1843 1083 1988 284 3146 1088 2170 600 2994 1462 653 629 3105 3127 2972
5 212 2982 730 2585 383
24 221 2255 2680 1491 633 998 1895 2989 222 2221 2946 2832 2190 2204 1095 998 849 1911 1455 2146 1971 1689 1644 2811
4 221 2270 1375 633
12 223 637 309 1345 1460 969 408 1856 1920 517 317 309
21 223 2160 1504 1718 1085 2286 3199 904 1488 2750 621 1024 2775 2681 2763 1439 2750 1595 1772 1794 2790
9 224 2648 2381 1912 1750 1036 2991 2706 1266
6 228 1698 2186 1232 318 2722
4 228 1363 906 1232
7 229 1679 984 680 2953 229 2597
10 230 1586 903 2167 3000 2701 598 1580 876 230
4 233 561 664 1719
16 238 2197 915 1816 1406 1685 1796 1974 2267 1780 1215 250 2526 3010 1053 1685
7 238 1618 3196 539 2923 2021 2197
10 239 816 833 1603 2800 1148 1339 2206 771 239
17 241 649 469 1634 1725 1450 2692 2265 1467 241 1520 843 2663 711 2970 3222 1520
5 242 445 613 2151 242
2 245 2836
7 248 335 1115 389 2262 2123 389
4 248 827 1525 921
16 251 1584 786 269 2330 1983 745 2858 2776 2919 1838 2494 987 2649 1788 2858
13 252 2506 1357 258 894 373 2584 842 3172 1648 694 1486 1964
6 252 2755 1147 3166 2153 252
3 253 1458 1564
10 254 2041 2726 739 3161 2432 1315 687 2537 254
4 255 922 1984 1530
8 255 1600 2697 3118 1413 410 2275 1413
2 258 2506
7 261 2720 2462 2835 1164 1709 261
13 266 1865 2895 1777 357 2451 3086 2901 1986 2456 760 2748 357
6 266 1773 1652 2135 2105 1777
9 267 3108 2938 1008 2768 834 1017 2508 267
8 268 902 1267 2145 1640 2690 2306 268
3 276 942 1512
3 276 3195 1475
14 277 1668 1031 1105 2434 1494 2818 1809 1231 555 3182 1494 1542 1105
6 278 300 1484 2430 3197 278
6 280 926 1892 1184 579 3155
2 280 579
8 287 2287 2620 359 2541 1102 1031 2541
2 287 359
6 288 609 2999 333 2611 288
6 291 1561 519 594 1960 291
8 294 1275 1290 2771 1021 1576 1370 294
14 299 1781 2467 332 2564 2647 2528 2501 299 406 2934 1262 1837 406
2 300 3119
14 301 2003 796 604 3035 515 852 2943 3134 1490 391 1534 1194 391
4 301 3050 2853 301
6 302 1922 1686 1717 2747 494
3 302 2652 531
17 306 1946 3162 1256 1602 1122 1259 681 2372 2453 1496 2137 2488 1196 2036 2162 2453
10 306 328 1752 2356 3023 1863 1170 1840 721 306
4 308 1819 453 308
2 310 559
8 311 1384 1028 1554 356 1427 1620 356
3 311 1584 1554
6 311 1380 348 996 2947 1380
16 315 2092 1810 1420 2496 1228 2099 590 1751 2757 1880 2074 2694 2513 2723 1751
10 315 1158 2309 2078 1409 1038 1601 2741 1201 2514
4 316 2300 2371 2610
7 318 570 2730 2254 2050 1422 1758
2 318 3228
3 318 734 1731
2 321 3022
2 321 1634
5 327 1175 1762 327 3227
10 329 1217 1904 2749 2226 1582 1373 702 1927 329
2 330 2762
2 330 2142
9 331 513 3106 2525 466 1163 2019 2359 3106
6 332 1730 1798 1293 1905 1730
14 334 2777 3036 1260 1407 2553 2188 2910 1665 3003 1663 1043 2168 1407
3 334 1173 1260
6 337 1889 2251 3087 3047 1797
3 337 2657 2324
6 339 2815 616 912 2628 2815
2 340 1794
2 347 472
4 347 1037 441 3072
5 350 2109 1396 2516 350
7 353 2978 2068 1735 2010 1847 2978
11 353 1209 1555 490 1700 2114 2304 3221 2132 1975 1582
2 353 1975
8 358 758 477 2165 1846 388 2210 358
7 360 2112 2517 2490 2718 360 827
6 363 2865 1860 2805 2256 363
11 364 1493 459 2906 2935 2824 527 1631 2703 1706 364
8 366 1142 1198 2209 1177 1167 625 1302
3 366 1447 1167
2 370 2435
2 370 1165
8 371 2211 1429 1516 974 3169 1301 371
10 374 2152 716 1662 1365 2770 374 2909 1678 3221
4 375 1720 1870 2898
3 375 1646 2143
11 382 2376 1299 2536 2004 439 1616 1264 1626 1518 2536
6 382 2797 2782 460 2684 1299
13 384 2560 777 2332 717 2205 2098 1137 1766 2288 384 2341 2569
11 385 1782 1229 2890 1402 759 656 532 848 635 385
2 386 499
2 387 2403
2 393 2015
5 397 1590 2510 2233 999
2 397 742
7 413 3117 1479 1189 1206 2066 2860
2 415 1609
2 418 1127
8 421 1010 1747 2458 1537 556 2458 2611
6 426 2220 2664 1313 3078 426
6 430 2567 899 1392 2626 3165
6 435 1254 2708 1962 1332 435
2 436 2134
2 436 688
14 438 1202 3099 1350 2798 2651 2787 780 1888 1274 893 463 1401 2787
3 438 2305 2651
2 438 2106
10 441 850 2380 3140 1359 2360 2316 2702 1507 2063
8 441 1507 1849 2846 988 976 3173 1507
5 443 1565 931 1348 443
5 446 2253 1443 2416 446
8 455 855 897 1854 990 725 1977 855
8 465 1318 2936 2558 1118 2631 1362 465
11 470 3201 1805 2229 1328 2637 2321 1329 2319 2679 2229
10 471 2988 1502 2550 2712 1645 3125 1778 2550 2845
4 471 3034 1831 1502
4 473 1612 1312 881
6 473 1271 1688 1487 605 1612
6 475 2446 2968 537 2810 1527
9 475 1011 1826 690 2375 2266 1483 2688 2753
4 480 1079 2861 1190
7 480 624 2469 3065 2786 1501 2741
2 489 2553
2 492 3091
7 493 2976 877 2329 2234 2796 2101
2 493 2796
6 501 1430 2053 1913 501 788
7 505 670 601 1387 1469 599 524
11 505 2779 1445 817 2583 3217 1051 792 1296 2643 505
7 507 1139 2844 1205 2056 794 1454
2 509 1315
3 512 2984 1670
5 514 2072 1284 642 3123
5 521 1907 1903 1140 2415
7 526 980 2362 2963 584 2915 526
2 532 1371
2 536 1987
3 536 2825 3093
10 549 2831 3142 2957 3094 2017 1897 3191 1775 898
2 549 1775
12 553 1909 651 814 2463 1573 1075 2241 1732 1749 2666 2241
2 553 814
2 566 1473
2 570 1998
2 578 894
4 578 1207 2026 694
9 583 1684 2060 1456 1195 1799 1399 847 583
2 590 1420
8 596 889 732 1498 658 2921 1272 596
2 597 692
15 599 766 1030 2676 3204 670 2173 2540 1132 668 1320 1235 1514 2967 1789
5 602 2794 747 1014 2520
9 602 1035 1108 2044 1120 2203 1246 2452 602
2 606 1763
2 607 802
12 607 1151 846 1697 2219 641 2442 2358 2100 1721 2425 641
2 607 2219
2 611 1811
4 611 1234 2102 2213
4 622 1581 2961 2391
3 622 1174 2961
4 624 2827 1382 2710
12 625 1805 2660 1593 2552 875 2285 2231 2545 2941 2527 1593
2 628 2116
2 630 1331
5 630 2046 2854 678 1681
4 636 3029 3193 3056
2 637 1488
11 640 2931 3177 2893 1660 1080 806 2830 2511 1314 640
4 651 1601 1808 1810
6 658 1605 1999 3149 2424 1605
5 660 2869 1187 691 3092
2 663 2471
5 676 1636 882 1265 1636
7 679 1364 733 1408 1931 2578 679
2 681 1946
2 682 1708
2 683 2794
2 683 3079
4 695 2736 2317 695
8 697 1742 1858 1812 2974 1598 1979 732
3 697 1245 1979
10 699 2686 755 2644 2612 2557 2110 1144 2249 699
2 702 2459
17 708 2728 1552 1769 2140 1221 3168 765 2348 3180 2518 3168 3109 1428 2388 2956 2728
2 708 2679
10 727 2065 1820 1183 1535 1972 1212 1801 1211 1815
3 727 985 1801
2 733 1290
6 740 836 2014 3107 2577 2362
2 740 830
6 740 2655 2013 2326 2669 745
3 770 1942 2341
2 776 2736
3 786 2849 1694
3 787 1025 1312
2 796 1490
19 797 1785 2177 3206 2091 797 2499 2614 1680 1568 2592 2699 2243 3120 2589 2277 1925 2439 2592
2 801 3027
5 813 1743 2600 1178 813
3 858 2061 2212
2 860 2690
4 865 2892 1712 871
2 865 2838
2 866 2668
5 874 1770 2223 2721 1770
2 876 1025
2 880 1398
2 882 1123
2 891 915
2 895 2498
6 900 2656 2384 986 900 2356
2 907 1080
7 913 2201 2843 1661 1938 2284 913
8 917 3200 1608 2548 1723 3226 1466 1241
2 917 1723
2 923 1857
4 923 2876 2764 3063
2 931 2771
3 934 2829 2387
6 934 2606 2214 2217 2608 1755
5 946 1522 2408 1548 1632
2 958 2627
9 963 1995 2208 2011 2604 2593 1883 2189 963
2 976 1168
3 978 1146 1384
2 989 2339
2 1026 1607
9 1040 3179 1941 1414 1957 2727 1866 1342 3179
6 1040 1056 2884 2742 2670 1040
7 1049 1825 2745 2859 2338 1617 1825
2 1056 2653
3 1058 1113 2245
3 1058 1415 1466
3 1063 2352 2655
2 1063 2577
2 1063 1164
3 1064 3188 3057
2 1064 2484
3 1075 2463 1326
2 1082 3114
2 1082 2540
2 1090 2602
3 1115 1509 1525
6 1116 2828 1638 2632 3002 1116
7 1136 1836 1381 2939 1764 1381 1245
3 1136 2035 2914
4 1146 2086 2902 1146
2 1178 1980
3 1180 2149 2855
2 1200 1900
2 1200 1754
10 1210 1311 3024 1729 1910 1821 2420 3037 1821 1250
4 1210 1400 2297 1910
6 1264 2392 2673 2290 2964 2035
3 1275 1309 2188
2 1294 1437
2 1310 2383
2 1325 2191
2 1330 2686
2 1332 2149
3 1352 1558 2361
2 1352 2083
2 1372 3074
4 1372 1919 2554 3131
2 1417 2502
2 1427 2284
2 1429 2419
2 1433 1817
2 1436 1945
2 1462 3105
2 1489 3108
2 1563 2507
3 1568 1716 2499
2 1578 1614
3 1601 2565 3065
2 1622 2595
3 1623 2958 2969
3 1628 1877 1678
2 1628 2909
2 1657 2256
3 1684 2154 1907
2 1697 2492
2 1727 2879
4 1750 1936 2619 2327
2 1761 2920
6 1771 2023 2717 2700 3133 1906
5 1791 2477 1819 2408 2343
3 1791 2705 2477
2 1818 2260
3 1836 2850 2392
2 1860 2151
2 1870 3206
2 1886 2734
2 1887 2022
2 1896 2936
2 1950 2253
6 1951 2018 3080 2444 3077 2318
2 1984 3118
2 2013 2849
2 2038 2342
2 2057 2490
2 2064 3002
3 2112 3111 2469
2 2112 2730
2 2113 3018
2 2113 2829
3 2187 2852 2667
2 2206 2984
2 2210 3126
2 2220 2843
2 2222 2372
2 2232 2711
2 2232 2522
2 2250 2758
2 2254 2816
2 2266 2810
2 2295 3055
2 2298 2407
2 2301 2321
3 2328 2740 2539
2 2338 2733
2 2338 3159
2 2564 2614
2 2619 2706
2 2647 2677
3 2718 2878 2842
2 2861 3111
