7333 1216
7 1 3974 2803 6493 5380 2417 1
8 2 3836 749 497 7204 4168 6144 2
13 3 1565 2484 3017 2814 1120 3055 351 6152 5709 4199 3577 2484
8 3 4299 5261 5057 1005 4204 3054 4299
8 3 7266 6919 4351 4187 5950 3770 1565
9 4 414 3176 5230 4528 3219 790 1459 3176
7 4 6955 6866 5245 4035 193 6955
6 4 3280 1145 571 5221 414
14 4 1247 5454 1810 2548 1443 6189 5194 7190 2158 5341 4564 5658 7190
14 5 5981 4296 2266 86 3372 742 3569 4165 4458 6093 1677 4346 3372
34 5 4469 86 6385 3655 4655 4044 2205 4837 3090 4443 4655 3353 5024 4955 6127 7256 2023 3327 4921 4815 5271 756 4922 7085 1114 4006 4325 3768 2586 1303 5277 6535 4922
16 6 2616 3481 6675 4818 4914 6204 5501 6416 4465 6570 4805 153 2314 3022 6416
2 6 5501
26 7 2461 5775 2904 1250 5262 2871 364 7135 3293 2055 1612 615 3174 6941 5389 366 5598 1457 1604 7270 3040 4882 2331 2622 1604
3 7 5939 2871
24 8 4587 5123 358 2919 315 1757 921 3928 7327 17 6463 6126 5556 2919 5630 4097 1748 2366 7200 3021 5926 4636 2366
15 8 2993 4341 4721 2919 1822 3447 4160 3018 7288 925 3203 3154 1046 1822
17 9 2108 1442 5812 48 4798 1492 6366 5910 4478 4467 7294 2810 3610 3495 5910 9
13 10 4395 2386 5360 2507 390 4294 5453 5603 1167 4141 3852 390
16 10 7195 5793 4824 2783 4448 4120 2428 4518 299 3089 7021 4930 6404 491 4448
15 11 1045 1957 6857 2180 457 1065 5411 4429 6580 3744 4117 7333 3009 4429
13 11 4604 956 6214 5401 619 170 3893 3767 34 361 4652 619
16 12 5553 7116 3676 3057 1278 2582 1647 4281 600 2603 1599 2130 6497 7070 4281
2 12 2582
24 13 94 5130 3101 757 4237 3246 4582 3333 1047 3095 1980 4613 4872 1119 2764 1749 1047 313 4335 5121 4156 5058 3246
4 13 1453 2639 3101
26 14 1237 2089 477 1415 6185 4454 4612 967 5848 5765 5638 6066 4787 3133 1494 5731 2343 2974 2196 6351 7209 6983 2024 296 2343
7 14 4277 5036 2686 923 1763 2089
16 15 6408 432 2985 5285 1410 15 785 3272 4982 7280 1127 4176 4186 2014 4982
12 16 38 4746 5163 6787 4460 4793 7242 6659 1364 746 4793
18 16 1403 2459 3513 25 2408 3156 5129 7219 7260 2561 1870 1212 5037 5621 2028 2921 7219
16 18 4436 5759 4977 6263 3091 4630 5970 4532 6082 2504 1981 6074 5044 3692 3091
16 18 2969 195 7016 6263 6252 165 456 1898 1471 1035 2025 394 2278 6073 6252
10 19 1650 3546 6372 952 6775 3143 518 7079 6372
12 19 5471 781 3733 2148 3344 4244 4390 337 1686 3861 2148
30 20 5815 850 3817 2345 7193 5296 3149 3504 3787 4240 3914 5160 6168 3149 3981 2882 2119 6948 3148 1202 733 6560 3186 1849 2940 6388 4253 6498 1202
5 20 1968 5020 5738 5815
38 21 2555 3509 4669 6443 1161 7164 2566 6076 621 2373 568 4720 1778 1737 218 4072 6226 235 3093 3710 3273 2247 2812 218 3705 6001 919 1778 3003 221 4200 2927 2269 955 1827 6305 4200
5 21 1067 6308 1523 6443
21 22 6635 1608 1833 6579 584 602 3110 4028 6940 3312 6472 2452 4842 2385 2153 3913 6130 6273 712 7193
2 22 6940
8 23 1213 1031 230 1339 1500 587 23
29 24 4380 449 2515 2299 3832 6784 6015 24 1228 1154 1478 1462 2409 1228 3987 4658 1025 5473 4861 198 356 5531 2794 4336 3510 6658 4434 5473
13 26 2820 2244 2426 2245 2788 5702 5539 1315 267 658 2655 2788
26 26 3941 483 5427 4129 2574 5096 228 6607 2998 4590 1165 4679 5034 4184 1744 464 5195 7082 4776 5904 2283 1967 4634 5195 6607
61 27 5744 2726 5749 6338 909 776 5889 2975 4534 6724 1468 3392 4851 2877 6867 4779 5813 2478 4557 261 5710 6119 7243 2478 2722 5518 539 5719 1580 1804 6553 3637 5645 2917 2126 4360 5965 2797 833 565 191 409 2126 5288 832 3050 2392 5467 5823 1611 1657 2899 6378 44 2295 4567 4022 5089 2589 2899
2 27 2975
19 28 3543 3205 1987 3823 53 4716 3549 3289 3823 4642 2663 1876 3431 711 1865 2713 840 4642
13 28 2088 196 1434 3571 4513 6777 528 5166 6602 5144 4547 196
6 28 4135 6111 327 5454 2245
17 29 1531 2816 2654 3402 6596 7011 7261 3840 6538 2427 2157 1560 3004 5312 4832 7261
3 29 4095 7011
18 30 3260 5602 5613 4650 1639 30 3624 842 2831 2037 3576 5544 6769 5785 2712 5319 3624
17 31 1004 3108 200 7054 1067 2116 3783 5629 3973 5776 1231 6813 6571 293 6894 2116
4 31 2963 5573 7054
16 32 5870 4504 1346 7228 1402 2036 4514 854 5432 6116 84 1593 4544 5572 2036
5 32 4492 2279 3424 1346
9 33 3259 4189 6281 3232 6131 6188 4143 3259
14 33 5239 3283 7265 2017 2163 210 3420 6191 918 2732 3131 5790 3420
2 33 2017
9 35 6705 2451 3780 7188 1740 6593 2288 35
20 36 7113 1185 5985 6760 1474 6483 391 2332 1044 5640 238 3712 6811 7318 4045 3189 2332 3773 36
18 37 6854 2368 2318 1219 4169 342 3682 5035 702 5328 3947 138 7159 3688 3682 5802 6854
10 37 5106 6011 2740 1223 1489 7152 972 6072 37
10 38 4077 508 5547 5567 3010 524 5569 7210 5567
8 39 6292 2939 5206 2550 4533 4540 39
13 40 3072 4005 5170 3827 2779 4142 1551 5517 6129 750 52 2779
4 40 1057 5200 4005
10 41 6980 1233 6106 3398 1694 6835 4576 3816 6980
12 41 5714 2942 1027 6017 2066 2979 287 2631 3868 4687 2066
3 41 4821 6017
28 42 3029 3316 3876 1784 2448 3032 1707 2730 1852 3649 704 2054 2448 6180 3325 550 3943 2856 1195 5120 1588 4026 4836 5097 1298 5164 1588
4 42 2891 3614 1784
24 43 4330 6437 2962 3583 102 3906 365 3728 3699 926 1559 5165 4015 2835 6255 3471 2952 2600 3730 5043 994 2835 3728
23 43 4013 4435 1082 7276 1122 674 6075 6733 7151 2195 4565 3966 4499 7307 2911 3466 6600 2435 2398 5760 6904 3966
13 45 3500 263 5330 2382 1225 4703 1809 659 3646 3660 2698 263
6 45 4446 6711 1265 4399 3500
10 45 1445 3606 3875 2225 2199 3267 5650 4609 1445
22 46 5122 823 7148 4626 5991 2957 1111 46 6703 2287 4524 6532 6249 5138 7091 3348 3168 5451 7216 3479 6532
10 47 2734 4591 3721 333 2613 2346 2587 3781 4591
8 47 5124 2390 793 5611 4203 6849 2734
13 48 3340 6061 3147 2983 6490 3404 2610 4733 2272 5101 6373 3404
11 49 6085 7051 3051 3191 4622 6568 6910 2609 6820 4622
2 49 3191
11 50 6902 1037 3707 1966 1913 4697 2653 7106 6435 50
5 51 117 1669 2099 6941
5 51 546 834 3290 117
19 54 899 5778 1938 513 578 2316 6059 4641 3930 3257 4892 3820 2051 4217 6888 7017 5806 3257
18 54 2233 7331 2304 899 2980 2832 6279 3793 4592 6450 6662 869 6269 5302 3266 3155 6662
8 55 4043 3666 6053 2526 4885 4212 55
7 56 6040 4305 983 3035 56 6308
18 57 6831 4767 3631 3115 5359 7126 2052 3631 3806 6837 1759 2776 1099 6697 7273 3760 1759
6 57 5779 5824 7211 3221 6837
16 58 310 5327 4507 3351 1803 5593 3120 5134 3211 3406 5636 3483 5253 6181 5134
11 58 3970 1909 3042 7283 3461 6112 501 1516 6625 3970
12 58 274 631 7169 2912 6805 4556 1079 3441 4040 7187 7169
12 59 4173 1043 2818 4502 3952 4796 3167 3661 6732 4164 2818
17 59 6506 1095 2578 3037 3122 4093 5974 5398 4268 1666 775 1146 6322 6342 4689 4093
18 60 5181 725 5604 6506 2068 3810 3516 1907 2786 1368 2068 715 5662 1548 6266 4175 715
23 60 6236 4911 5604 3358 4663 1291 5263 1642 4898 7325 233 4577 5046 5835 1190 5987 5857 3434 3557 677 6555 5835
37 61 5104 2747 5921 2775 184 4979 61 4844 5391 2937 2570 1738 2060 1268 5041 4098 6556 2380 5606 2638 4323 3114 519 532 667 5018 551 5193 465 1440 1667 7149 6566 4018 1703 551
10 62 2918 5840 6193 3136 5866 2063 1517 2350 62
16 63 5333 1544 6118 101 2709 1716 2221 5525 2246 1828 3902 3953 5078 6921 2246
9 63 7183 5600 1899 4958 2560 6206 7202 5600
3 63 3494 3981
10 64 5282 3350 159 7252 5268 5191 5620 3635 159
5 64 5825 6227 2976 3350
8 65 2473 5240 3630 4529 1300 65 7091
11 66 2034 2085 85 1470 2284 5737 1777 6036 314 66
24 67 6312 503 3005 3792 6125 1606 7098 6969 3792 2637 6633 2223 1701 5545 75 4953 5294 4122 1733 3410 5457 1061 5545
5 67 3294 7329 672 6312
8 68 3385 2115 4998 6965 6293 4368 68
18 69 6007 2127 5723 1567 6996 7255 69 286 3170 6030 2994 2849 6654 5630 2490 1203 1748
20 70 6113 804 4020 4152 6979 2495 6976 6551 3732 2121 5071 3488 579 1282 5548 2123 1556 1903 579
2 70 6979
17 71 7191 298 684 7279 5554 3664 2425 5924 6313 442 1801 3582 6714 3397 3175 1801
2 71 7279
11 72 2541 5635 937 2677 334 577 4398 4031 2286 72
27 73 861 7180 7108 1861 1085 4470 3146 5975 5030 1719 845 4315 4908 525 6582 6428 3501 4853 4784 2744 410 7092 5859 6826 1360 6428
2 73 1861
11 74 4722 894 4219 3584 1281 6211 5712 3700 1023 74
15 76 3387 106 1003 3917 6203 2798 2554 6611 2437 1318 3142 6447 1296 6203
18 76 666 1217 7172 682 3485 4654 5041 6349 2532 4133 3737 3663 2301 3012 1345 2029 2532
9 77 2873 7250 3376 5652 5255 5541 167 77
7 78 2102 1287 5562 857 1806 6570
2 78 1806
9 78 1871 2569 1261 627 1134 3453 4099 2569
12 78 2008 5522 3850 3758 3233 231 7004 5372 5085 2181 231
12 78 2579 3789 1869 860 3449 4728 1188 730 4257 4163 1869
16 78 1921 81 319 1989 3837 897 4611 2922 3239 3339 6272 6434 2782 257 4395
8 79 4378 6420 5730 5868 3199 6657 79
28 80 3598 5029 6554 4405 5265 6461 6735 4331 4693 1379 236 5013 5199 5153 2972 3476 5875 2354 1017 4734 6695 796 5064 5932 5074 4978 5875
2 80 4405
8 82 7199 1665 2432 5615 7063 3256 82
22 83 6563 3774 245 2421 7182 4774 4061 330 4069 4178 104 1072 789 2959 5264 1454 4680 6391 1854 2125 104
3 83 3000 7182
11 87 4455 1129 985 1002 5688 6078 1029 4088 1292 87
8 88 3310 4701 4939 5279 2642 6957 88
10 89 3729 3714 2869 444 3109 99 3052 4817 89
17 90 5634 4367 6476 574 5177 4427 5821 3086 186 90 3299 1685 2317 437 803 3299
15 91 1614 5686 3245 143 6832 6323 1512 5686 2141 399 654 5856 4884 2141
8 91 786 2819 7006 4512 3419 7043 786
33 91 4038 4598 4382 3169 5204 2232 2105 2931 7324 3071 1060 3552 3554 876 4588 4848 2931 783 5198 6429 689 2843 6893 4080 6676 6077 2144 6638 2103 3276 689 4382
19 92 4517 3198 6400 6499 943 3490 1607 6012 5402 3997 2682 7024 3124 880 5155 1996 6250 3997
3 92 2855 6012
6 93 4375 2401 764 5758 93
9 95 3959 1320 5924 2995 1455 722 4574 1320
18 95 1304 5410 3225 3396 5836 259 2799 4273 6066 5961 5185 2510 3535 401 938 4468 5961
15 96 6158 810 3302 6148 1643 96 4725 7302 6808 3480 6389 5350 7285 4725
11 96 3123 3425 157 339 1069 7194 5408 4583 4024 3123
8 96 6422 1104 5717 1106 5406 4198 1104
10 97 276 6618 4635 6190 3188 7027 5699 6519 97
14 98 6626 2872 3092 6844 1321 1076 1400 1216 6741 160 6925 5750 1400
5 98 476 6192 4901 6844
7 100 4084 481 3711 6577 6834 100
3 101 6539 5333
9 102 6487 6341 6143 5483 3851 5066 2067 3906
2 102 5562
8 103 5827 7267 120 1323 1040 2388 7267
9 103 6708 4049 1659 6431 3524 5086 2203 6708
6 103 1627 7129 4167 6427 5827
17 105 3418 3957 6038 4249 4149 6870 1137 4017 486 3172 2042 5218 3179 1742 6522 486
2 105 4017
7 106 5217 6213 7221 4477 4422 3917
23 107 4659 1356 4678 6399 173 5906 4404 6098 5668 255 1354 6871 2348 1574 3346 6513 2509 2647 5256 7275 1324 2348
7 107 6218 312 1948 5455 1578 1356
8 108 4526 3560 416 3230 729 3982 108
10 109 3448 5495 317 2687 2758 6471 3742 424 3448
18 109 4456 1573 7300 1538 4472 4987 1132 3265 5346 3634 4474 2763 6597 1191 6778 6232 1132
8 109 1910 935 3595 3140 3041 1283 4456
11 110 4762 3436 112 1252 4508 3400 3393 5353 4063 110
7 111 5959 4946 6598 650 2612 111
9 113 1695 1198 6132 6823 1241 7311 5286 113
12 114 4706 1598 1496 908 1725 488 6365 5214 2353 4996 908
8 114 622 2562 6821 2114 1893 5745 4706
9 115 4936 1879 1343 3856 7101 1691 5529 1343
15 115 3002 1746 6859 4855 3853 7177 288 389 4280 4578 6887 3216 2627 3853
23 116 4202 1922 2683 993 3208 7237 3740 1995 7163 5171 5683 7248 4227 1995 7166 1342 992 5925 5867 427 1096 992
2 116 3740
10 118 3297 4723 5487 527 6588 7128 815 758 118
29 119 3727 1979 7320 5468 4718 6932 5798 5289 7055 7162 5935 4849 3192 866 3608 1780 6524 5814 4530 1353 5677 2016 5953 5022 3608 5971 392 4849
2 119 4718
17 121 3472 7233 1767 6101 136 4319 3084 3541 6550 2250 4875 352 6578 2038 7259 4875
3 121 5869 6101
8 122 3272 3185 849 3747 6339 5795 122
27 123 2328 3066 4106 4640 3388 172 1743 6661 4546 4106 3750 6271 7140 5388 1721 6426 1372 2784 3750 1021 6514 6802 6935 5799 974 3750
10 123 6397 2898 1170 3281 6730 1825 2081 1983 2328
19 124 4698 4424 5414 4537 826 5284 3315 4407 4396 5646 2789 5863 1234 4023 320 3962 4570 4396
8 124 1255 4486 2936 6216 4233 124 4407
9 125 2482 6863 4423 6604 2926 1705 1501 125
8 126 388 1871 146 2822 4925 4030 126
8 127 889 4976 2407 4274 902 1463 127
8 128 3695 3134 4238 2656 5197 3887 128
17 129 4831 4907 6516 6265 421 2665 5695 5048 1439 151 3031 2624 1919 3262 5496 5695
5 129 3994 1638 1026 2665
6 130 440 736 1166 5698 130
5 131 2213 1850 4307 2917
11 131 5397 2618 2846 7013 6878 5126 593 1850 6547 4378
9 132 2322 2692 7100 1456 1615 6599 1215 132
8 133 5465 2471 2349 4593 2142 4221 133
23 134 3275 5251 2372 5260 770 6720 4829 2956 3275 2208 5032 5941 3046 4303 4850 1505 5090 3587 277 3985 6649 4303
2 134 3827
26 134 3307 155 4329 5768 4614 6297 2691 5276 5768 2390 3545 5023 1297 5248 1064 3545 2749 2894 2693 3415 5952 6134 2606 3443 2749
16 135 316 6634 3515 5440 1206 2827 2844 1797 1319 2395 3949 1138 3532 4185 1206
5 135 2736 468 303 5440
4 135 4994 1880 1669
6 136 6120 2916 3658 6032 2250
9 137 3873 2475 3640 3405 3317 6381 405 137
7 139 4671 154 4114 5922 6003 139
3 140 212 6192
7 140 3931 5947 6529 3087 5339 212
21 141 1094 3980 1444 5912 5464 1150 7003 1226 759 507 6379 1224 1594 2733 2360 6136 2955 6208 7254 507
5 141 4984 4172 452 5464
27 142 3939 3313 6010 5810 6027 3879 6124 4988 6630 249 4902 3927 4286 6944 5149 3389 2445 3268 6433 4902 5703 3467 2492 6097 4700 5703
4 142 353 4563 6010
11 144 3184 4795 4825 2018 882 4606 6056 4873 6789 4825
8 144 727 5784 4344 2271 3638 5816 4795
15 145 1905 6326 6371 3287 3075 3794 4060 2811 5503 541 2657 1602 1557 3287
23 145 2011 1437 328 6874 4032 7230 1672 5490 2290 6199 175 6016 6159 6890 7230 2487 176 2080 2265 2881 4059 4032
10 147 4790 6740 4138 6352 1729 3685 3828 1406 5745
9 147 5225 6246 6201 7174 3357 178 3028 4790
6 148 6347 2325 3517 5949 148
16 149 1235 2668 7056 1497 4461 7096 3622 5649 7308 2150 475 5918 1052 3839 3622
16 149 2235 3862 3096 272 2997 1018 6959 1790 2685 2168 7038 3337 6927 6561 2997
4 149 6800 886 7096
4 150 3869 3590 1406
2 150 4138
7 152 693 2867 2236 4983 4506 152
11 156 6355 5845 5722 6906 948 226 6928 5238 5895 6906
27 156 6310 6793 4216 2948 1811 572 1381 6380 6783 6242 6774 4216 4442 6430 6595 5673 1338 1821 5872 971 6766 2210 3033 304 4092 5673
19 158 4137 6707 1832 6717 1087 562 2031 5234 5128 1475 3950 5367 7282 706 1136 5375 4053 7282
2 158 5128
22 161 4147 5115 3936 5109 1644 6763 1939 6050 5415 2224 5308 6000 1939 6975 1509 4333 3785 3521 5038 4500 6975
5 161 1773 3922 1126 4147
25 162 893 3964 1762 1875 3951 1709 6721 5280 4266 3951 3340 5438 6840 6613 5618 6852 2179 1658 2053 2496 6603 5667 1103 5618
2 162 725
3 162 1337 1875
7 163 3559 2241 3444 3834 3270 163
7 164 2134 3993 4154 3677 2469 4095
2 164 2469
10 166 3561 5283 6713 6666 5589 1068 6989 3463 166
15 168 4421 2792 4543 5986 830 1959 1626 3484 2056 5045 6517 841 5145 1959
27 168 2522 6812 5721 555 5986 7090 5530 4521 5666 6317 1831 3383 275 4897 4957 1460 1130 3440 4797 6546 700 6402 878 6139 5874 1460
20 169 1232 863 1934 5625 2714 5010 1717 4893 2859 2625 6024 887 204 1649 4126 3586 2594 4290 204
4 169 1914 4854 1717
3 171 4948 700
6 171 5377 1030 3978 5297 4948
4 173 4376 3800 4678
26 174 5973 3804 6306 1529 6841 2217 3965 2161 174 4161 3702 4166 5900 5332 3303 1390 1261 1900 4766 7165 4681 1616 284 2992 7165
12 177 7034 5642 5964 1125 1704 595 1344 6838 6500 2381 5642
19 177 2041 5263 4034 6609 5995 4709 4952 3821 1022 4997 1830 4952 1752 3900 4846 3487 5960 1752
8 179 3675 3765 2900 1427 1147 870 179
17 180 5697 1945 2924 4909 2268 451 2707 6781 446 2547 2901 3177 2449 1993 4586 2547
11 180 446 6294 4258 1887 1260 5982 4685 3366 7147 6294
21 181 3891 2277 2404 5314 5176 3353 2457 1409 1819 6765 3460 4765 1214 685 808 2200 6187 5578 4414 685
5 181 2306 6629 4648 3353
19 182 705 751 3361 4275 7047 610 6002 6289 3888 6047 3064 1063 3735 772 1824 7272 1838 6289
3 182 7142 6002
11 183 7309 5298 2499 5513 3381 4387 1210 6900 3085 5298
6 183 6869 2446 788 6299 6490
16 185 4450 4306 1712 4056 4481 6041 2731 3491 6911 4408 2866 732 5882 2731 185
25 187 6170 2720 7122 4947 2393 543 2264 2669 1840 5213 1073 1897 3844 5072 5213 2084 6673 3650 7274 5885 4054 7326 6253 2084
2 187 1840
12 188 6637 2436 3713 3390 1599 5384 1124 6670 443 6503 5384
2 188 3390
14 189 4866 4960 1428 2214 7322 3894 5498 5849 558 6368 1937 4906 3894
3 189 2903 1428
19 190 6060 3847 6311 5489 3279 6480 3722 5081 3183 3847 5065 5742 7232 7121 3300 7244 3643 5065
10 190 4394 3423 2806 748 4806 4057 3314 549 6060
11 192 3135 3220 1765 734 5684 1873 1000 4297 5734 192
15 194 7197 7117 3056 1239 4320 4781 1640 4742 4752 4539 6238 7296 3196 1239
16 194 6537 6234 6083 6690 7235 7205 3332 728 3568 6963 5462 5278 2696 4223 6963
16 197 3753 3369 962 6300 2848 4310 6141 4927 197 646 5846 1799 4763 2253 646
14 199 6307 6595 581 7041 2568 4027 271 1940 3412 3269 668 4358 581
15 199 4442 6470 7238 2588 5653 5847 552 3766 4607 2489 6696 2910 2197 552
16 201 3212 1735 4495 5566 3164 4549 5954 395 1776 862 1926 5236 2529 2591 3164
25 201 4213 2466 1019 5070 2438 3202 3210 5599 3364 5315 2422 569 6382 3367 1856 3238 2934 6156 2704 4291 2728 6479 6581 1856
7 202 6194 1117 951 4971 4691 202
13 203 4710 6622 3157 973 3923 6171 1527 1555 4419 215 6656 3923
17 203 1815 7088 404 2071 3680 6384 3748 872 1341 5114 2476 2841 3748 5786 7088 973
6 205 2830 3240 2697 6988 1773
6 205 4657 6843 6961 6334 6988
13 206 6722 5111 7019 3592 3200 3445 227 3841 4581 3395 5004 7019
12 206 630 2352 4618 2729 2527 3904 3762 3520 3739 479 2527
8 207 2164 1367 5956 1771 2800 3522 207
12 208 2344 5009 2735 1348 1539 719 2151 2735 6371 3890 6874
8 208 3892 7099 6691 3667 6411 5088 5009
8 208 3854 345 3591 438 4071 5017 3854
10 209 817 2675 6970 6623 2174 6819 3979 561 209
17 210 6534 6799 6872 6573 6564 2833 4643 5258 5033 5943 737 5162 5654 5201 6468 4643
13 211 5882 1435 1135 2629 5605 1800 6128 2281 1963 4229 3776 1435
7 211 1785 6029 6817 819 1947 211
24 213 1311 6202 1352 6851 2746 2723 779 3987 4288 6466 3732 4065 3066 5073 355 7155 2511 4196 2237 4816 4074 2839 4196
2 213 779
14 214 1016 1158 1401 4179 707 4559 7008 383 6688 2493 2351 6582 1719
2 214 707
8 216 5581 6903 4162 6105 6974 2204 328
4 216 4705 2679 2204
6 217 5659 5355 2774 6465 2121
6 217 4496 2684 3529 4719 5355
23 219 2189 4573 494 2607 1681 3250 3983 2434 5663 6816 3751 6284 7231 1681 4259 3499 709 787 4986 5537 4108 4259
5 219 5743 4248 4712 2607
19 220 5577 1977 4904 4254 5990 1741 2535 4670 932 4759 540 5936 858 6788 5418 6062 2057 4670
10 220 6946 6505 4802 447 2508 6329 3247 4150 5577
18 221 2464 5179 5203 2058 2321 1753 5476 6830 2576 7115 1930 3919 2280 6858 371 5976 1930
11 222 744 3834 510 2474 1656 2556 237 7105 5622 510
9 222 7227 223 6562 6387 279 6210 6632 223
9 224 6847 1662 6240 6319 3686 463 1227 6847
11 224 6753 321 1929 2424 4603 7160 6117 2753 6071 224
9 225 6502 403 2146 5485 415 1024 4146 225
7 228 7150 5052 362 859 1841 4129
11 228 4888 4683 687 1487 1692 422 6686 950 5340 4888
9 229 837 763 2885 2006 6343 4385 911 229
18 232 4662 7136 5727 5040 1349 3960 1059 2243 6962 2218 4672 4400 4949 6881 5555 6241 2243
18 232 1423 5376 4750 4139 7263 5067 3288 5491 5141 4428 4878 4094 3044 7223 369 5491 5376
12 234 1857 5157 2494 5748 3319 2914 1101 2633 2423 4144 3319
5 234 2815 6091 6915 5748
2 236 3476
11 239 3807 5657 3505 3038 3507 2347 6454 1750 3738 239
7 240 2356 2611 7257 4868 2817 240
21 241 523 6801 6942 3619 6309 4743 2198 782 5028 1184 6702 3556 4811 3605 977 4879 7281 3741 5135 3556
4 241 1441 5592 2198
24 242 2238 984 6261 7130 5671 2117 4746 1297 2888 6367 2128 4371 7131 7286 450 895 6792 526 6943 359 3411 1671 895
3 242 2323 5671
16 243 3284 6743 1942 1595 5766 1503 4871 1552 2226 5448 3023 3955 2087 799 5766
12 243 4226 2824 5896 6028 6296 6336 1634 2719 964 3679 4226
12 243 583 5583 5371 3802 1951 5643 608 2334 4300 6621 5583
9 244 4350 2273 4964 2809 1690 573 1472 2273
23 244 1405 673 675 340 5747 4004 1637 1863 4615 2667 2030 2302 2505 3439 5897 3178 6754 5051 1133 6924 5781 6754
8 246 6699 4918 7044 3871 5510 1461 246
6 247 512 434 2780 4554 247
11 248 4830 6304 4083 5365 6913 2261 4807 2874 4847 3789
9 248 5664 3417 2947 3921 755 6809 4966 4830
8 249 6712 6576 3639 3074 2453 3648 249
16 250 1469 7087 1385 5853 2990 250 1675 3542 735 2581 4494 4572 5343 3597 735
10 251 5379 5102 3934 3889 4677 6256 3058 1464 251
18 252 3673 617 1688 3526 7313 761 3629 1591 252 2564 4600 2837 3277 7138 3160 370 2564
9 253 6652 6063 6731 3076 1510 2828 5001 253
7 254 6987 1290 2410 3165 618 4671
8 254 7146 3080 4174 6768 6257 3621 3080
11 255 297 6013 5479 6096 2953 2400 853 2443 1772 297
9 256 4128 5039 865 2182 5597 2635 256 4821
2 257 3837
4 258 6413 2394 3189
8 258 5691 1802 264 1159 3309 5579 2394
20 260 5570 2552 3726 3796 1457 1860 5417 3736 3932 3784 1878 2075 2544 4159 6958 1718 3182 6023 2544
3 260 6457 3796
19 262 5357 368 2387 641 785 6702 1826 585 2257 4265 4912 1837 7053 1902 4676 7249 7287 585
2 262 1826
3 265 5061 4606
7 265 5505 6209 4617 1965 1775 265
11 266 5347 5999 2938 4014 7039 3632 5839 6917 1645 6085
2 266 4014
3 268 3292 1000
3 268 499 4161
17 269 4354 4241 5015 807 5890 1176 1481 1706 4066 269 3059 4039 3637 6616 1596 3059
17 270 6865 4121 3653 2960 820 6485 5871 5470 5437 6167 7222 6020 5386 5788 3544 5470
8 270 4741 3725 7264 4264 694 2110 6865
7 272 7123 4437 5858 3354 2813 3096
9 273 2804 5246 3523 6525 2173 2981 2689 273
16 278 2688 797 1587 5736 2923 4999 278 7033 5207 930 484 2231 5902 1936 5207
12 280 4096 2778 2500 1646 5212 2690 723 827 1526 332 5212
3 280 1646 569
17 281 4119 4694 4993 4661 703 3612 2049 6482 954 2416 4673 3704 6049 2850 2256 3612
13 281 2013 703 2365 400 2742 813 5492 557 4823 4107 4519 813
11 282 1032 4789 5733 7299 3594 5559 4890 4011 4317 7299
2 282 1803
19 283 6749 913 4171 6398 3633 1726 1322 4535 5984 5407 913 5410 6877 4207 433 4839 4036 6877
14 283 3413 2095 6147 1163 5832 5549 1388 1211 3715 7134 4086 4569 1163
9 285 910 5901 5307 5514 7173 2405 6375 3133
3 285 5329 6375
4 286 1731 6369 2849
25 289 5006 4190 3772 2444 2015 4453 6585 4780 3843 653 1935 3644 4091 4843 3724 4304 6039 651 4197 3331 3644 1086 2015 4506
3 289 6459 2444
14 290 6046 5342 771 2007 3972 5474 2537 816 1254 1425 2681 3478 5474
3 290 4493 3972
5 291 5633 2433 5509 850
3 291 1547 2345
19 291 6108 2743 4019 5196 4934 5497 1098 4858 5704 6270 1997 961 5963 1175 6486 1332 2124 6270
11 292 3323 1950 5281 2777 1155 4713 2598 3512 1178 292
32 294 1532 5808 5334 4628 4420 1808 873 2646 6810 6157 2965 3530 5944 2946 5692 3422 4665 2646 4235 6298 4510 3274 6512 563 2480 1566 5884 4067 3429 1872 4510
2 294 873
8 295 6542 7093 3360 1878 1633 1309 295
7 300 4910 5591 1001 681 426 4375
7 300 6394 1370 752 6938 1941 4910
15 301 1273 1988 4601 6923 408 515 5996 4082 598 6669 1786 4348 4100 515
9 301 5059 957 2868 3127 2044 5087 2324 957
21 302 6353 945 412 3334 5336 5820 5983 1392 4392 6353 1419 4113 5237 2326 6985 2536 2596 2821 3343 1419
5 302 2590 2263 2172 2006
14 302 6439 5315 3356 2172 1896 311 6390 5367 4876 5016 4311 6879 1896
11 305 6999 1365 4118 3368 1525 2699 3371 2721 900 305
7 306 3874 6197 2958 883 5475 306
8 307 5422 2155 5899 3235 2795 5800 3074
2 307 5800
32 308 2027 3838 1391 2708 3885 4833 801 6014 4813 6356 966 5608 3351 1541 4376 1579 7095 341 2340 3083 6100 1625 382 2604 378 6892 2442 3697 5042 4647 378
2 308 4833
16 309 3899 4646 1590 5326 4383 3752 309 2514 1177 2641 495 5538 6782 2514 4027
5 318 2191 2338 835 2653
20 318 7268 3617 1515 5948 5232 1229 2030 7068 4729 4631 2302 5718 1647 3355 1944 5828 5392 5533 1647
14 318 1670 3187 2292 2259 2988 5480 5107 5220 6678 3506 3924 6653 5220
4 318 4364 708 835
2 319 4847
2 321 6380
11 322 4215 639 990 6605 3628 4770 4415 6986 2825 322
6 323 4985 1081 2330 1502 323
7 324 5852 1816 462 6909 1781 324
10 325 2644 5112 2630 6791 5378 5524 5679 7323 2644
10 325 1795 3565 1889 2462 5881 944 5273 4894 325
6 326 3019 4052 3399 1787 326
7 327 4792 2229 469 3536 4542 4135
9 329 1340 4048 1301 7001 4932 3674 3897 329
5 331 2695 6690 4786 3568
9 331 6572 5614 5187 2745 5449 1107 6037 6690
20 335 5227 3015 6665 4321 1521 7084 6631 959 5619 1484 6314 1723 1327 5938 1108 929 4441 1674 1723
2 335 5619
8 336 6540 740 554 5152 7278 6684 740
5 336 4602 773 2098 6540
7 338 6508 7225 2190 2486 3079 338
6 343 3945 1954 7007 5322 343
10 344 4501 3848 2805 946 1028 979 6836 1414 344
4 346 1449 1866 7227
14 346 3151 5361 6458 2762 6415 2932 2048 1209 3818 3264 792 2001 2048
4 346 4349 5094 2030
11 347 2091 5535 3652 5682 2717 1012 4224 5481 2470 5682
5 347 1050 582 5878 3652
3 348 4633 4178
5 348 6839 5063 2724 4774
9 349 2516 5027 1894 2519 6260 4170 1846 349
14 350 1240 4608 5661 5532 5115 5274 1619 6058 2026 6533 5920 3132 1619
14 350 4183 1277 4561 2463 1829 917 5740 4644 521 6842 2307 6414 1829
21 354 1153 3805 5977 4485 2192 4289 2672 1038 5773 7072 1636 2761 374 5595 670 7015 1156 1978 1768 7072
2 354 4485
11 355 6773 3416 2652 3201 3777 5822 1569 5761 1314 3416
23 355 3243 5423 4302 2383 851 6671 6044 3318 3884 4951 3036 406 6026 3258 6178 5647 4852 2845 4799 2313 940 6078
10 355 1048 4835 1693 699 4616 3886 5482 4462 6666
4 357 5515 7315 4654
7 357 6751 2162 6233 3464 3382 5515
10 360 5159 2230 1420 7251 6804 3226 5368 2666 5159
11 360 6536 649 3573 2320 5762 3864 3138 5345 4271 360
16 363 648 3231 855 2201 511 3799 2167 6807 442 570 4357 1796 1991 6331 5924
2 363 442
14 364 1408 1115 3174 2460 5978 5700 6364 7040 2454 5794 7065 4699 2460
11 365 4003 1386 1433 686 5021 662 2984 6295 5061 365
3 366 5855 4994
10 367 1306 472 2523 5594 4324 2176 3153 3988 367
10 372 1373 2234 1618 4339 768 1986 1422 3097 372
4 373 2389 5591 3702
2 373 426
25 375 5672 4826 599 6121 3903 4406 375 5249 905 5381 4123 2361 1310 905 2260 1621 3298 458 4012 5685 7112 4222 6460 458
5 376 6683 1901 5210 4167
7 376 2333 7289 6931 1476 5370 1901
5 377 4857 3263 1113 3884
3 377 1655 1113
11 379 1758 5077 4516 2364 1720 490 1632 5211 379 6691
4 380 1820 5399 682
12 380 3013 5992 7315 2096 6395 3224 6934 6005 6488 3077 2096
7 381 4989 4284 6685 1349 4620 1423
4 381 3190 6549 1059
9 382 5560 3769 5854 798 2512 2369 580 5560
11 384 5516 3581 5116 4384 2671 7156 4596 916 6321 384
4 385 6950 2419 7222
7 385 3408 590 635 2836 6424 2419
17 386 6235 3757 470 5228 3069 818 879 6417 3227 3069 958 2429 6291 3377 6833 958
2 386 5228
9 387 3527 6325 4568 4684 5789 4881 5588 387
12 393 3454 4073 4389 6627 6287 5641 3857 3786 847 393 6297
9 396 2896 7077 5757 5075 2458 7189 1220 396
17 397 2524 4972 1397 604 3803 1629 1835 4411 5716 4081 3627 5502 6274 1109 2727 1629
6 397 3693 2414 5929 1230 3803
25 398 493 3324 4327 877 5304 453 5133 5631 1714 3968 6114 2799 5967 7269 2563 1201 4130 3797 6230 3375 6828 1972 5967 5661
8 398 4278 6215 1756 3878 6173 6436 493
12 402 7201 5450 1958 3433 6861 5888 3600 6693 2623 6303 1958
5 402 6079 6880 1143 5450
10 406 874 4688 2650 2397 2498 4473 7137 1970 874
4 406 5118 6140 6671
19 407 534 4365 3720 7059 6742 4374 5746 6425 407 5076 5420 1631 6825 2716 2412 5180 6710 5076
11 408 5059 3329 1398 5693 891 4623 5958 1426 4744 3329
14 411 3194 1589 2194 6794 7069 6237 3564 1148 4785 5527 5394 1173 5935
2 411 1148
18 413 4046 1766 7179 5050 2583 3207 3150 1679 7179 710 3883 2760 5803 6219 1519 5222 710
6 413 6025 6756 5817 4148 1766
25 417 6527 2935 3537 4251 3105 5186 3285 1989 3213 7000 6290 3866 2725 4402 1689 3881 2293 2941 5320 1294 6995 2870 1689 1215
6 417 6422 3105 3701 3808 6787
19 418 4629 6639 680 6907 5174 3625 3450 2982 418 1845 1144 1836 5696 6150 3384 1490 2249 1845
9 419 2620 4887 4440 5754 2933 2802 3599 419
15 420 688 3824 1077 4042 2310 2968 4125 6770 4410 6393 5504 5993 2376 6770
3 420 3497 729
2 423 684
7 423 656 6873 2335 2996 3043 423
2 425 1900
8 425 6614 3278 2000 5880 487 5519 425
9 428 1248 2757 1736 1139 3241 2113 996 428
8 429 6758 2661 1518 2951 5182 6123 429
15 430 5796 1187 5883 4992 1097 5084 1242 3025 2858 1020 3782 2468 7076 2858
2 430 3025
7 431 5818 1078 6771 6681 4970 431
8 435 3047 3359 5031 6042 5069 4867 3359
7 435 939 5099 3328 4413 1257 3047
2 435 4268
7 436 6620 3126 2705 5433 2004 436
10 437 5942 2592 3567 4309 3242 5202 5914 607 5942
7 439 1504 591 2945 2117 7104 439
2 440 4885
12 441 3602 2605 6973 1084 2184 2664 7028 3528 3215 1100 6973
9 441 3296 7032 2101 6122 5616 4386 4940 2605
11 445 2415 6747 5421 3120 987 5266 4136 6455 4808 987
13 445 5557 5809 3651 6655 696 6739 1998 6163 3430 6496 6755 5809
2 446 6493
8 448 1912 1091 6301 2864 6224 3954 1912
6 448 2863 6856 7291 6646 6819
5 448 7239 3349 1451 6646
5 450 3514 5413 5442 2888
9 454 6552 6160 1118 2517 6350 3330 892 454
5 455 4791 4245 5012 4424
4 455 7071 3024 5012
4 459 5011 1751 2980
2 459 6450
10 460 1782 4828 4624 2908 4758 6484 6153 947 460
16 461 1581 1915 1931 2149 4660 6601 6186 1447 6558 7271 5585 620 3407 3734 4660
11 461 2149 2660 4809 6716 4531 4880 6960 566 5143 2660
6 466 2391 2009 3596 3498 466
12 467 6501 7186 5955 1393 3926 6953 2209 7062 5907 3060 1393
8 467 5183 4392 4089 2906 4690 1739 5955
7 471 2242 4211 5994 2838 537 471
19 473 1054 3745 1584 4503 852 1923 5946 890 906 629 5412 3496 6660 852 2545 1389 5769 473
4 474 1542 1412 6516
4 474 6327 1964 1412
2 477 4524
3 478 6750 3874
8 478 6895 6149 1961 3971 6423 1207 6750
6 480 3016 2402 3414 4116 480
2 481 1082
18 482 4377 7114 4112 1286 6179 4463 6619 1624 5175 4208 3570 1062 2216 4900 2430 2886 6619
5 482 6725 3248 3558 4112
11 485 3244 1362 7157 1844 1793 6994 547 5241 485 2594
12 489 6947 2718 1316 4104 3249 2239 6440 6744 1700 489 2130
20 492 1334 7192 4000 3609 2255 2020 7192 1139 5047 6275 2887 5575 3193 5351 5937 4062 4318 4555 5047
5 492 2840 3731 4347 1342
11 496 6918 904 6698 5770 3572 1007 4704 2602 1550 496
9 497 4058 2513 868 2577 5701 7046 5259 4058
4 498 1088 613 4921
3 498 7144 756
11 500 896 3254 6692 4471 1575 2595 5752 2297 5898 500
2 502 2983
2 502 7309
19 503 6916 4475 6715 4990 4545 6727 3910 6723 6442 5316 5670 6019 806 1975 3027 3863 4193 6723
9 504 1249 3716 5441 6172 2601 7317 1576 504
6 505 3442 7042 1992 1877 6253
6 505 6672 4180 2765 5411 3442
11 506 3144 6360 3304 1418 5507 2002 3657 1495 5843 5507
6 506 6759 6165 2964 1687 1418
6 509 1710 3206 2058 5771 7115
7 509 6767 5229 2857 5905 4312 2432
2 509 4312
7 514 2305 3749 4529 6403 6223 514
17 516 2520 3811 1280 2215 5850 6515 5335 3946 1374 2166 691 2215 2377 3261 6761 1679
8 516 4379 5689 533 6151 1179 6998 1280
7 517 1080 2186 3645 6507 5425 517
27 520 3001 6102 5915 3696 4076 7330 6108 520 2771 6318 3121 1783 4525 3295 4134 4194 5387 5168 6162 2528 3121 5957 3103 5923 2907 2771
11 522 4610 1874 1506 3473 2111 2738 2145 7185 4717 522
34 529 6972 5267 4230 6045 6589 1536 7005 3128 5690 6504 3102 1382 1174 625 995 6489 2673 4877 5563 6736 3286 4438 1813 6933 4444 6225 6738 5301 1549 3345 1522 1355 6933
2 529 5690
12 530 6920 1609 6506 5079 4708 6361 2599 1568 5079 1043 2574
7 530 3326 933 6785 3161 1244 1609
11 531 7297 3006 7075 1888 4845 1807 1359 4498 2378 531
28 535 2300 5551 5486 6704 3771 5724 2632 2715 7067 1798 5486 6337 6977 5219 1491 1984 1592 1055 6977 1348 774 1116 1932 5105 7118 6824 774
3 535 3788 6337
7 536 1075 1011 6034 6286 3882 536
4 538 5233 3593 3516
4 538 6104 4085 3593
4 539 1121 6689 6553
6 542 1421 2949 1982 1357 3003
6 542 3362 1534 5252 4737 1982
16 544 3341 3446 4727 2977 4310 544 5257 1911 2905 7184 1908 4497 7171 2258 5257
9 545 2608 6557 1302 1883 2989 4075 4579 4121
5 545 4075 5780 2876 5871
11 546 2479 5940 1653 4827 1955 3255 5161 4182 4769 546
8 548 3880 645 3139 624 7057 4269 645
9 548 2539 3322 3428 2065 2640 1864 7086 3880
9 553 6966 4188 4666 4246 2948 898 1051 553
8 556 4941 3438 7035 4466 594 1734 556
9 559 2339 3578 6089 5331 3956 4778 4961 559
4 560 7224 3915 1701
2 560 5157
2 560 2637
6 564 2929 4397 4210 754 564
10 567 6135 1886 6068 1336 2756 1562 1416 1008 567
9 575 4292 5580 4127 1378 3049 1571 1275 575
8 576 4355 3698 2511 5092 1630 6855 576
4 578 4055 3616 4436
4 583 843 5205 1118
8 586 4552 5571 1543 1483 5385 4627 1076
2 586 1321
7 588 4328 5295 5968 3671 1334 7166
4 588 5644 5791 3671
3 589 5610 6551
5 589 3007 4760 5380 7297
2 589 3729
20 592 924 1774 7103 3378 7143 2164 4980 2459 3468 3228 1862 5751 1924 2171 5930 632 2022 4287 3468
5 592 4975 6221 5082 7143
10 596 7111 3117 4553 5139 1839 6663 2294 1792 596
7 597 4388 2129 3489 679 597 862
7 601 1812 2019 7245 5523 601 793
17 603 3896 5083 6022 5998 2308 2456 2575 6495 743 1724 2854 3180 2251 6087 1561 6034
8 603 3846 4551 3088 4740 4432 2133 6022
11 605 4686 2531 6315 6248 6518 2645 6848 1182 7178 605
7 606 6008 1382 769 7218 2420 606
19 609 1668 4715 1927 4928 3898 6302 5223 4426 4464 3370 3237 1585 6277 2889 5456 1041 7196 1585
5 609 2138 3197 6302 3237
9 611 5403 4047 3662 6280 4459 6247 1648 611
13 612 1236 1430 2754 4270 2078 697 1613 1699 794 7203 5499 697
4 612 4201 4571 2078
8 614 2628 3860 5830 5315 6757 1221 3202
3 614 3999 5830
8 616 657 6191 6392 7133 976 5546 616
2 618 7146
10 623 6448 903 4794 4747 6405 6145 713 4838 623
4 626 3234 4431 4616
12 626 4856 2485 4272 1727 5098 3563 6846 2154 3063 4334 5098
12 628 4724 7306 3112 6081 1289 1152 2169 4412 6477 3636 1289
2 628 6081
26 631 678 6779 6548 7295 1558 6031 6492 3068 4016 1169 2046 6567 5931 6687 3432 7060 669 6043 2131 4509 1535 4696 1105 5290 3432
7 632 1605 1960 5095 6268 1564 1605
11 633 5787 4738 3540 660 4445 7247 1572 3306 3321 633
8 634 1508 4714 5292 1789 3756 2355 634
11 636 1537 953 5561 1438 7284 5478 4308 5247 636 3132
9 637 5303 1383 2384 1301 5354 3118 4637 637
10 638 3243 3574 5706 2092 7167 2160 1678 2202 2092
5 638 5349 4157 851 3888
11 640 1651 5711 6481 4903 6642 3909 731 6092 3791 640
5 642 2767 4340 4771 5557
4 642 6951 5708 6747
8 643 4933 4682 3099 6762 2741 4541 643
15 644 6184 2106 5911 3948 5966 6177 6867 6978 2359 4869 6528 1058 4209 2359
4 644 4736 3859 6177
11 647 5542 5865 5151 5117 2497 5609 3178 6083 7078 2505
7 647 6142 4515 3761 4735 4859 5151
2 650 4493
6 652 7023 4155 1884 3020 652
10 655 6418 7045 5477 1601 6282 5309 5678 2212 655
9 661 3137 4256 3989 2047 3503 5147 2079 661
14 663 1288 4255 2045 3098 2546 663 4584 6051 3459 3511 848 3940 4584
5 664 6035 1377 3308 1954
6 664 3708 6786 2431 3672 3308
9 665 2787 1715 3547 7175 5811 1747 1794 3547
9 665 6090 2252 814 2240 5100 2069 1715 6230
16 671 3034 4283 4954 4070 1779 3895 4764 4231 3991 7119 3678 3995 3665 5452 3895
9 671 2785 1779 4924 3236 4282 2971 1486 4924
2 672 2548
2 673 2438
12 676 1713 3474 1973 3519 1141 6543 7031 2411 4963 4295 3519
6 676 5103 6259 1396 1823 1973
3 678 927 1541
3 680 1247 5427
11 683 5626 4649 5601 4369 1394 1770 5008 3967 2703 4369
9 683 811 6871 4589 2319 6239 7058 6871 2598
10 690 4115 1186 2793 6362 1089 1728 912 6262 690
4 692 5469 4010 6504
3 692 3102 3371
21 695 986 5060 3813 5639 2842 1021 3338 1431 6745 7102 5909 4439 1162 6648 6772 1380 5173 4298 1582 4439
6 695 1985 4754 5767 7110 2842
11 698 5774 3475 4151 3078 6033 5732 4109 2165 1326 6033
5 698 4366 1270 978 5288
15 701 4021 5838 4749 7010 4585 6780 1617 5833 6231 3533 2973 6737 5833 7329
3 701 2003 1617
3 712 2722 7144
19 714 6541 3129 864 4886 3070 4034 6945 5617 2670 5576 864 1313 4788 5463 2100 4489 3451 714
3 716 5156 2938
7 716 2897 825 1395 5908 5574 5156
11 717 6734 5841 3603 6850 4973 1882 4692 1208 4777 717
9 718 2893 6109 4538 5002 1192 6740 3801 718
5 719 5404 4923 5604 4598
12 720 3030 3342 3394 5188 2711 4449 6456 1761 5249 6363 2711
6 720 766 1458 2267 4505 5188
15 721 5269 6608 3845 2340 2063 1952 5054 2748 6133 6324 1732 4822 5000 2063
5 721 2710 2597 4079 6608
18 724 2188 5140 2185 6628 3907 6882 7277 2614 2875 2012 6956 4783 5393 3718 3815 6798 7277
6 724 5169 1267 2207 3391 5598
2 724 1860
7 726 2399 5565 1164 4192 5997 6687
3 726 1702 5931
8 738 4773 7089 1563 4965 6584 2752 738
9 739 4995 1949 7240 5362 5705 2772 1708 1949
6 739 5488 5402 2083 5500 6609
2 741 4039
8 741 7319 784 6183 7107 5136 745 741
12 742 4232 3865 6575 2483 5887 6057 2467 1142 3045 1264 4232
4 743 4087 5903 1561
11 744 3920 5435 1307 4401 2406 3589 3311 981 1112 5435
7 747 2680 1480 5093 5520 5655 747
10 753 7312 2170 1375 5886 3942 3379 2943 3775 7312
10 753 6997 5430 1417 4757 2156 6569 4917 753 2906
8 757 2228 2913 5715 5243 1485 2694 4237
10 759 3373 1299 1684 2135 2961 2248 5396 1329 759
8 760 1033 802 2143 1285 3659 4667 760
7 762 6641 3647 6797 3298 3562 762
13 765 6478 6396 5231 1014 4753 5521 3401 1895 4247 3008 5007 5231
8 765 1384 1070 3908 6396 6899 1498 1161
8 767 3437 1258 3944 5110 2282 6346 767
9 773 2380 1448 4653 3933 2357 1358 3251 1448
2 775 4204
2 777 7228
6 777 6354 3842 1429 1507 1402
8 778 829 3684 5797 1245 3733 6333 1079
12 778 3706 1858 1189 3642 4527 3681 3604 1493 2370 7083 1858
3 780 2853 6721
8 780 5729 4625 3548 3990 3830 1511 2853
5 781 5150 5713 2700 3546
4 782 5862 3383 1539
9 791 915 2954 1361 2488 2363 7214 4962 791
9 795 7033 5590 5172 7026 2112 2507 2796 2783
5 795 3365 4619 4342 2112
10 800 1335 6967 4206 2533 5628 2636 1450 1335 6185
3 800 2072 5638
4 801 6583 5137 5608
11 803 3065 4029 6531 5395 989 7061 907 6229 6968 3065
8 805 2289 7036 3067 2311 4820 1676 805
13 809 5094 6936 5313 6451 4332 5656 1851 2759 6110 1172 1760 4332
4 809 3534 2005 5404
2 809 4923
4 811 1308 6776 5601
3 812 2193 3920
9 812 3798 1449 2781 7029 6254 4810 7161 2781
7 821 2880 6827 2175 3976 4926 1731
4 821 4920 2593 2175
13 822 4860 5382 5306 1123 1546 5356 3073 1404 5934 7207 2296 5382
10 822 6462 6377 2211 5552 5536 4279 2768 6644 4860
11 824 2883 1330 1842 3171 1673 4938 4205 6021 6200 824
6 828 6982 4931 6545 5167 828
2 830 1831
3 831 6278 2163
6 831 4416 2861 6357 7332 6534
7 836 2557 6095 2329 1533 5091 836
2 838 1579
2 838 3845
2 839 1710
6 839 7181 2902 5190 2439 3206
14 844 2152 5444 1279 6643 920 2152 1635 5287 7206 1661 1925 2465 1635
11 844 7125 1956 3305 6006 1222 7176 1328 5807 7241 844
5 846 4915 3508 5528 1675
11 846 1953 4363 1407 4803 3790 5764 5675 2341 2342 4363
15 856 1049 4726 3492 3975 6410 6701 5142 7002 1482 5587 1597 1256 5374 1482
2 856 7002
8 865 6419 4959 3717 1293 5624 7290 6419
12 867 2291 2094 3493 5014 2709 4896 7020 7154 5062 6452 4896
3 867 5419 5525
18 871 5127 5131 4417 7073 1663 871 6154 1920 6469 1730 2315 1855 1193 6990 1333 2440 6154
16 875 1916 6166 4560 4974 4536 4840 2834 2274 6952 5596 4393 3613 2104 1545 2274
4 875 4730 3039 4974
10 881 6383 6412 1371 5829 2651 2086 7066 1971 2896
5 881 1015 5834 1152 5829
2 882 4985
10 884 3825 2751 1034 4483 5461 2043 6086 1680 884
9 885 6886 1524 2455 2790 5250 5755 2298 5554
4 885 4899 5739 1524
3 887 3162 4893
10 888 2585 5894 5275 2140 2097 3457 2915 1999 888
3 899 1620 3930
8 901 7009 6718 980 6590 4595 3374 901
4 914 6376 2402 923
7 914 1974 7303 5321 1891 5369 6376
16 919 2678 2396 6164 7170 4033 6494 2077 4745 1554 4418 2178 1834 7014 5637 2077
3 922 6862 6779
7 922 2122 6668 2375 4007 6929 7295
7 928 5148 7049 4981 6438 1848 928
6 931 6647 1813 2615 5409 931
4 934 4050 3427 3862
2 934 2235
7 936 4905 7037 4819 4219 3831 936
5 940 5647 1698 1074 6026
6 941 1990 6908 5416 5586 941
3 942 7215 2452
7 942 1867 949 6195 2750 4639 1867
2 942 3312
8 943 6530 5728 4599 1006 6328 3100 6530
8 950 5068 5564 1754 2227 5506 5584 5068
2 953 4210
5 956 5348 3615 3958 2712
16 960 3217 4356 6267 4252 3984 5876 2701 4326 5192 2206 1570 4919 2337 2107 5876
15 960 5801 1149 4158 1196 6674 4913 2553 6441 6922 5366 3125 1295 6004 6922
3 960 3814 6441
9 963 1363 2807 3743 1083 2035 963 3380 4463
10 963 7160 5660 1477 4731 6565 5428 6175 3992 5660
7 965 6401 6340 5484 4490 5582 5797
2 965 6333
8 968 4243 1128 1664 2021 3996 3691 968
6 969 1473 3469 2040 6719 969
9 970 4891 3912 3253 1199 2403 1151 2626 3253
9 970 6594 3809 2472 6088 3858 7132 4345 3912
13 975 1904 5726 1881 5113 4105 3553 7050 7074 3209 6180 5632 6757
2 975 3209
2 978 3078
14 982 7080 6251 1140 7198 6728 5125 3465 6930 4218 1528 4645 4337 2008
3 982 5873 1140
13 988 1628 2050 5568 5338 4632 3795 3910 6467 1764 4668 5972 6727
4 988 5311 6991 3795
10 991 2769 3585 2890 1976 4293 991 5933 999 4125
5 997 6444 5893 4768 1496
2 997 4460
2 997 3701
10 998 3229 1622 5426 1347 6370 1218 1183 6584 998
2 1008 3646
10 1009 5988 1259 5725 3833 5860 5651 4037 2879 1259
6 1009 4775 1413 4487 6664 5988
5 1009 1969 1586 6066 6262
11 1010 4937 1890 5826 4480 7030 5627 1010 1261 5139 4596
9 1013 2070 4002 3301 7212 2791 3670 3104 3600
2 1013 3104
6 1015 6709 6889 1090 4935 5163
4 1019 5623 4482 1735
4 1025 6207 4575 5535
2 1034 6724
8 1036 6891 2222 3754 1369 3335 3223 1036
10 1039 1488 1943 6815 1284 5534 6182 2220 3279 6804
10 1039 1755 2801 6018 6875 2074 7310 7018 4124 1488
3 1042 1317 2317
2 1042 5198
7 1042 4214 1583 2851 1246 6345 1317
2 1045 1065
3 1045 2966 6051
3 1048 5005 4462
2 1048 1389
10 1053 3252 2878 3111 1266 2530 2417 6822 4702 1053
8 1056 2139 6320 7145 6796 1366 5864 1056
9 1066 6752 6316 6937 2944 4131 1066 2960 6689
14 1071 2062 5508 5325 2558 4228 3053 4804 1071 6868 4748 2739 6432 4495
2 1072 1385
2 1078 3609
4 1085 5687 3822 5030
8 1090 2192 4391 1436 7012 7124 4447 5773
9 1092 5933 1814 2967 4755 6912 4370 4511 2968
11 1092 6055 1204 2920 7234 3703 1946 4476 5540 3641 7234
3 1092 5344 4604
7 1093 5364 6651 5215 1994 7120 2916
2 1093 7120
4 1095 5210 3122 3705
8 1102 5373 4751 6065 3525 3113 3081 1102
10 1110 2059 5466 4322 3872 3363 2621 7048 3763 1110
2 1115 6836
2 1122 4565
7 1131 5735 3482 1513 6729 1131 4668
3 1139 3840 5949
4 1150 2518 5844 2040
10 1157 6992 1168 5305 3119 5310 6161 3829 1238 1157
7 1160 4220 4359 4102 5080 5851 1160
3 1171 2090 4785
6 1171 7127 3152 4874 2619 5527
2 1174 4438
2 1180 4842
5 1180 4812 2153 1892 6273
11 1181 5676 4695 3986 2543 6205 2834 2367 4594 2808 4536
3 1181 4943 6205
4 1182 1325 7301 6763
4 1184 6574 2928 6762
4 1194 3683 5226 6172
10 1194 6067 6528 6898 6510 3106 6803 5951 3566 6898
12 1195 4338 1424 4484 5120 4381 4250 4068 6971 2450 3977 4381
2 1195 4981
3 1197 6196 4155
6 1197 3778 4313 2061 6198 3294
8 1198 2392 5026 6694 5669 4488 5804 2126
10 1200 4950 7097 3518 2755 2950 6330 5049 2219 1200
7 1205 7229 5927 5184 6407 5777 1205
5 1214 1660 2457 3145 3327
2 1217 2908
10 1222 2852 6080 4916 5458 4236 6520 2502 3435 2852
2 1226 5844
10 1229 3426 4301 1274 2565 2010 6491 1928 6243 4301
9 1243 1843 7158 6473 5158 2336 6617 1859 5909
5 1243 6680 1722 6884 2336
3 1251 3477 4940
3 1251 5447 6304
6 1253 6335 2770 3336 5919 1253
3 1262 3687 3574
5 1262 5431 5460 4242 5706
8 1263 6052 2109 2039 1683 6845 6052 5571
6 1263 3969 7292 1540 3901 1263
4 1268 6138 4844 3782
7 1269 4025 4009 3555 4834 7153 1269
6 1271 2136 5189 2571 6474 1271
5 1272 2506 3539 3911 7045
6 1272 5299 5494 2159 6905 3911
7 1276 5674 4523 6764 2379 5019 1971
2 1276 1816
2 1276 2651
3 1286 4895 3380
3 1291 4404 2763
2 1291 4070
11 1291 1711 1614 1514 2413 3409 3166 4761 4191 4548 1514
7 1305 7298 5317 1805 2147 1305 1676
2 1306 6216
9 1312 3456 6926 2187 2826 4111 4862 3456 2646
3 1312 3759 6298
10 1313 5358 5720 2551 2275 6993 3723 3812 6592 5358
4 1325 4800 4361 5274
2 1330 4897
10 1331 1623 5446 7141 1399 6748 4675 6084 5300 1331
3 1349 2052 2159
7 1350 7226 2534 1853 6795 4041 1350
11 1351 4756 3819 6094 6526 3916 2491 6806 3937 7022 1351
13 1354 6914 5906 2183 6222 6860 6228 2658 3611 5003 6818 2991 2183
2 1354 5864
3 1357 5203 3983
2 1359 5414
2 1371 4466
2 1371 7044
2 1376 1415
2 1376 6703
8 1379 1696 4267 6883 7109 4520 1553 1696
6 1379 4841 5753 3938 3204 3680
3 1387 3867 1657
3 1387 4969 5467
5 1405 5805 3626 4352 4350
7 1411 6176 4651 6069 6212 1411 1455
2 1413 1651
2 1422 3201
11 1432 3094 4732 2567 6949 5612 5763 4664 2374 5842 1432
13 1446 5254 2501 6828 5429 6244 5363 5242 5055 5178 6645 6523 6244
12 1446 7081 5436 7025 2177 6790 2676 5445 3116 6667 6464 7081
7 1446 4522 3130 1918 3855 5493 5429
2 1452 7042
10 1452 2930 2829 5928 1885 3849 6453 1877 6641 6952
5 1465 5390 2327 2303 7109
7 1465 5969 2538 6981 4225 5680 2303
12 1466 5154 5979 2033 3486 6587 7258 1466 6630 1933 5272 5810
4 1467 7314 4373 2900
2 1467 6761
2 1474 6474
5 1475 4260 2064 3623 3950
11 1479 7262 6009 2082 4621 4064 3935 2481 7236 1479 6141
3 1484 6896 3178
5 1497 4746 7220 1603 6709
2 1499 4034
2 1499 7034
2 1500 2736
2 1520 4431
3 1520 4863 1727
4 1528 3195 3233 7203
4 1528 6146 3173 7198
8 1530 2276 4276 1917 4262 6864 3870 1530
2 1543 7009
2 1550 2381
2 1558 6567
2 1564 4722
2 1564 5425
2 1570 6123
2 1573 4987
6 1577 6814 2674 2737 3746 1577
10 1595 3929 5205 4782 1962 6885 5772 6054 6070 4782
6 1598 5318 6406 2580 6444 7252
6 1600 4562 2441 6509 6679 4688
2 1600 6679
7 1610 7304 6348 1984 3656 4103 1610
9 1621 4285 5861 5439 5741 6285 7321 6829 2260
10 1630 4051 6283 4674 2659 6682 3222 3470 3026 4051
7 1641 5831 5512 2987 4656 1868 1641
14 1645 2093 3386 2477 3719 3062 6359 1818 3588 4409 3214 3551 6359 4726
3 1652 6624 6495
2 1652 5998
7 1654 2649 4870 2362 4889 2365 2942
2 1654 4055
2 1663 4313
2 1664 3781
9 1670 6103 6511 3550 4942 2254 5291 4929 3550
11 1682 3620 5434 2884 6615 3159 7052 2132 1745 3458 1682
2 1683 5564
9 1697 6099 4353 5792 3181 2617 3654 5550 1697
8 1705 7000 3755 2999 6853 4110 6276 3755
3 1705 7253 4402
2 1714 3324
2 1741 3298
7 1754 2312 7168 2285 2643 3607 2312
3 1767 3488 3555
6 1769 2634 4132 3579 3580 1769
8 1770 2662 5819 7217 4945 5025 3271 2662
11 1788 4991 4362 4403 4558 6876 4479 2706 3877 3961 1788
7 1791 2118 4433 2542 4372 3082 1791
2 1810 5194
2 1813 3034
3 1817 6446 3959
6 1817 3963 3225 4065 6654 3213
2 1817 2445
2 1847 4533
7 1847 4316 4457 5543 4181 6114 4554
3 1847 4944 3968
2 1853 2612
2 1854 6672
2 1879 4855
2 1889 2635
10 1906 6610 6636 3618 4090 5405 3694 6332 1906 4329
2 1938 6423
2 1943 2220
5 1953 2865 7213 4566 3542
2 1956 3156
2 1969 2005
2 1969 3396
2 1977 2535
3 1987 3011 2088
2 1992 3682
22 2032 3502 2525 3779 6746 5665 5244 4001 2773 4491 6409 4739 6544 6939 3925 4772 3218 3163 5119 6409 3779 6520
8 2032 5511 6048 6445 2584 2892 2573 2525
2 2047 3810
2 2060 5580
3 2073 2214 4631
4 2073 3873 6897 7322
3 2075 3998 5417
2 2076 2604
2 2076 3083
2 2097 4355
2 2114 7138
3 2120 6984 5070
2 2120 3200
2 2120 5747
11 2137 7293 6264 2970 6586 6591 2262 5056 6421 2137 4202
2 2151 4180
2 2188 6882
2 2191 3002
2 2261 3695
7 2270 4425 2895 6654 4234 5073 3126
2 2270 5186
5 2302 3347 5472 6475 5718
14 2309 4451 4153 3826 6288 6706 6726 5892 5989 6640 4864 7094 5094 5786
3 2309 4707 6726
2 2310 3497
3 2332 5400 6494
2 2351 4559
2 2355 3325
8 2358 3538 4261 3569 5323 2572 6677 2358
2 2361 5929
4 2363 4452 5209 4965
2 2371 3984
3 2371 3158 3217
6 2377 4597 5235 3531 5607 4373
4 2380 5518 5296 2948
3 2380 6349 6398
2 2400 5465
2 2417 6405
11 2418 4195 5146 5980 5837 4101 3835 6035 3905 5443 2418
3 2422 3601 3367
2 2425 2455
2 2437 4751
2 2443 2677
12 2447 3048 6174 2860 3918 4239 5224 5681 6964 5108 6115 5224
2 2447 4239
3 2463 5532 4347
2 2478 6978
2 2486 5315
2 2495 4760
8 2497 2909 3764 2847 6559 5877 5208 2909
2 2501 2623
7 2503 7316 6650 4605 5694 5783 2503
2 2518 3943
7 2521 5132 6169 2986 4883 5558 4188
2 2521 5558
4 2540 7328 3062 7039
2 2540 6773
2 2542 5968
4 2549 3403 6217 6936
2 2549 6451
2 2557 4475
4 2559 6245 4314 6932
6 2559 6700 5289 3421 4430 5394
2 2575 6546
2 2578 2732
2 2579 2631
2 2595 2870
2 2617 5753
2 2626 3307
2 2648 5361
2 2648 2932
2 2659 5487
3 2667 6155 4004
2 2676 4667
2 2678 5400
7 2680 5337 5707 3141 6358 6344 5337
10 2690 6374 3352 5293 6064 3014 6386 4865 5383 6374
2 2702 5606
2 2702 5018
2 2729 5111
2 2737 2860
2 2742 3616
2 2743 5536
2 2743 5704
3 2766 5731 4146
3 2766 3291 4787
2 2774 3488
10 2774 4263 3709 4967 3690 4711 5916 5324 3452 4263
2 2774 6311
2 2802 4214
2 2817 3214
2 2819 4605
2 2822 7188
6 2823 4078 5782 4140 3668 2823
3 2833 5216 6799
3 2838 5944 6158
2 2856 5632
2 2859 3914
7 2862 3940 5756 6107 4968 5270 2862
4 2874 6612 6521 6913
2 2877 4534
6 2884 7155 5459 4177 7328 7204
2 2894 6768
2 2920 2966
4 2925 7208 4145 5226
2 2925 6528
2 2928 4957
10 2939 3669 4580 5913 5424 3455 6137 3689 4814 3669
2 2950 4911
2 2951 4170
6 2978 5648 7139 4343 5945 3976
3 2978 7064 4926
2 2981 3513
2 2981 5129
2 2982 5289
2 2990 3139
2 3019 4611
2 3031 6485
2 3046 3275
2 3048 4404
6 3056 4956 7305 5917 4550 6234
2 3061 3477
4 3061 6258 6901 5365
2 3076 5737
4 3107 6449 3320 5455
6 3107 3282 5526 5053 3575 3320
3 3147 6606 6613
2 3148 7183
2 3151 5892
2 3204 5772
2 3204 5265
2 3268 6360
4 3292 7246 4801 5900
2 3321 4759
2 3333 6722
2 3335 5416
2 3336 5081
2 3338 6617
2 3349 6383
2 3370 6596
2 3376 4343
2 3387 7172
2 3426 7268
2 3462 6385
7 3462 4452 6954 5352 5962 4008 5209
2 3473 6179
2 3474 5351
2 3485 4927
2 3491 4915
2 3529 4140
2 3583 7059
2 3583 7276
2 3596 5073
3 3684 5891 3706
3 3732 4638 4575
2 3734 4755
2 3792 4545
2 3870 6231
2 3875 4097
2 3883 7269
2 3889 6605
2 3889 4908
3 3945 4731 6407
2 3958 5401
2 3964 5693
2 3974 5698
2 4038 6293
2 4048 4568
2 4132 5248
2 4139 4368
2 4185 4913
3 4220 4249 4744
2 4249 6582
2 4362 6767
2 4372 4756
2 4434 6618
2 4452 4655
2 4459 6171
2 4508 6352
2 4544 4768
2 4656 5434
2 4658 4976
2 4691 4836
2 4709 4995
2 4720 6899
2 4766 5332
2 4815 5310
3 4820 4961 5808
2 4889 5279
2 4931 5038
2 4932 5981
2 4946 5972
2 4980 5547
2 5046 5263
2 5093 5975
2 5107 6511
2 5110 7223
2 5117 6314
2 5167 6748
2 5170 5768
2 5281 5466
2 5348 6417
3 5421 6220 5733
2 5566 6868
2 5586 5714
2 5612 6108
2 5645 6547
2 5657 5806
2 5722 6793
2 5847 6470
2 5879 6196
2 5879 6198
2 6023 6475
2 6039 6871
2 6147 6749
2 6731 7124
2 6802 6850
