4234 151
94 1 736 2149 3792 195 4146 2986 3308 1547 3621 1371 2080 1748 149 3177 761 1062 471 423 29 3568 4221 47 3553 3343 1448 1663 3058 1492 3712 2990 2700 699 1082 3243 2372 3274 757 291 3239 1623 1217 3073 247 1449 4170 2915 3148 4170 3157 3223 4021 3101 3119 1231 360 3278 383 2634 1134 1537 413 888 72 3684 2374 3608 2520 2623 3312 3930 1434 3080 3930 3204 1906 1865 3458 819 857 915 299 653 2260 3578 1728 2273 3346 3455 2526 3338 3815 1012 3553
119 1 2548 3635 1969 3433 2525 2318 338 2422 3206 1716 2641 151 3241 3760 3978 1314 2061 3802 45 3392 313 3041 1707 2521 1926 1804 3616 651 1473 1780 3120 3231 1780 516 3077 3898 631 538 3195 730 538 1800 453 2868 4032 1755 848 3657 3112 3956 275 2532 1427 357 1657 3966 2931 2345 257 3804 525 3142 2928 1647 2446 2876 1950 3769 2876 3086 4143 2271 3086 1559 2420 890 3476 970 3783 1004 1854 1014 1004 2817 1245 2912 924 3222 3564 2649 3633 1425 1118 2174 1797 873 3881 135 2192 34 2754 298 3600 2512 644 3445 94 1997 1826 1120 2395 2095 2022 3919 3026 327 2752 3956
150 2 1350 2418 1641 2425 3860 1361 184 130 4067 955 2987 2903 2611 2673 3059 3546 3830 2445 3546 2610 1914 3851 347 2137 78 2835 1981 1140 855 1602 1975 3426 1402 1110 518 3363 3030 1076 1430 3191 627 3505 3619 1461 2704 3365 3160 4068 1019 2831 3024 418 2908 2682 1216 3251 728 1396 1441 2324 3178 2470 4158 2028 800 3644 2393 2299 2211 361 1872 3137 361 3694 1327 2663 3518 536 4014 2473 2479 2528 177 502 3837 3181 2349 2078 3985 1791 71 4214 1932 2259 3598 2238 2584 630 897 2568 1494 1757 2879 1485 3240 2562 3901 3775 259 2030 2750 2883 397 771 2904 397 398 3322 1356 2088 3322 1605 3655 2111 3847 2960 2841 2465 227 3108 3563 4161 105 3563 4206 1085 3492 2653 372 449 2552 2344 3092 2816 1594 2757 44 2796 2470
88 2 2418 4072 2045 3486 2773 310 1736 152 1046 1423 464 3618 3055 3900 3614 314 3021 2760 19 1753 581 19 1694 940 598 1355 3836 3739 2424 3873 3771 3942 2861 2523 2032 4232 3523 2164 1413 1785 2164 3764 290 3903 4154 3400 1086 3125 954 2555 1930 2942 2582 1493 2942 4092 1904 2202 2130 289 110 3459 4022 2248 515 3923 2621 2450 1386 2431 3700 75 316 2311 2074 1209 3402 586 1209 3776 141 856 1973 181 2050 919 1981
73 3 4074 907 830 104 3821 3997 3282 1944 4028 1619 1643 3993 3360 2671 4 2492 4144 747 2084 539 2104 4094 4130 1152 2351 1962 2108 3294 2203 3296 1420 2090 3834 1508 3074 2001 2639 3905 2759 2862 102 2191 1887 1586 1819 3525 1836 7 1661 3176 3491 3984 2533 2116 2118 2770 1578 762 144 1578 2140 3339 470 1516 2247 3696 1516 236 508 1767 1340 3847
25 3 1465 775 140 1267 3833 2602 2559 1957 3742 2559 2807 1620 3350 695 1141 1744 2146 913 422 1392 1071 3207 1023 1586
104 5 381 3469 2232 1189 590 176 3226 549 607 1873 670 4102 1883 4106 2042 1883 3229 2739 4113 1566 2441 979 2096 2039 2613 3166 895 2347 1533 2937 3390 2085 2937 3646 2635 765 414 3301 2707 270 1412 2427 4073 2580 1520 2808 1203 839 3607 3960 499 2024 2927 4031 3018 4010 501 1053 473 1073 3096 86 1397 1721 770 3237 3197 421 4029 3306 346 1885 3596 1569 969 99 89 1673 99 2034 1656 3214 4018 1306 2541 3064 1238 1018 2856 3609 1877 2314 588 3302 910 733 2537 527 129 3622 281 3429 5
214 6 2501 3326 2258 279 3334 46 1946 1101 2801 4019 790 2049 3034 790 1164 1955 1243 2302 3547 945 1881 3054 1083 2287 1703 2142 2337 1323 2031 917 1951 1717 402 1142 4097 1331 1749 1912 3781 3721 4127 2529 3273 3927 2529 3732 1731 1679 3732 171 3939 1050 929 324 1207 1043 2226 3983 1409 2182 2993 3855 3150 1256 58 3907 263 58 403 3624 3807 2667 2044 169 1604 4145 169 1601 2734 1690 3330 3477 1637 3720 3912 3075 3682 411 4225 803 3154 408 127 425 3962 2870 523 478 1642 2818 51 541 2309 4076 3606 2309 4119 457 1248 3814 2884 488 1564 3414 158 4184 4193 1112 2814 2189 3369 944 2334 1530 2269 2967 1240 905 1684 363 2588 526 185 2207 4219 3963 3989 2977 3541 619 3698 2256 753 3136 2035 2657 3136 756 2383 3180 2154 3172 1572 2825 2475 1404 1880 1242 282 81 2079 994 2023 3295 3916 3255 843 1855 1058 3362 821 2648 1183 2447 2648 9 1701 3216 3737 1963 3510 1733 552 3348 1733 2651 674 3920 2650 2121 1545 2714 1799 2571 842 825 3005 1543 3147 1908 3961 2670 342 1029 3496 3140 1919 1215 909 1054 436 1166 185
2 6 3477
138 8 4077 3576 3643 3097 735 4141 3462 1699 3981 931 620 896 2033 1671 2459 351 2871 3179 3708 3464 205 348 3516 3016 2056 4231 1635 1372 3001 337 2036 3139 2812 3065 1385 908 4228 1580 1264 980 3891 3526 2161 2508 3719 887 486 2982 309 1746 1171 1272 3955 1092 1415 92 3697 245 3741 3697 2852 1995 2323 237 3270 1428 1696 668 4007 1090 1917 3070 1293 2139 3493 3068 3840 3442 120 3522 965 2055 3524 2705 1652 2282 1347 3268 783 143 2375 2086 1227 875 3661 3845 811 3772 3015 1938 579 1682 3049 1351 3230 2632 4000 3388 3202 3906 3384 1026 1200 1664 742 2411 1117 2924 2761 633 657 3309 2951 3638 3248 3351 1860 582 1712 2837 3110 3106 2021 3117 1777 4147 92
49 8 1395 336 3031 2234 2721 3153 2410 1159 1704 221 1178 3053 3368 3498 2779 3368 3305 2921 3012 1509 2892 2295 2507 2789 1354 3504 3556 380 3168 2744 2998 3391 3790 2051 725 2439 2730 2943 3164 2261 3798 1188 138 3536 3283 3310 1366 1415
96 10 15 3198 91 2664 1013 497 2305 2011 4223 2971 2462 1499 1241 3100 524 3303 3664 3259 4148 4126 2558 2040 4016 2006 3071 635 1139 1774 2882 3410 2490 517 2434 2228 458 3144 1039 1968 2783 133 1162 322 2869 3211 322 1511 1114 4133 2070 836 1326 2794 2353 2629 252 835 3289 867 426 3922 2574 3587 623 3325 3275 3025 982 4042 704 3552 3913 96 3896 2957 3102 510 2432 3852 1959 2276 2503 201 2276 1212 2195 2379 1148 1089 3995 1003 1524 998 3528 4132 4223
100 10 1842 4056 1080 150 2449 3801 3935 2516 1383 2252 4121 2113 2204 1828 3766 1471 1068 3182 1599 3826 2413 827 3109 984 1454 2215 571 349 1976 1812 1446 1408 2123 3959 573 1387 1146 4037 1387 3329 203 3810 2198 2608 2844 3185 1098 3933 2984 2723 3933 404 1894 269 2853 1994 269 2120 1582 3215 2716 3630 3610 999 2954 1839 2534 2442 1897 3121 2328 2184 1219 791 2281 1778 1009 2281 1920 1948 2551 4015 1603 2956 2832 445 2956 4178 1020 352 496 1353 1357 1615 365 3867 1693 1590 3206
138 11 655 2250 871 295 2178 2907 4039 1337 2286 971 2455 3438 622 3818 3386 3642 2518 3386 424 932 2527 626 2636 2983 79 605 868 79 2991 2544 2143 2069 2873 889 1438 3480 2428 2304 743 2326 124 1403 432 2366 578 3017 563 2394 2251 4001 3972 4173 3572 2764 3321 941 589 1401 2517 799 2214 1724 3654 2099 1971 319 1312 2706 2660 3219 61 2660 1320 2440 2995 2292 193 2112 68 3735 682 514 2722 4058 370 3885 1653 2655 441 462 2655 3290 2486 3967 1127 3311 4085 1782 978 2285 2443 3418 3081 211 1122 1028 2255 1194 2369 2922 2378 2369 1187 1410 1934 1815 43 706 37 2691 2162 194 1205 809 3090 216 3566 1942 3936 689 2386 3602 4186 613 1321 3444 2326
49 11 3880 2159 1155 3634 802 1155 2391 2959 2452 3593 73 1553 1228 3759 456 474 340 108 769 494 503 3159 567 2591 3169 3994 3843 1751 833 1065 1223 2277 1113 4197 3192 2397 1630 440 1488 713 2897 3254 2743 707 732 3450 2136 743
90 12 2354 2809 2740 134 2775 3032 1759 1512 218 3406 638 2626 4033 285 752 2156 2016 726 1901 1606 1741 1970 1613 585 637 3980 2758 2029 3831 2902 3318 4194 3669 330 2885 2553 3143 2217 1259 3284 849 2561 168 3639 1794 3304 3280 3990 3484 3928 3990 2147 2233 1375 447 196 3704 3449 1367 877 1275 1999 2802 1011 639 1529 442 3513 3559 2218 3715 2803 482 3193 179 1747 1108 1097 3991 2702 3394 1070 3494 1692 260 2476 2354 244 12
89 13 2460 2505 1772 949 1221 332 57 2068 4011 1754 3988 2778 2419 1382 2046 3116 810 2826 3370 1846 1719 4207 3632 1303 1087 3019 3641 1793 3953 3238 2157 2263 3590 1016 405 952 1002 2923 4030 2082 2622 2199 2169 1220 224 3871 1983 2209 1464 1322 1296 723 3924 3133 2115 438 658 132 2144 3500 3555 2388 574 992 615 228 3550 1923 3965 3979 1010 4109 1477 1063 3660 2048 2197 4100 900 3816 2429 2735 1825 355 117 661 865 13
39 14 1871 604 3853 4152 472 3793 3183 2396 3594 2089 2488 3375 1027 1787 947 3895 3244 375 1302 3992 3291 1583 1197 3199 2658 2244 287 2592 4135 3620 2193 1078 1133 1252 677 808 2644 151
29 14 1462 3877 2586 1462 2241 2230 2063 933 3511 2091 995 2180 3878 500 2291 1376 3460 1186 2694 378 2307 1455 1843 2298 3128 768 2298 47
285 16 2245 1715 242 491 2187 3419 2545 694 2110 3340 1271 1040 239 520 1421 2308 297 3592 3876 1584 1222 3671 2926 232 3380 1281 1330 419 724 390 611 161 3861 1813 1522 4017 1523 1435 3625 2732 1629 3249 2013 3560 1941 1729 1998 2828 2231 912 191 4048 1163 1922 1177 1310 1282 1262 3358 3269 4215 1961 3882 2220 1390 964 64 2543 964 1109 2481 300 645 2481 2012 3266 3503 3356 542 3571 594 1024 2435 3533 1655 339 4063 2102 3138 746 2685 1181 2457 957 2821 2457 522 801 869 3288 546 521 3508 3595 804 1954 1834 4111 680 2387 3089 1884 240 3726 1119 1185 85 2936 1550 1036 3235 2579 2514 3677 3597 1263 2355 359 831 772 2815 2279 772 4233 1128 696 1038 1081 1224 2918 899 1526 2172 3399 1658 3717 206 3857 2661 1176 1798 3987 3558 1573 3856 3010 1180 840 2790 469 584 703 469 1300 2596 1534 2444 1735 1138 2409 3605 213 4224 938 3687 3292 2357 2847 146 993 2810 2988 656 2057 3723 1374 3659 3692 1374 1937 1193 1972 3135 1193 834 3797 1130 1432 2480 4035 1568 3648 3440 2662 2482 576 2041 4212 576 3188 306 1236 1542 166 1781 1531 902 256 2972 475 3265 2365 3615 1378 4174 1094 4188 155 1882 264 1535 1497 814 1740 163 750 3056 2433 163 3758 1328 2216 178 249 2216 122 2733 3320 1123 3141 28 315 2917 3495 4125 643 1965 60 3258 2170 1760 1345 3699 3570 1174 1345 3893 317 838 3888 1779 921 189 4108 3293 3872 2941 1808 3650 866 3542 1979 946 3292
2 16 804
64 17 1675 1515 3004 850 1622 1847 369 487 729 1116 1266 4020 3432 606 2148 3398 3246 3765 280 3352 2784 1711 67 220 1173 1868 1344 692 4163 1344 2119 3693 3344 712 100 3344 2659 983 2454 4226 3561 2454 545 537 2858 3008 1571 1060 3629 182 1249 3982 304 679 231 1033 1576 956 2373 1165 1830 2373 1140
107 17 1478 2336 1006 2728 693 3573 4095 1636 1458 3678 870 1486 2542 3910 3098 2905 2227 2350 2905 3514 103 3366 2212 3825 3327 1126 42 3060 1776 1600 254 617 2498 3130 3824 272 1253 2755 2152 2283 4034 1342 2777 3763 3050 1988 1585 2665 1902 1667 2678 3083 3175 1818 3415 2100 3637 3806 3938 1388 3731 846 1980 112 4107 2746 898 3751 2646 1921 1261 334 202 1838 119 2289 858 4055 4204 678 1851 2331 782 410 1723 782 2859 3964 3124 1660 3038 832 2572 774 2756 160 4105 1933 93 2343 481 3711 2017 452 1862 1458
156 18 2171 2303 3256 551 2766 3341 2168 2341 2190 3530 1135 1540 1644 3688 1952 1577 2385 2335 1507 3971 2607 1507 1849 3588 4203 2953 66 4203 3788 2073 740 1190 1809 3452 2913 1398 926 2135 2229 2782 428 3727 2881 1125 2015 3298 2540 1358 3161 3940 1935 3161 505 2043 3757 859 1940 366 3934 1940 1631 3057 3104 2680 698 2117 1407 3957 1896 2581 30 2677 1055 4164 2677 3413 2614 1645 2838 1287 2843 1514 147 2684 1399 2780 3519 1184 544 3577 2267 675 4054 4003 1784 4124 641 916 3817 2103 3868 1500 1424 4046 854 2547 3022 217 1893 4129 1381 2857 608 1928 2627 1889 1475 3750 2223 2909 861 200 2077 1544 665 1646 3473 2968 431 2800 1411 1764 3582 1250 3404 2236 816 2751 1470 937 3471 592 416 1683 312 253 3724 2097 3603 1548 188 796 1295 1583 3197
41 18 476 126 3272 1801 2791 3272 2720 2724 226 2421 3975 3162 4150 4139 2590 3129 3902 3465 2741 2836 1132 2288 4059 4050 2880 1810 3013 123 1810 2935 2474 1761 792 3200 3224 612 4009 465 3420 698
86 20 669 2360 2798 1406 3636 640 3540 1143 883 3184 3917 165 2698 4043 3917 1680 2320 1192 2133 652 1192 1451 2417 3234 2696 3973 1348 2696 293 2535 2158 3233 1517 1191 2753 891 1672 2753 1681 3926 87 1289 2127 1567 4036 3774 773 3915 3342 2160 3079 4160 3408 2767 3747 271 356 785 862 990 734 268 3000 3446 1992 3379 3396 1742 705 2833 2094 595 1476 722 2268 1737 920 2464 972 70 3107 2272 2900 3011 20
80 21 2992 307 393 350 1879 872 1393 1879 2640 943 3424 3986 2448 1833 2910 4200 2819 2932 2985 2934 2628 2973 547 3441 2726 1278 1931 548 1278 2037 1727 1984 3977 2340 565 4086 1549 927 4180 754 3943 1457 1234 3770 2875 1001 4199 2401 53 1198 1915 3672 3752 3376 3299 2710 3423 2194 3061 1773 2081 1346 2715 3115 3401 4155 3859 308 2092 2183 2072 3194 812 284 1766 2188 3537 118 1879
68 21 3435 3487 1720 1255 3403 2560 4104 3371 3892 2813 3998 3626 2747 2098 154 2451 2672 435 928 3974 948 2382 3063 1437 2242 3063 3072 1208 2380 1283 3189 180 654 1084 1947 2898 3584 1903 1802 3947 2167 1718 1442 2067 3722 2166 3545 1048 3447 1121 2854 1394 3858 50 1201 3538 3040 2316 1214 2948 3037 3958 4202 2595 1379 853 3487
82 22 3027 817 1822 2275 749 2205 1239 2321 2200 3653 554 374 4091 3557 807 4185 1626 2874 2185 489 2294 1732 2009 2925 2274 1299 1034 387 715 860 26 4159 748 1044 3779 2792 2019 3652 2718 2643 1332 986 687 1270 671 3506 2652 1414 649 2652 1698 2484 1824 1115 2469 3499 815 2683 2712 3707 885 923 2593 3163 1985 1015 3713 83 3377 384 2564 4103 1206 1204 2524 2293 1204 2785 267 817 22
23 23 557 156 3819 1031 662 2515 54 1480 4162 283 2471 3785 255 3155 4198 2851 1405 2004 935 1960 3569 1446
7 23 156 4122 1273 2325 1352 1590
157 24 2290 1633 2939 3969 451 936 2384 1796 2477 3839 480 2711 903 3734 59 4112 3082 3385 3716 1161 3436 3870 3549 3132 1745 672 4090 4222 4213 893 991 1739 845 2963 4079 3709 1057 673 197 3529 1503 2587 3651 1503 2025 2570 3799 2025 1453 2834 3835 2824 2805 3628 1007 3512 3020 3105 3744 1943 625 1460 4057 572 2549 2371 1170 395 981 3520 1069 219 3520 3281 1481 1145 31 3421 1929 3457 3378 3407 2914 2301 3209 1237 3548 4195 863 710 2206 3218 1814 2221 2128 3084 951 1608 1967 433 1095 3908 2938 2955 463 2637 1467 2300 84 1710 3149 1722 1501 3434 333 3451 409 709 3076 1168 823 906 2864 1104 3617 318 1685 2071 2688 1687 2894 341 1927 1829 2645 1927 1595 3562 3088 3929 3551 1795 1482 4098 4047 2522 1770 1313 1452 88 1025 1452 824 246 3373 31
38 24 1364 1579 3743 1706 3921 2500 3544 1756 1905 448 688 3832 2556 1294 114 3848 41 764 1144 2693 3683 1700 4205 1783 1982 744 3300 1639 2504 3685 1864 1105 2362 2692 3374 3604 3628
73 25 987 2889 3253 2949 1129 454 1490 4065 1498 2076 4065 2358 2356 229 760 417 2511 1286 3865 74 1669 532 2131 758 2389 2131 3036 3733 2222 1565 4069 2196 1875 265 3738 1788 787 394 2519 4027 3827 1668 3448 2381 3349 3118 1246 4169 3227 1064 2619 2569 2027 2361 1336 49 4064 325 2565 303 142 2793 2493 778 1213 1588 4004 2257 302 3217 2731 25
72 27 2697 3656 1640 2669 1616 2008 1311 3412 1251 69 555 1713 2237 1654 632 2062 492 3689 3753 2306 1627 2566 600 2787 3767 691 4026 4128 1861 3472 3257 3849 1075 884 914 3397 997 2919 1890 3354 2997 1041 2254 636 1199 828 321 2598 2822 4227 844 3780 1575 82 1989 1495 2974 2506 2952 558 564 2952 1857 77 354 820 1714 602 1762 1443 27
99 32 2550 776 3126 1649 4217 2005 2330 2872 1102 148 3889 685 2860 498 3482 382 2842 2478 3627 975 1445 1996 973 288 2472 3186 1111 3262 3382 3668 115 879 4045 3479 262 2989 2513 2776 2368 238 3095 3393 1325 1528 2820 3146 3864 56 386 1230 1359 1771 2944 4118 4151 1172 2317 4151 3502 1551 1316 1617 3285 3044 3911 3111 4134 3515 4053 3509 535 974 711 1021 1370 780 2617 1037 2348 2235 2567 1621 1570 1695 958 3531 323 76 3554 121 2772 534 3003 1607 2896 2769 4066 32
2 33 408
14 33 1422 2642 3690 3679 1821 3091 1521 3425 601 1676 1416 601 2704
36 33 3151 2827 976 1324 2173 718 4208 485 2053 1987 1419 4005 2797 3263 1556 1225 4093 2583 1953 3014 1925 2929 1541 3051 2530 2426 2738 1017 1634 3675 2430 376 1866 3838 3426
4 35 2867 4124 35
104 36 1891 3127 4165 1210 3046 1678 175 1596 2804 1837 399 1182 3809 2748 2219 477 1918 892 1022 2109 794 1892 3829 429 2946 2713 2322 3968 2083 4101 3754 1789 2181 2278 1277 3768 1000 3190 2899 1513 876 3782 241 1099 377 2969 276 646 2964 2485 3261 1817 1991 1254 2412 234 2467 3670 3208 1061 430 3808 3287 1298 4071 4060 1196 1368 2795 2150 1284 1956 624 562 2075 4087 4168 1697 3820 1103 911 1832 697 2179 1418 3532 2265 533 2403 3937 1878 223 2155 4051 2129 1670 1431 4179 3422 3828 1333 3127 36
110 38 4062 880 1552 1077 690 3925 1769 172 2863 4177 1835 3567 4177 199 2958 273 977 3854 388 2114 3854 1074 786 1447 2774 1527 1447 400 1811 1487 1674 1966 3428 1426 52 2597 1597 1373 540 3187 2329 1519 959 183 192 1459 1280 1831 1611 2855 3728 2975 109 139 1820 3345 3812 3796 1244 2717 3427 2437 3631 2888 2961 904 2888 4012 3725 1734 450 829 3703 2106 1587 1417 755 587 1369 934 2576 599 1666 1156 3052 1539 3247 389 3945 614 1807 2676 2745 392 4196 1632 3167 1232 3114 48 3574 2976 2058 2786 1518 286 353 1319 38
97 39 278 708 3437 1047 2916 2138 3158 731 1709 3328 1169 80 3667 415 174 2911 2763 1035 3844 1546 3918 3028 2266 3886 3507 684 4024 3277 2502 328 2239 1362 3333 2557 1491 3948 2849 4157 942 2007 3006 3517 1329 2895 618 1977 1318 495 294 4191 1665 788 1175 3883 568 1100 2654 320 2510 1910 1279 3976 1763 1466 3467 1763 1301 4140 3899 901 2675 1638 3663 543 851 3581 550 2947 3539 4070 2850 2297 2280 137 1341 412 2606 3087 3706 2575 1624 1469 1124 701 708 39
78 40 1510 461 3067 2950 3264 2126 4006 767 961 3730 2978 559 1506 686 368 3483 2554 968 2240 1247 3461 2240 1768 2468 3066 2453 3887 3535 2453 2945 3970 1974 186 243 3951 1691 243 3431 2436 3062 2125 2122 509 864 702 439 2625 1235 4137 3777 4171 235 1304 3315 2620 3497 3417 3267 1496 2830 2749 4041 3746 2848 2352 1384 1958 2630 642 2406 1858 3681 1525 714 1911 1924 40
4 54 3701 1096 54
12 55 3123 2132 818 4172 2402 2687 65 2866 1211 2405 2117
12 55 4117 343 3705 4117 4190 1433 852 371 1433 2940 2144
16 62 4088 3534 575 2546 1945 1440 960 2536 2253 1592 4230 727 1592 1844 1007
12 62 3534 1560 3695 4040 214 3996 3023 2788 826 2605 3435
67 63 569 2633 159 2296 3488 391 650 4175 1574 3276 593 512 3113 2342 3336 2679 1391 2262 4183 3710 248 1659 2054 455 3196 1845 3481 3811 1377 3173 2064 2339 529 3043 2339 3749 2399 1688 261 113 1317 2407 2901 3314 878 4166 2994 3035 683 3286 230 3411 511 1557 566 1005 364 2727 2930 2962 2107 717 3623 1051 2877 63
151 90 3795 4099 1598 506 2966 2725 2059 2768 3409 444 1338 2026 663 2765 2377 3952 2839 3152 3565 3791 3729 1334 882 107 2010 2603 1290 3474 2483 479 4061 781 4075 4123 4044 2494 950 3203 131 305 2213 3355 4201 3093 2970 3002 3093 3250 1400 4189 3210 1400 2729 2499 2980 2845 2499 3475 2264 1463 401 3319 101 2886 1233 3773 3335 2201 504 207 128 3099 207 2965 1276 996 2458 98 1538 628 1614 4081 628 1136 136 1990 1292 3364 1563 2177 3085 2599 577 1149 266 1806 3787 1167 1032 2840 2398 1986 292 666 1444 1285 3456 190 1308 874 3470 2538 2066 2703 2003 2414 963 1131 953 3954 2359 507 1291 2585 1650 3794 3778 2890 2979 1561 3213 407 1758 2719 1158 1389 2573 2762 2225 700 1307 4083 556 3047 751 1056 2631 751 1079 2264
37 90 3601 719 3405 3170 3313 3439 1609 3736 1899 3941 2370 4181 3941 1154 2638 2701 1052 1648 1179 344 1450 3702 609 4038 580 2060 3331 610 4209 3543 894 2656 837 966 2656 3475
16 95 3094 2823 737 3323 3033 3944 1750 233 3454 2141 822 3585 1429 2887 2011
15 95 847 530 173 3580 2364 1474 3748 3387 1315 4023 198 3745 3613 1812
4 97 3075 1258 97
32 106 1436 212 4082 3245 4110 111 2489 210 3914 3931 1949 331 784 4084 1137 1288 2313 209 519 4080 1856 2689 2578 2742 3789 157 1558 2408 2363 513 3365
11 106 396 3389 570 345 967 2681 3932 3676 1840 3178
71 116 2920 1765 116 3103 2846 2224 1274 1157 4120 3647 2163 3591 2690 2093 3591 1380 1456 1725 362 528 420 1260 2695 528 3822 738 2806 170 3904 4116 170 3813 779 1702 1895 379 3501 3761 2018 1651 4114 3691 2647 3252 1107 250 3416 2249 531 434 1045 667 1309 2210 3317 2539 2210 3786 4156 4131 3805 1483 1067 2047 2052 3069 3946 3800 2014 350
4 116 3897 2186 3687
19 125 1484 2332 1265 2153 3260 2666 2906 2736 3174 2487 3468 1827 4167 1786 4013 4182 2615 1636
90 125 988 3134 3367 3347 2674 1859 2737 3640 3489 660 1439 3232 4115 3874 3666 4136 3658 427 616 3658 1869 1147 2423 4192 326 2423 1738 795 3242 930 4049 1363 797 3205 2416 2087 2577 3803 1505 3029 3583 1479 1339 3645 4142 2333 2616 1841 4025 2327 805 1874 1939 3842 1705 881 1349 1705 3714 1532 385 3575 164 3909 4153 2589 3353 2878 591 1297 1852 2811 2699 2461 258 2893 296 3443 483 2404 1091 3228 1093 301 3201 3395 460 2392 1869
57 145 367 763 1504 367 3220 676 3674 1008 806 3755 3756 806 4149 3686 4008 3048 4176 793 1218 3324 2310 2105 1151 1591 3823 3430 3879 989 939 561 3490 3485 1867 1612 3665 2376 329 3894 3884 3862 3463 406 1562 3279 3478 1202 4216 1936 187 1150 3359 1993 3579 3212 2367 145
4 153 2781 2065 1954
13 153 1848 925 3383 2346 1978 2594 2463 204 225 2601 1269 956
49 162 4052 1909 4220 648 3271 3784 2176 3039 3611 443 647 1863 2668 3131 1555 1593 2624 1662 1886 1730 2456 2865 3297 1153 962 2709 2134 721 3453 4002 3841 2208 3045 3381 1468 1743 3381 766 4089 3337 2799 2563 2999 3846 3762 621 311 1340
16 162 4078 1618 3866 468 2312 335 3589 2312 2491 3599 222 167 3863 2246 1819
4 176 1489 2891 176
4 208 2165 274 469
14 208 2618 4211 3372 597 2000 1790 1589 813 1554 2686 2315 841 1975
7 215 446 583 459 1625 583 526
4 215 664 2612 1637
2 225 911
4 251 4093 918 251
4 277 3662 1509 277
4 349 3009 603 349
4 358 3974 373 358
2 360 2767
2 415 3291
4 426 1805 2497 426
4 437 1913 1746 437
4 466 739 2063 466
8 467 3890 553 3361 1610 1900 3361 3241
23 467 1686 3357 484 2400 2600 1502 3307 3527 1850 1305 1365 596 3332 2002 1229 1335 2002 3042 2996 1726 798 1936
4 490 3336 3680 490
4 493 676 3718 493
4 510 1059 3225 510
4 545 4229 1677 545
4 560 1853 2150 560
4 629 3221 3325 629
4 634 1098 1160 634
4 659 1964 1657 659
6 681 1752 2933 2495 2609 1576
2 681 3658
2 707 2174
4 716 4187 1916 3112
4 716 1916 2338 798
4 720 793 759 720
4 738 2390 1472 738
4 741 3122 1086 741
4 745 2708 1543 745
4 748 2175 789 748
2 776 4095
4 777 4138 2265 777
2 803 2356
2 864 890
4 886 1042 2280 886
4 922 3248 3740 922
2 944 3749
5 985 1888 1659 2020 985
2 987 2437
2 1021 3472
5 1030 3547 2101 2981 1030
2 1034 2075
4 1049 3950 2489 1049
4 1066 3341 2284 1066
7 1072 4096 1708 3165 2151 3521 4131
2 1072 1145
4 1088 3875 1438 1088
4 1106 3586 2990 1106
4 1124 1628 3612 1124
4 1195 2604 1704 1195
2 1197 3798
4 1220 3171 2243 1220
4 1226 2270 3517 1226
4 1257 1834 2415 1257
4 1268 1898 1627 1268
2 1295 2940
2 1300 4156
4 1313 2466 3869 1313
4 1343 3024 3649 1343
4 1360 2273 3673 1360
4 1378 2829 2124 1378
4 1531 3316 3850 1531
4 1536 1684 3145 1536
4 1581 2145 2715 1581
4 1689 3617 4234 1689
2 1758 2205
4 1775 1792 3050 1775
4 1803 3376 1876 1803
4 1816 2638 2038 1816
2 1821 3616
4 1823 1870 2675 1823
4 1878 3999 2319 1878
4 1907 3078 2591 1907
4 2095 4210 3236 2095
4 2420 2438 3949 2420
4 2496 3975 2771 2496
4 2509 2531 2875 2509
2 2626 3843
4 3007 3908 3466 3007
4 3132 4218 3156 3132
