5866 1055
13 1 366 5135 4464 3156 2969 1694 5240 5739 5023 4023 2250 4464
9 1 4160 4175 1249 1218 3021 832 3804 366
11 2 1726 5204 1973 108 516 2369 4020 5662 234 5204
3 3 1811 630
10 3 413 5368 3018 1955 470 3839 3593 3086 3
11 4 5424 5100 2376 5294 4752 5487 1552 2385 478 4
11 5 2148 1022 3483 5164 3159 5203 4709 4447 5578 5
19 6 1374 4207 600 1953 5470 4522 3825 3062 5327 3772 2706 47 4957 1872 581 4547 2980 3772
3 6 1840 3062
10 7 3599 1963 1726 443 718 587 5025 716 443
6 7 1688 1432 464 1395 1963
13 8 126 5327 2601 2399 4252 3125 3562 3513 4315 2883 2799 2601
8 8 3506 929 2059 752 2966 1303 126
12 9 632 1726 2662 3652 5343 1562 797 4408 2223 4543 2662
6 9 675 754 219 2939 632
13 10 179 4290 2938 3971 4049 2759 3635 3520 1191 987 5284 3520
4 10 3684 1288 2759
15 11 1274 5582 5767 11 4063 3288 2085 2776 3272 5708 3659 2065 2387 3288
7 12 5648 4199 4504 5237 749 12
7 13 2559 2690 3859 3450 2350 13
8 14 1626 2818 1767 58 3621 4063 730
2 14 3621
9 15 3920 803 858 2700 4061 2853 3194 15
7 16 5458 5305 4511 252 2635 16
11 17 5263 382 2658 5851 1556 954 3054 5056 2323 17
7 18 5414 2678 1755 2479 1117 18
6 19 5361 4168 4496 3202 19
8 20 4378 4966 604 1044 3354 423 20
8 21 4750 1511 5172 460 446 4178 21
10 22 4731 2981 748 1801 5288 1012 4772 5790 22
8 23 2737 3433 4246 4087 5044 2764 23
17 24 1880 998 393 4744 2258 2645 3141 4679 24 1952 876 3776 5701 1437 5805 876
15 25 3678 335 3274 3647 2188 209 3733 25 1952 157 1992 861 4461 157
12 26 4254 3651 5277 920 1817 1610 636 1537 2022 3827 1610
6 26 1336 4230 3744 5817 920
5 27 4418 2692 4063 4361
6 27 1264 1087 1915 5113 2692
4 28 5135 4063 3736
10 29 2340 4006 1009 4766 3625 2070 3279 3782 29
7 30 1726 5575 3854 4944 1685 5575
7 30 4278 1000 3161 408 2334 30
18 31 1049 2290 372 4590 3605 4293 4063 488 2489 156 856 4860 3323 3748 1335 1108 488
2 31 4293
7 32 5482 412 5687 3603 1697 32
8 33 1259 294 5003 5369 3251 5826 33
9 34 1712 4858 809 3101 4565 828 3869 34
11 35 2591 1726 1629 1984 3559 1031 4274 3877 4491 1629
3 35 4089 2591
10 36 3009 1489 4605 1118 2397 4047 3901 4943 36
18 37 5010 2423 4176 2555 3527 357 3634 5431 1683 37 1952 3809 1711 4932 1166 3898 3809
8 38 5752 3853 4936 4328 1727 226 38
20 39 4757 4056 4960 1231 5663 2518 4849 4599 4838 5213 2240 2822 4993 3889 4630 2961 1591 2676 4838
2 39 4849
7 40 4432 1671 5497 5553 4599 1405
5 40 5825 5435 2214 5553
10 41 221 2284 3970 4922 3072 5096 3615 704 41
14 42 2561 3059 2282 1112 1899 4765 2404 4063 770 1720 5857 835 770
3 42 3243 2404
10 43 4085 3712 4710 3578 1855 202 774 5672 43
7 44 3583 5209 565 2793 763 44
9 45 2138 5363 2672 5638 5300 4030 3629 45
7 46 3947 1817 1924 4484 403 1924
3 46 361 3947
16 48 743 2599 2135 1398 4180 5570 3265 1164 3429 4964 4892 1654 3247 4427 4180
5 48 722 2443 4372 2135
10 49 2501 1571 3421 1559 1663 239 4911 2091 49
7 50 4949 3734 1841 3497 3070 50
16 51 1831 1917 2592 3361 2648 51 4063 3384 4307 1485 5661 182 2546 5043 3384
10 52 3494 560 4628 4717 1827 1923 2036 4665 52
13 53 1811 4474 3731 4248 1083 3092 2817 510 1937 106 5699 4474
11 53 5452 5806 1699 1072 4841 1661 982 3451 2454 53
11 54 2194 4525 1369 5713 2343 2529 1752 3277 95 54
9 55 1636 4821 1315 1726 4367 2732 5785 4367
7 55 449 1777 132 4101 5364 1315
9 56 1811 3031 3015 4864 1765 1820 5803 3031
10 57 4818 4342 2338 5285 3406 4120 682 4979 57
21 59 2019 4118 4595 4862 5776 5281 1795 3572 707 4599 1759 1608 5442 3718 708 4587 1340 4928 680 1759
2 59 707
8 60 1549 379 1649 3728 3106 1893 60
15 61 284 1536 2854 5762 5327 2983 2889 4345 1936 162 2462 1038 183 2983
4 61 4193 3801 5762
18 62 3004 1434 2734 3810 5855 62 1952 233 4435 866 1092 1391 355 1886 2219 2131 233
16 63 1236 4703 5282 235 820 1403 63 5327 3488 1970 3017 2618 2278 2492 3488
7 64 1398 4501 2995 5555 2187 4501
7 64 5174 5154 5833 5233 2383 64
15 65 2872 5438 3725 3829 5135 1271 719 429 4277 1580 2611 4727 5814 1271
2 65 3829
17 66 1514 5481 1385 4730 4530 3805 1398 401 4275 5864 2514 2032 5107 4899 5046 401
3 66 4654 3805
11 67 1943 1001 3552 4865 2406 726 742 67 1952 915
8 68 4612 5422 563 5103 4668 2046 68
10 69 1989 750 3635 1875 1643 1078 2428 3939 1875
9 69 1251 3762 1576 3727 74 2753 111 750
7 70 5707 5681 451 268 689 70
6 71 2933 1494 5437 5388 71
16 72 1693 5079 1204 1421 3484 166 3349 1248 1817 5208 783 1881 2269 3464 5208
2 72 1248
17 73 3800 4667 973 5142 2326 3394 3181 73 4063 2273 2660 1816 2358 2243 5321 2273
21 75 3372 2834 1901 3082 1064 144 1242 2855 75 5327 550 3972 444 4554 2567 3480 1041 3076 3466 550
14 76 2816 5838 2913 4034 3568 608 2999 1398 5296 865 4553 2929 5296
3 76 4671 2999
7 77 5135 5705 3534 122 5711 5705
10 78 5217 4987 1916 2651 2181 1522 1879 4597 78
16 79 2663 5419 976 2575 3570 1458 765 4069 3276 5327 2760 3992 311 150 2760
2 79 3276
9 80 1131 1215 1859 4490 2415 1401 955 80
6 81 4117 2165 2094 4126 81
8 82 4516 1952 4096 3757 5377 5339 4096
5 82 5500 3437 2045 4516
8 83 3493 3924 1398 2229 3597 3919 2229
2 83 3924
4 84 4351 5084 84
4 85 2828 1726 3063
8 85 3617 3792 2696 409 2532 3913 2828
11 86 4128 118 5064 616 1331 4732 591 3607 433 86
11 87 378 2133 562 1681 3130 5385 3989 2271 3501 87
8 88 4545 1673 1726 2435 662 1319 2435
4 88 3707 4866 1673
11 89 2484 2230 4808 3182 4983 3580 2287 280 3470 89
3 90 1952 5450
6 90 1145 2744 945 2722 90
8 91 4801 4363 2840 731 1609 4794 91
10 92 371 996 1811 3351 1672 2833 519 4449 3351
9 92 4322 867 5559 5623 5013 2002 3103 996
7 93 2525 2324 4508 309 4498 93
14 94 2177 1952 1313 5646 499 2211 4451 5710 5504 1123 5243 5430 1313
3 94 4786 2177
13 96 4599 5259 764 402 853 5614 1190 576 2884 2643 650 5259
11 97 5011 2388 5689 1726 318 5744 1068 4822 579 318
2 97 5689
11 98 2557 3465 5854 738 1761 4610 2499 3047 2145 98
11 99 2274 1746 2481 4663 1290 5429 4288 5460 1856 99
10 100 916 1377 5506 3133 1158 148 2075 5302 100
22 101 1860 5076 365 1008 4782 5126 4570 2474 101 4063 1689 1292 1974 4429 5031 1705 4009 3590 2425 2420 1689
15 102 3794 3716 1379 102 5327 4415 4140 3598 4900 3030 2330 552 2493 4415
16 103 2048 2560 4558 5273 3644 2639 3855 4542 3635 2432 5830 4239 4251 2576 2432
2 103 4542
3 104 4599 3110
19 105 4300 699 554 3357 1363 2600 3262 1618 2552 1952 2391 2923 1263 5398 1986 4397 1025 2391
2 105 2552
11 107 2869 131 2882 3190 5797 1518 4438 351 3258 107
10 109 3286 3227 1607 2072 5801 4045 1775 334 109
6 110 113 4054 3186 844 110
6 112 3183 4566 474 3175 112
10 114 1543 5605 1133 1509 3838 472 5159 4255 114
9 115 346 1037 3721 1778 2134 115 1817 5547
10 116 4592 5290 3635 236 4701 729 3648 4004 236
8 116 5163 5038 1947 4645 4024 2998 5290
4 117 5131 2236 117
6 119 5403 1195 631 2409 119
11 120 2472 253 4406 3701 4291 411 4287 4395 2073 120
5 121 5439 3317 1501 121
15 123 2314 2900 4121 1453 3479 3373 4186 123 1398 5732 5688 678 4127 5732
6 124 360 5019 936 1398 255
6 124 4691 1692 3168 2996 936
8 125 3812 5338 4871 5124 5390 595 125
16 127 4458 896 4434 4798 4146 1726 1088 248 2626 4618 3065 4721 332 1868 1088
2 127 4146
8 128 5135 1285 194 5248 1160 1867 1285
11 128 5486 2342 3219 942 4706 3043 1206 4714 487 128
10 129 161 2880 3619 3434 3051 1914 4125 4677 129
12 130 648 1952 921 377 5054 635 3385 4825 3353 4799 921
6 130 4843 799 5102 4298 648
9 133 2705 3511 3740 2395 3803 1780 5828 133
15 134 1106 2068 4813 3165 1817 1615 2112 3352 4375 1734 1882 392 2609 1615
4 134 893 5743 3165
6 135 4131 901 3366 5531 135
11 136 5845 683 3211 266 3199 1345 4887 2033 4405 136
7 137 4215 5861 2685 3104 4780 137
8 138 3403 2040 4781 3098 3008 5135 4669
4 138 1876 4400 3008
11 139 2698 4599 2003 2477 4306 1196 5443 3126 1691 2003
6 139 4648 1644 2527 4326 2698
10 140 1656 871 4613 1302 3775 3528 2670 2991 140
10 141 3745 3514 4890 5659 5012 3997 2161 656 141
6 142 4313 5629 1077 1516 142
10 143 3010 5725 5351 2516 1790 2708 4341 1726 5370
4 143 461 1326 4341
11 145 1243 2373 1811 593 1252 428 588 2719 1339 593
8 145 5016 3510 2517 1945 3696 5307 2373
8 146 1817 2442 5712 5053 927 3897 2442
6 146 3481 1736 5670 1060 146
11 147 2967 329 171 4622 1079 3908 5177 4338 315 147
11 149 2255 2617 149 4599 2936 1843 2665 5336 3773 2936
10 151 965 1787 666 2866 4803 1971 2566 1523 151
10 152 5327 4885 5749 634 489 5347 4607 1100 4885
7 153 3824 1564 2775 4696 3643 153
14 154 3705 5612 4063 5141 4038 2812 2424 4827 3345 3400 324 5197 5141
6 154 435 1633 1480 3023 5612
7 155 5283 2974 4456 975 2962 155
19 158 4585 1520 2791 1566 3242 5329 849 5660 4371 158 4063 3281 5551 3521 1478 3090 3927 3281
10 159 3094 3673 3833 4187 1952 642 5394 922 642
4 159 2110 557 4187
8 160 4483 2136 1294 5247 1219 5074 160
7 163 5104 1417 3571 3321 514 163
11 164 4471 2932 2193 261 3056 1847 4122 2712 4767 164
9 165 3991 1545 1517 4349 4573 165 1811 202
14 167 3962 727 2336 5554 2513 2713 5135 3964 3398 538 1431 1687 3964
2 167 2713
10 168 2707 2659 3093 5157 3961 2915 3946 5309 168
6 169 5783 2511 5401 2593 169
12 170 3674 1817 3435 4202 5101 2795 2613 5287 4951 2146 3435
10 170 4212 4265 2411 4088 350 2827 4968 1538 3674
5 172 5731 4347 805 172
16 173 594 5352 1361 1726 5029 3921 353 4183 3793 3799 5344 4488 2347 259 5029
8 173 1137 206 3162 1473 2325 1144 1361
14 174 3058 1721 380 1593 1844 2200 174 5135 3386 4836 5665 5721 3386
5 175 1488 2839 4599 2115
6 175 4272 4571 747 5587 2839
14 176 1425 5628 1768 176 4063 2071 1883 4191 5734 3720 2922 1669 2071
8 177 1159 4261 5303 2044 3198 2603 177
16 178 3509 4360 1679 1440 5843 178 1726 2174 2536 4065 300 3585 3873 1125 2174
6 180 5475 4222 2919 5685 180
16 181 431 583 3367 2117 181 1952 1209 1627 395 592 4210 2088 4619 1016 1209
8 184 1811 2756 1189 282 3690 4942 2756
7 185 4921 1042 4792 2608 4424 185
8 186 4898 2029 5144 3326 3676 2928 186
18 187 1630 2328 4105 4224 197 3635 243 4002 5312 509 3918 4214 2886 5127 5018 1670 243
4 187 4263 2143 197
8 188 4068 3259 5683 902 4179 3294 188
7 189 4401 5341 549 899 3495 189
15 190 4092 4523 5135 4425 4296 946 2710 810 1121 5631 2572 761 4102 4425
2 190 4523
15 191 1804 857 1726 2846 2598 1702 2695 4055 2535 4233 211 494 2874 2846
3 191 5802 857
17 192 3066 455 4581 4978 611 589 1952 3252 906 2107 2585 5382 3600 5444 3491 3252
4 192 2025 5595 589
5 193 569 862 2126 193
10 195 5602 4141 4453 2251 2856 985 1412 5332 195
10 196 4877 4334 5254 2960 424 1358 4835 1817 3035
2 196 4835
10 198 2740 1116 1933 1378 5399 622 5651 2218 198
11 199 5794 4783 1203 199 1811 4982 4377 4042 4422 4982
8 200 3577 605 5250 3730 3287 3548 200
8 201 2885 547 4910 1928 3322 3900 201
8 203 536 1382 2641 880 5770 4720 203
12 204 793 3770 5664 4947 5866 5746 4599 3719 1600 1017 3719
4 204 5022 5829 5746
7 205 3328 1455 2490 713 4195 205
14 207 5331 983 5787 1398 2563 807 5675 2528 1129 4364 1142 1222 2563
3 207 4881 5787
18 208 4859 5558 5358 1717 2430 1726 1647 425 4093 3344 2054 1091 3396 4811 1979 1700 1647
6 208 5151 1730 2317 2037 2430
5 210 1664 2066 4026 210
14 212 2679 696 4305 1550 5327 3426 745 4652 1109 3994 5257 1080 3426
2 212 1550
19 213 3549 4482 3216 4057 597 1769 2030 3711 213 3635 2984 5737 2621 427 1024 469 1032 2984
8 214 2777 3861 4599 3664 2222 5153 3664
5 214 3752 889 4704 3861
6 215 3236 4914 5524 5216 215
15 216 4029 5523 5736 5722 441 5135 2279 2301 3858 2758 2506 2972 4052 2279
2 216 441
14 217 5184 1034 3196 217 1811 4289 5511 5087 4507 1427 3785 3218 4289
11 218 1772 3314 2237 4674 1779 1036 3737 5624 4398 218
10 220 1380 3565 5135 2488 3499 1362 2986 2944 2488
8 220 2077 4262 4600 2963 5115 4773 3565
13 222 4676 1136 5327 3282 400 739 5714 3119 3174 3144 4394 3282
4 222 1493 5227 1136
12 223 4077 3234 5135 5684 4593 2465 894 3786 522 2212 5684
3 223 2616 3234
7 224 2632 1817 4058 555 2937 4058
5 224 5640 3503 2782 2632
16 225 4409 4204 5178 5816 4599 3867 2163 1241 1981 5842 571 1232 5130 4200 3867
7 225 4465 347 5082 3645 3608 5816
14 227 2569 1452 5191 1223 1357 227 1952 3325 3301 5245 3077 3290 3325
13 228 1217 439 5608 4134 4599 2871 735 977 1966 2198 969 2871
4 228 1998 4647 4134
5 229 720 1976 354 229
4 230 2794 4526 230
11 231 4509 1558 5117 1173 3390 3602 240 4051 4599 5252
3 231 553 4051
7 232 5048 1399 5572 3336 2677 232
7 237 3650 2879 3739 4624 3675 237
14 238 2823 4878 2006 1606 5601 5813 2790 238 1726 1486 1812 2634 1486
18 241 383 811 2733 3095 4075 1811 396 1985 3657 4108 1423 1503 3502 2530 524 1666 396
4 241 1519 1806 4075
11 242 3641 2931 5365 2588 3417 5355 2876 1874 4872 242
6 244 4455 4172 1703 736 244
20 245 4355 2970 3067 1268 5516 4817 4104 3635 2725 3432 1143 3531 4723 790 1896 2441 3661 3560 2725
2 245 4104
15 246 2691 2768 4301 1631 2838 4761 2562 646 5291 1398 3320 3569 5189 3320
2 246 5291
8 247 1839 898 4229 824 3049 2957 247
8 249 3832 2331 2778 2253 265 4632 249
11 250 5148 3454 1247 4748 1176 900 5040 2104 989 250
11 251 4741 4582 3817 653 405 2911 933 2652 2943 251
11 254 1414 4391 848 737 2018 4467 2392 4650 3910 254
6 256 3269 1760 1662 5622 256
18 257 4777 4812 1279 3594 1540 5045 2865 5135 700 1474 1513 4895 2909 940 5740 2675 700
2 257 2865
8 258 3356 1332 337 3383 264 4503 258
11 260 1726 3310 3642 4725 825 5147 2534 4028 3973 3310
4 260 465 4419 260
17 262 2418 1731 5118 3105 4162 2382 4599 526 507 5239 5832 3557 1954 1676 492 526
3 262 5070 2382
11 263 3088 4325 1253 4411 1227 1349 1441 5644 5591 263
8 267 4001 1342 4115 1120 5463 2829 267
9 269 4661 5143 3763 5534 3368 614 1584 269
9 270 4384 2256 3887 753 4939 2661 5730 270
17 271 618 2910 3876 5225 271 4063 3037 2434 5366 2522 2781 5207 4506 5514 2426 3037
11 272 4785 2638 4008 5757 2123 5627 2196 2485 3743 272
10 273 2056 3612 3899 3192 4599 321 5620 3475 321
2 273 3192
4 274 2092 1726 3048
10 274 2312 293 2580 796 542 1254 4602 3878 2092
14 275 5477 4713 1817 2982 2400 2262 3116 3797 1922 5271 769 2926 2982
4 275 4534 2199 4713
10 276 3172 3530 3411 385 782 1051 5618 2788 276
13 277 3283 895 4063 1428 2749 963 4961 4098 2800 4956 2847 1428
4 277 4407 3244 895
7 278 3915 1800 5418 580 5649 278
13 279 1817 3665 1444 5297 2052 5698 3564 1281 1803 3581 3045 3665
7 279 2175 659 4190 3507 1394 279
10 281 1766 4203 2619 4343 3987 4735 3068 2956 281
11 283 5105 5249 1056 466 5134 5058 1764 5462 3124 283
10 285 3860 2291 3558 3547 3204 1749 623 4070 285
9 286 5599 4150 3089 3637 2908 286 3635 3016
8 287 3374 1059 3751 3355 3221 4536 287
15 288 453 831 2612 1398 3115 4941 740 4875 826 2920 1898 421 2716 3115
5 288 1813 4998 1057 2612
10 289 4164 2595 5795 289 4063 1983 5674 2455 1983
10 290 964 2402 1181 4281 5421 4259 1199 1952 1077
2 290 1199
12 291 5667 1952 4906 2704 1438 5280 5156 5613 4060 2265 4906
7 291 5693 4561 4815 4079 652 5667
10 292 5201 784 4599 1596 2440 3012 1277 1964 1596
5 292 497 4973 4143 784
16 295 2992 3880 2396 2542 4739 503 295 1817 2398 711 4643 732 5639 3706 2398
5 296 1211 2210 4599 4861
6 296 3904 1588 3179 2147 2210
10 297 2717 3563 1614 709 5061 2850 2715 842 297
10 298 4135 4775 1944 1811 1420 3415 4970 3096 1420
7 298 1969 5137 4161 358 3846 1944
17 299 681 3109 2008 1770 3691 2015 5679 645 5549 5327 3177 1126 3666 2948 1372 3177
2 299 5549
10 301 3574 2774 445 4989 3123 5125 301 1952 4338
7 302 328 3596 3027 5691 458 302
11 303 5837 3937 913 655 2349 1753 4637 1590 5295 303
15 304 1305 1334 5671 5457 4459 304 1817 4078 1653 2607 3073 4693 3456 4078
14 305 2584 1050 3238 1842 1832 1817 384 2762 4155 2116 5146 2873 384
5 305 4981 1858 3127 1832
16 306 2801 3883 612 5415 3976 5059 4025 5769 4599 1194 4662 2157 5652 4271 1194
2 306 5769
7 307 4599 3512 687 833 4041 3512
7 308 3848 5569 2976 308 1726 5409
9 309 4599 545 812 5005 953 1499 912 545
10 310 4156 3717 4988 4273 2405 5780 5255 3397 310
9 312 3795 744 3193 1422 2523 1491 2684 312
10 313 5459 4692 830 3550 5165 3756 2004 2631 313
13 314 2934 1678 3591 1784 1398 3525 1745 5804 5094 2259 4487 3525
2 314 1784
11 316 2413 5274 4063 1343 4531 5379 2573 3616 1333 1343
8 316 559 1582 3831 4475 3670 4170 5274
18 317 4267 3206 3996 3551 1620 3477 3418 419 3635 2863 5083 2225 1282 1177 5540 2352 2863
2 317 419
9 319 1551 5562 4314 990 2624 4113 1921 319
11 320 2311 1398 2244 1802 3139 1413 792 5060 2062 2244
8 320 5518 3148 2320 2100 3553 3788 2311
7 322 3942 643 1096 5051 570 322
14 323 3554 523 323 1952 1926 4617 1718 4997 3536 2727 340 2263 1926
11 325 3535 2500 5251 3180 2316 1527 1927 3968 3638 325
13 326 2594 4066 1381 1817 3998 1171 3393 777 972 5187 1354 3998
2 326 1381
5 327 2540 4753 679 327
13 330 5862 3914 3872 1817 582 1015 4260 3002 4076 1846 2735 582
4 330 1873 2772 3872
6 331 4497 3936 5348 670 331
19 333 2410 3532 2179 1040 2968 2668 5532 5346 4063 468 2952 1938 5220 5260 4556 1390 342 468
2 333 5346
15 336 3702 2351 2832 5530 3289 3635 1462 3447 4697 4232 3308 3985 2422 1462
2 336 3289
8 337 1726 997 1367 4959 1364 1637 997
9 338 3332 2802 1655 3401 1205 5158 694 338
11 339 2007 5407 5517 3635 3741 5267 2669 2554 4756 3741
7 339 1602 1366 5006 1487 2305 5517
9 341 2895 2457 3990 2843 2681 341 4599 5603
19 343 5002 1388 5682 1469 3293 3232 2487 1894 4063 2881 2914 4303 4636 3273 4690 5088 1878 2881
3 343 1351 1894
16 344 4228 4502 3020 1726 1525 626 2553 4225 3233 1013 2512 2505 415 2000 1525
2 344 3020
8 345 3806 551 1029 1675 3266 3052 345
4 348 4724 4063 753
5 348 4044 4641 5686 4724
14 349 512 5392 2615 3789 1952 3966 2249 3399 755 4500 860 1410 3966
2 349 3789
10 352 2280 4152 506 1150 4972 3129 3298 4551 352
13 356 2043 4258 1560 2614 3189 3208 1817 1887 3468 4309 1472 1887
3 356 1939 3208
6 359 1360 4412 2483 1817 2033
4 359 4707 3614 2483
11 362 3540 3487 3635 2761 5026 5557 3769 5264 5085 2761
9 362 4733 741 2878 3669 5764 5777 4712 3487
17 363 5580 2574 1877 4167 5135 2268 2590 4250 2950 585 4444 5286 1668 5139 1929 2268
7 363 3423 5108 5272 4198 1573 4167
14 364 3431 3330 1286 2545 3025 4286 4413 1398 4789 5597 3117 1871 4789
2 364 4413
17 367 5454 501 1183 1376 1940 3635 5242 5080 4005 1228 5408 815 1352 5234 397 5242
4 367 2111 4918 1940
8 368 677 5327 5509 2384 5028 3387 5509
6 368 3983 847 1430 4366 677
9 369 1398 1754 3158 2190 1546 1783 5818 1754
6 369 3847 1502 398 3958 369
11 370 3620 4755 1156 370 5135 4478 2509 1869 3237 4478
10 373 5383 5345 1857 4063 5432 3114 3138 2625 5432
5 373 3928 4653 628 1857
12 374 907 477 2339 941 3635 1680 1794 5055 2899 2844 1680
5 374 5086 2779 3875 941
18 375 3686 2108 3264 897 4990 375 1398 610 5411 5792 4644 1043 1396 1904 1719 3414 610
11 376 1665 4681 3427 4119 447 1821 660 1304 5090 376
11 381 873 532 4382 919 2089 5847 885 3628 3537 381
9 386 1952 1834 2519 1710 2680 3766 1492 1834
8 387 746 2892 5135 2940 4958 3457 2940
8 387 3405 911 1389 1885 3341 5519 2892
17 388 4699 4226 5716 5490 2453 5527 5183 3496 388 1398 2031 1506 3164 2042 3588 2031
9 389 1320 4915 3240 1542 2125 802 4043 389
9 390 3250 3334 3802 2750 892 4213 5322 390
10 391 5391 1897 2171 3671 4063 5510 4165 4805 5510
3 391 4256 3671
4 394 4063 1817 4569
9 394 5496 2130 1433 1810 1426 3099 3079 394
9 399 4486 4063 1048 1383 5111 4666 2169 1048
3 399 914 4486
20 404 4100 4431 2447 1053 2498 4678 4952 404 1817 5410 5592 1870 5488 2689 5564 2209 4768 4575 5410
12 406 4433 4063 2357 2160 970 5440 3064 3005 2281 2958 2357
9 406 5092 706 3555 4238 1269 3850 5093 4433
9 407 2389 879 3007 1811 908 2120 5374 908
8 407 3102 2050 5371 3478 1743 5376 3007
7 410 1346 4722 2361 1368 1297 410
15 414 1027 2473 2261 2378 4276 3006 1330 414 1952 1828 567 4855 3866 1828
8 416 4393 1817 1853 5027 5585 544 1853
7 416 4896 1393 1019 3738 4268 4393
7 417 3750 2234 3694 3285 2564 417
18 418 3704 5109 4868 2745 2666 1817 1154 3166 606 5669 4011 1740 480 2306 5262 2667 1154
4 418 2482 5120 2666
4 420 3131 518 420
16 422 3868 4684 1356 5464 1365 3546 3811 3122 1952 877 3348 5423 5098 3438 877
2 422 3122
11 426 5318 4188 1168 1086 948 2548 1781 3085 1732 426
14 430 473 3029 845 4599 5362 3813 3753 2606 5634 4114 1930 2714 5362
3 430 3013 845
5 432 5765 4920 4063 5658
5 432 4907 598 2497 4920
9 434 3120 3654 1127 1707 3046 1047 1817 2588
2 434 1047
11 436 3338 1701 3453 601 3210 2682 2288 4926 4596 436
17 437 1140 4548 1322 3184 2702 3635 3142 4832 4356 4532 1723 5579 5116 4317 4316 3142
3 437 2448 2702
11 438 994 475 2654 1495 438 1811 2139 781 1095 2139
7 440 2128 663 4513 2079 4137 440
8 442 3377 4791 5097 4381 442 1398 1987
18 448 4873 3930 2310 5596 5489 1355 5594 3699 1398 5798 1329 5823 1004 4090 925 1300 5798
2 448 3699
3 450 1952 1359
11 450 3151 4549 3523 1577 5299 3191 2470 2437 1639 450
6 451 1817 1272 1082 1750 1272
10 452 2947 1605 4930 4386 5036 1267 2345 1737 452
14 454 1619 3834 1398 4320 2637 3960 3420 1548 531 4774 939 5719 4320
6 454 1214 3604 1729 4072 3834
6 456 1811 4769 819 5745 4769
4 456 1306 1386 456
7 457 2017 2035 1991 4689 4829 457
14 459 1782 5697 3305 3635 4480 2888 2533 1698 5306 2449 1909 724 4480
4 459 734 3758 3305
10 460 1952 3024 1788 923 2891 3653 5466 3284 3024
10 462 2438 5200 4627 5194 5544 4698 2155 5337 462
9 463 2180 3359 1400 2028 5030 5573 2907 463
6 466 1726 558 714 5050 558
9 467 5810 2220 5759 4599 3167 5170 1122 3167
7 467 2647 1402 5768 4344 1967 5759
9 471 5155 2861 5279 4603 2729 5546 1811 5565
5 471 2646 5751 2746 5546
9 474 1726 1751 4850 5386 2084 4606 3959 1751
11 476 2356 3107 4169 1541 4546 4830 813 1792 1919 476
9 478 1398 5539 4196 4479 4383 2298 3036 5539
11 479 4336 3683 4927 3764 4050 1978 4535 1946 4194 479
8 481 1994 1957 3302 5049 4112 3441 481
12 482 2587 5333 3977 482 1817 2083 1931 4151 1105 5621 2083
19 483 3482 5808 1456 4933 1941 568 3143 5135 1454 3388 644 5145 2010 5372 3768 2730 534 1454
4 483 910 4244 3143
17 484 3375 4664 2205 1641 2954 2736 3830 484 1817 4247 676 1601 2096 5858 1690 4247
16 485 4763 4158 1484 4414 1935 5583 3871 5476 4599 1756 4820 5448 5357 5389 1756
3 485 4929 5476
8 486 615 4505 1726 4022 1182 4938 4022
8 486 4854 2021 4615 2849 4853 2893 4505
7 490 931 5402 3412 5359 5593 490
6 491 2650 541 2069 1728 491
10 493 1398 4950 3428 2821 1318 1725 1110 872 4950
8 495 4048 3121 3149 795 4399 1146 495
4 496 5761 2826 496
15 498 4687 4869 3708 5819 2578 5356 5327 3660 5441 2359 3304 5590 839 3660
3 498 5715 5356
17 500 2460 4913 4740 3146 3257 5508 1952 577 5229 4109 1532 1055 1419 3814 2379 577
2 500 5508
3 502 1811 713
11 504 2412 3969 2830 5724 1952 3777 1451 2987 5192 3777
2 504 5724
5 505 5032 3681 5078 505
6 508 2216 2445 5181 5606 508
4 511 3342 1819 511
9 513 2060 4540 1234 4174 3697 1535 2831 513
18 515 4492 4736 2664 1604 515 3635 4154 4925 2080 1906 4876 4053 1482 4965 2467 2955 4154
16 517 4608 3955 5073 1167 3163 1526 3160 517 1952 4715 2784 984 3951 4142 4715
11 520 5270 3215 3742 2303 1398 5405 2655 1483 3365 5405
2 520 2303
12 521 2754 3275 4852 823 1952 787 3639 3409 3402 3754 787
3 521 1350 823
8 525 5417 2858 4737 3685 5328 5007 525
18 527 791 2765 3469 4358 4209 4282 1220 1817 3214 4385 3870 3852 3235 5471 2241 4421 3214
3 527 4242 1220
11 528 1225 5162 2341 3610 2403 3679 1667 5228 4097 528
10 529 1147 3700 2463 4638 3253 926 4299 5560 529
10 530 5161 5160 2086 1960 5781 878 530 1952 1178
12 533 2541 2235 4010 2851 818 1726 3080 974 3410 3489 3080
3 533 2184 818
11 535 904 1918 3500 1624 1824 3118 4292 2266 3561 535
7 537 1398 5001 3732 2197 5119 5001
19 539 3225 1905 2360 5863 1085 2579 3862 3376 3318 539 1952 1505 5453 4039 2365 733 5773 1505
16 540 4519 3934 1201 3391 2629 540 3635 1135 1617 4747 4337 979 2902 2061 1135
13 543 1993 4995 4599 5317 1317 4886 4870 5166 3371 1308 4946 5317
5 543 3655 3874 5566 4995
4 546 4308 2127 546
9 548 2894 1446 2502 4062 4550 2571 2965 548
9 556 5799 1411 5206 5526 5426 2142 2055 556
11 561 3842 1733 3950 3246 4329 2814 1854 4686 1026 561
15 564 4651 1554 627 4448 3519 1398 2296 5009 1293 4880 710 2464 685 2296
4 564 5758 5678 3519
10 566 5478 4095 2620 4599 3541 957 4319 5753 3541
2 566 2620
10 569 5135 2353 2622 3113 1061 5037 1084 1942 2353
12 572 1262 4063 3882 2959 5735 723 3226 4428 1682 2458 3882
4 572 5632 3472 1262
6 573 4494 3108 4962 4719 573
5 574 1595 1726 5327 4867
8 574 827 2723 5231 762 4742 1069 1595
11 575 2945 2227 2875 5831 4295 624 1822 705 2067 575
8 578 2582 5436 1829 1375 1139 5778 578
17 584 2842 4116 829 2102 3041 3039 4206 584 5135 1435 5400 1124 5378 1774 1030 1435
14 586 1321 1952 2949 4758 2381 4572 2627 5733 4901 2401 2657 1748 2949
6 586 4012 4749 3682 1583 1321
9 590 3892 2757 3635 2377 1621 4368 2192 2377
2 590 2757
17 596 2770 1447 3931 3677 1836 3635 2825 4231 669 3774 3662 918 5461 2267 3363 2825
3 596 3586 1836
11 599 3032 4656 870 4533 4324 3474 5542 2374 3261 599
6 602 4403 1738 855 2164 602
13 603 3933 960 4599 2836 3152 1442 2367 3911 4392 3505 5175 2836
3 603 2857 960
17 607 2912 5241 4221 2805 5474 607 1398 4477 1387 5304 5326 5485 3582 2124 4294 4477
7 609 639 4604 2860 5140 2206 609
11 613 1296 3907 5066 1002 2783 5129 5289 1006 3906 613
3 617 1952 4227
9 619 4476 2703 619 4599 938 2429 2451 938
17 620 4564 1229 5824 5465 3584 4404 5342 2494 5327 4211 1563 4948 4217 684 4445 4211
3 620 2246 2494
10 621 3703 5468 621 4063 5253 4510 3835 5319 5253
5 625 3134 1865 3905 625
13 629 3207 2811 3949 629 4599 2495 3613 2090 5472 1805 2023 2495
9 633 4353 3157 1961 2332 4770 5543 840 633
7 637 794 1952 5676 4240 4153 5676
3 637 1250 794
15 638 3315 3370 1148 3498 5467 5135 2520 3790 1903 4521 1010 2930 2686 2520
4 638 4129 5081 5467
9 640 1570 3575 961 1415 2087 5849 5075 640
6 641 1398 981 1500 2182 981
8 641 5106 2917 671 2064 5404 1634 641
10 647 5533 1704 2335 1450 2103 4626 817 1726 2924
2 647 817
3 649 5135 3118
6 651 3097 1744 2868 715 651
9 654 4110 5135 2897 1823 5574 2297 3071 2897
9 654 4711 4729 4283 2731 3885 5406 1651 4110
5 657 3038 1709 1817 2604
2 657 1709
5 658 5014 673 2001 658
9 660 4599 3254 2233 2058 3404 5258 3929 3254
13 661 4379 1817 3492 4845 3893 1739 1715 5024 5416 5244 3576 3492
3 661 2480 4379
3 663 1726 2868
5 664 5479 4584 5150 664
6 665 3891 3271 3556 5327 3528
6 665 903 5396 1418 780 3556
3 666 1952 5150
9 667 3340 5835 5135 4857 4352 5375 5782 4857
7 667 2289 1238 2386 4840 4082 5835
9 668 4147 2238 1742 2011 1065 962 1726 5849
2 668 962
6 672 3940 2985 5809 2610 672
7 674 1952 5235 2905 2452 5246 5235
18 686 3213 905 1103 5653 3443 4963 1952 968 5630 2644 883 4149 5210 5844 4583 5123 968
4 686 2748 3539 4963
8 688 4007 3050 4994 3440 3223 4357 688
14 690 4416 4410 5188 2257 690 1398 697 804 5505 2870 1406 4182 697
3 691 1952 1093
7 692 1398 712 3781 4166 5760 712
9 693 2642 3635 2450 5800 3865 1949 1151 2450
7 693 1289 1956 2252 944 4067 2642
16 695 5238 4588 2699 4528 4063 1807 2819 698 2504 4904 947 4323 2993 3295 1807
4 695 1757 1464 4528
10 701 4589 3627 2293 1097 3003 5680 4046 4823 701
8 702 1011 3185 1845 3084 3592 1398 2985
5 702 3808 3632 3722 3592
4 703 3895 4599 2783
6 703 2277 4716 2315 1392 3895
10 709 5135 4304 5428 2751 5222 2144 5619 4837 4304
7 717 1198 5521 4802 1660 4063 2416
6 717 5702 822 1547 3688 1660
7 720 1952 2228 2766 5728 1686 2228
11 721 884 2178 1959 1861 2521 5657 1111 721 3635 1597
10 725 4063 4463 3863 3256 3636 5696 3382 3542 4463
9 728 2053 5548 5219 5494 1210 4220 3000 728
6 731 1817 5848 992 1221 5848
7 751 1581 1045 5498 2809 1529 751
12 756 1912 980 2231 2380 3765 756 1811 3759 4033 4856 3759
7 757 3841 2602 4205 1934 4945 757
11 758 1892 5747 5169 5190 2656 4470 2921 3624 1141 758
10 759 1833 3311 2515 3888 3228 4562 759 4063 2348
11 760 3746 2845 1323 4107 3784 4888 4443 4916 1798 760
13 766 5327 991 4015 2081 1539 1815 1594 1212 2739 1007 1965 991
20 767 2906 2701 1344 5310 1094 4559 1107 3975 4032 3635 1999 2771 4751 932 1863 2078 1895 4235 1999
2 767 4032
9 768 4083 4173 2990 2586 2988 1592 1852 768
5 771 4335 4495 5327 3771
2 771 4495
10 772 1533 2877 1724 4657 5099 952 2810 935 772
6 773 4999 1373 1408 3319 773
6 775 5811 5261 1864 4599 3920
2 775 1864
10 776 5718 3178 3941 3231 1299 5793 1835 3713 776
6 778 1793 3579 3999 4816 778
16 779 4894 2232 2978 3001 3953 3040 5738 5135 3485 5214 3209 5484 2901 2173 3485
2 779 5738
3 782 5135 4333
7 785 1773 3053 4440 5456 3486 785
9 786 3543 1398 3331 4269 2319 1033 2841 3331
10 786 5335 2469 5062 1553 4396 1658 5122 4552 3543
14 788 1439 3851 4760 5706 2728 4468 3201 1398 4245 2565 5643 4649 4245
4 788 4682 2444 3201
11 789 4578 5313 1260 1445 1113 3260 3270 4027 3533 789
8 798 3011 5033 4931 3508 1735 1409 798
3 800 5135 3596
4 801 958 3926 801
8 806 2370 4420 5195 2372 3710 2478 806
9 808 5836 4243 4236 3635 5469 4524 3932 5469
6 808 874 3291 2859 4417 4236
8 814 4003 2308 2394 1510 1448 1578 814
6 816 5185 2247 949 5135 4689
6 816 5349 1193 3663 1910 949
3 821 1817 3571
4 821 2026 5334 821
13 824 1952 4145 1169 5298 3044 3630 1598 5215 2786 2191 2286 4145
10 834 1771 3948 3606 5616 3767 1470 5610 5063 834
6 836 4257 4080 836 5135 2374
13 837 4515 4787 5135 4130 1528 2039 1468 2264 4639 2942 3347 4130
3 837 4376 4787
12 838 1911 3967 4426 5703 2916 4923 5212 3153 4157 1726 1994
2 838 4157
8 841 3886 2248 2935 5266 5433 2114 841
12 843 1449 3640 3203 843 1952 3358 1913 5841 1776 5791 3358
8 846 1216 864 1708 5077 3518 3476 846
14 850 2421 4633 1398 2693 5221 3360 2887 1980 4863 1625 999 3856 2693
8 850 4074 4249 1512 2946 2674 869 4633
8 851 1316 5642 1021 4969 4611 4779 851
10 852 5528 5330 5786 5091 4795 1975 1952 1811 3106
2 852 1975
5 854 5041 2547 4702 854
5 859 3618 2491 3419 859
5 863 5180 2747 5353 863
6 868 4163 2979 2636 1280 868
6 873 1398 1295 1977 4700 1295
10 875 1995 5692 3917 4457 1825 5666 2254 2020 875
11 881 5138 5694 4555 2953 4499 4016 3925 4834 1128 881
8 882 4814 5748 3278 3112 3424 3422 882
11 886 5199 4014 1586 5325 5495 1276 3446 3205 3974 886
15 887 2156 2466 5588 1018 3369 888 1039 3635 4708 2697 5269 2063 5550 4708
3 887 2183 1039
10 890 3821 3170 4675 890 5327 1907 4017 1179 1907
8 891 4059 5822 3255 1327 3760 4826 891
6 902 1398 951 2848 1240 951
3 909 5327 4390
8 917 3128 2767 4985 5324 3573 1481 917
9 924 2623 3611 4762 3965 5501 2304 5135 4874
4 924 4660 5727 2304
11 926 5327 3241 3267 1338 2780 1475 5167 2589 2109 3241
10 928 5047 1347 1814 928 1726 3714 5483 1170 3714
9 930 2925 1714 4370 5690 4806 2539 2543 930
10 931 4063 4330 3230 5133 4094 3723 3147 4784 4330
3 934 1811 1565
9 934 5617 5360 3807 1152 1524 3442 2346 934
8 937 5633 1763 1461 5807 2099 2769 937
17 943 2687 1950 2119 1652 1811 2507 1230 966 1677 1163 4891 4452 3849 4635 1722 2507
5 943 4771 2393 1180 1652
5 950 2105 5499 4591 950
3 955 1398 2915
9 956 3526 4031 5636 4297 2016 956 1811 4620
3 958 4063 3255
12 959 2752 1534 1561 5600 5136 4851 2671 5755 2027 5327 3936
2 959 2027
14 967 1186 4021 3986 967 5327 2446 1791 4831 1920 5852 2170 1311 2446
11 971 3176 4189 2471 3529 4800 1233 3687 1325 1115 971
5 978 5645 1397 4144 978
10 986 5278 3135 4778 4063 3303 4694 3780 1908 3303
3 986 4374 4778
11 988 2806 1052 4348 2203 1398 3779 2964 2307 3155 3779
2 988 2203
15 993 5756 4111 3034 3380 5726 3249 5135 5723 4197 2890 1443 5827 1862 5723
3 993 3903 3249
10 995 2162 4631 4485 4192 1659 2537 1188 3956 995
5 1003 1972 2140 1287 1003
11 1005 5552 1530 3896 5796 5491 3979 2718 5449 3692 1005
10 1014 2167 3449 1114 5308 2242 3633 3909 2550 1014
9 1020 3430 1184 1612 5571 2975 5236 4318 1020
14 1023 4828 1603 5774 5354 2433 2344 4599 5772 1099 2903 3490 4389 5772
2 1023 2344
4 1028 3452 4124 1028
10 1035 4793 5598 2355 3473 3890 3988 1266 3333 1035
13 1046 1255 3413 4797 2526 1046 5327 1490 3300 5839 3709 4185 1490
8 1054 3843 5556 2896 1951 2245 4971 1054
6 1058 3337 3879 1058 1817 4772
6 1062 4967 1200 1062 1726 4016
16 1063 1314 1850 2820 1726 2813 1185 5224 1155 1275 2300 1797 3462 4980 2785 2813
2 1063 2820
11 1066 5763 2034 1817 4776 3150 3408 3292 3516 5609 4776
2 1066 2034
6 1067 4655 4623 5520 2159 1067
11 1070 1557 1726 1889 4796 1476 4430 2005 5276 2176 1889
9 1070 5451 3296 1849 1996 1237 2653 3566 1557
8 1071 2333 3622 4883 4586 1071 4063 5668
11 1073 4897 1341 2118 2362 4064 5121 3327 4976 1504 1073
6 1074 4280 1278 4285 3698 1074
4 1075 2417 5677 1075
11 1076 1202 1436 2366 5168 1076 4599 4788 1187 2299 4788
7 1081 4312 5537 2709 5068 4133 1081
11 1089 3309 4350 1567 5021 2694 4902 2051 5397 5704 1089
11 1090 3448 5834 4616 5202 1555 4992 2538 3459 4402 1090
3 1096 3635 3995
3 1098 4063 5635
11 1101 3952 4148 4846 2570 3656 1521 3458 1902 4527 1101
4 1102 5717 5268 1102
15 1104 5182 3268 1244 2711 2927 3623 4270 4599 5513 2459 5695 4327 2152 5513
2 1104 4270
3 1117 3635 5311
12 1119 4683 5625 1312 5784 1119 1811 2132 1246 5568 1623 2132
8 1130 1310 4181 4040 1982 1130 5327 3033
6 1132 1496 3313 1132 3635 2405
4 1134 1507 2213 1134
4 1138 1990 4953 1138
9 1149 1811 5020 5766 2151 3884 5865 4621 5020
3 1150 1952 4223
11 1153 5039 3074 4848 2239 5135 1786 3993 5567 1575 1786
4 1153 4884 3455 2239
7 1157 1726 5589 1429 4685 2122 5589
4 1157 3445 2419 1157
11 1161 4388 5069 1838 3022 2989 5412 3894 4658 2354 1161
11 1162 1888 2309 4331 3154 2803 3791 4339 3820 5152 1162
9 1165 3823 3916 1962 3816 2544 5650 4754 1165
8 1172 2427 4809 1239 3444 2313 4984 1172
6 1174 2185 3881 1174 4063 2568
11 1175 3978 1307 1328 1291 4574 1657 2294 4940 1324 1175
8 1192 1465 1257 1256 2158 2486 5114 1192
9 1197 5455 3379 1213 2867 5611 5741 2154 1197
7 1207 5135 1337 3735 5720 3864 1337
6 1208 5709 3299 1208 1726 3339
6 1224 1258 4071 1224 1952 4019
9 1226 3060 2792 2605 3626 1515 1574 4844 1226
3 1234 5135 5003
4 1235 1497 2283 1235
11 1245 4518 3057 1245 4063 2057 5340 3019 1789 5656 2057
3 1257 1726 2308
8 1261 3467 4311 3902 3140 1611 5135 5209
3 1261 3787 1611
9 1265 2215 2172 1298 4975 2456 3912 5729 1265
10 1270 2149 5017 2864 4436 5095 2189 4346 4035 1270
5 1273 5320 2583 4234 1273
10 1283 5042 4745 2741 3589 3471 5480 1890 1925 1283
10 1284 4599 5128 4517 3836 1891 3081 2153 4084 5128
7 1301 3635 2763 4726 2797 3137 2763
6 1301 3695 5654 3463 5615 1301
6 1309 4889 1628 1309 1952 1569
3 1328 3635 5403
8 1342 3635 4473 3945 2221 3229 1589 4473
3 1348 1398 2288
4 1353 1648 1811 2349
3 1353 4580 1648
8 1370 5853 1508 4218 2295 5380 1817 1799
2 1370 5380
3 1371 4063 5250
4 1371 1809 4354 1371
12 1384 4917 4738 2321 1932 5395 2049 3350 2093 2041 1811 3342
2 1384 2041
2 1398 2523
2 1398 2364
2 1398 5446
2 1398 1407
2 1398 3751
12 1398 3425 2106 5647 2743 5420 5584 1632 1785 4847 3316 3425
2 1398 5426
2 1398 5556
2 1398 2066
2 1398 3231
7 1398 1851 3173 1837 3087 5820 1851
2 1398 1613
2 1398 5731
10 1398 4599 1958 5301 3297 4373 3601 4332 3796 1958
2 1398 3558
2 1398 4453
5 1398 2549 5052 5112 2549
2 1398 3650
2 1398 1507
2 1398 3083
6 1398 2436 4539 2837 2226 2436
2 1398 2975
2 1398 4099
2 1398 3133
3 1398 1726 3250
2 1398 5014
2 1398 3948
8 1398 3263 4000 3984 4541 2476 5626 3263
2 1398 2943
2 1398 4124
8 1398 4538 4219 5789 1404 4955 2076 4538
2 1398 4456
2 1398 2456
2 1398 3101
7 1399 3635 1460 5035 2208 3362 1460
9 1416 4576 4253 1416 1952 3222 5538 3726 3222
10 1424 1572 3188 3239 5754 5327 1531 1796 3980 1531
5 1424 1587 4839 5132 5754
10 1457 5586 1638 1646 5232 2941 2531 1457 1952 5645
7 1459 4642 1471 5004 5576 5327 2683
2 1459 5576
11 1463 3658 4106 4462 4310 3631 4442 4594 5473 3306 1463
6 1466 4266 4073 1818 3014 1466
6 1467 2852 5821 1467 1952 4314
9 1477 3837 2150 2738 2195 2755 5859 1817 4336
3 1477 5171 5859
9 1479 5275 3943 5057 5323 5503 3818 4512 1479
8 1498 3845 1997 2407 4340 3545 4688 1498
3 1527 1811 3747
12 1542 4599 3840 5008 4184 5393 5193 2508 5492 4369 3460 3840
10 1544 5607 2201 2275 5176 5673 3200 3646 1988 1544
12 1568 4908 4284 3755 5315 4807 1826 4264 4472 1568 1952 1841
3 1574 4063 5437
8 1579 5110 1599 2318 4481 1579 3635 2028
10 1585 5771 2971 2824 1640 4177 3078 1585 1726 2775
6 1586 5327 4441 2773 4842 4441
3 1592 5135 3108
3 1605 1726 5385
4 1616 4359 4764 1616
5 1622 3026 2597 5135 5176
2 1622 2597
9 1635 4974 2322 4882 2973 5541 3075 4159 1635
3 1642 4063 3698
6 1645 5522 2898 5581 5750 1645
8 1650 1741 5316 3923 2270 1650 4599 3131
19 1674 4919 3729 5293 2439 4893 1674 5327 2503 4996 2461 4734 1884 1830 3954 2721 4123 3538 2503
3 1675 4599 2204
17 1684 5850 3938 5775 3522 2510 1684 1811 5860 3217 3280 2633 4824 5525 4695 2918 5860
7 1695 5226 2368 3100 3145 1817 3279
3 1695 3132 3145
11 1696 3187 5000 4912 3567 2951 4132 4579 4037 5502 1696
7 1706 1900 4659 4954 5211 2285 1706
11 1713 2047 2095 2137 2329 4577 3335 4013 4640 5812 1713
3 1714 1817 4350
3 1716 3635 2260
9 1726 2097 3248 2217 3378 3761 4903 3749 2097
2 1726 2327
2 1726 2815
10 1726 2720 3680 5198 2038 3667 3822 3504 4423 2720
2 1726 5041
2 1726 5778
2 1726 3111
2 1726 5350
2 1726 4578
2 1726 2641
2 1726 1972
5 1726 5604 5535 1747 5604
2 1726 4785
2 1726 3886
2 1726 2742
2 1726 2074
2 1726 2862
2 1726 3379
2 1726 4846
6 1726 4460 4563 4743 2141 4460
6 1726 4673 2013 4537 5089 4673
2 1726 3618
2 1726 2414
12 1726 3922 5840 2496 2649 5846 4216 2789 3515 5071 3517 3922
2 1726 4809
6 1727 3635 4380 3689 4018 4380
9 1758 4514 2012 2371 2009 2977 1758 5135 5796
4 1762 2556 2688 1762
3 1792 1817 2945
3 1793 4063 2408
5 1808 4138 5034 1848 1808
2 1811 2272
2 1811 2538
2 1811 3050
5 1811 3715 2577 4680 3715
7 1811 4718 3329 4937 4986 2224 4718
5 1811 2129 4544 5561 2129
5 1811 4139 2475 2804 4139
5 1811 2835 3595 2796 2835
2 1811 5417
5 1811 4439 4171 3461 4439
2 1811 4406
11 1811 3224 3169 2807 5515 4819 3171 3042 3395 2468 3224
3 1811 3635 5173
2 1811 3322
2 1811 4359
2 1811 2283
5 1811 4086 5577 5381 4086
2 1811 1914
2 1811 2808
2 1811 5633
2 1811 3820
2 1811 5650
2 1811 2407
2 1811 4489
2 1811 3473
2 1811 4131
2 1811 4577
2 1811 4424
2 1811 5057
2 1811 2285
5 1811 3439 4991 3826 3439
2 1817 2337
2 1817 3421
2 1817 3047
2 1817 2098
2 1817 3346
9 1817 4804 2798 4362 5205 2113 3935 5179 4804
2 1817 5606
2 1817 3573
2 1817 2860
2 1817 4466
2 1817 3495
2 1817 4189
2 1817 3763
2 1817 5761
2 1817 4698
2 1817 5717
2 1817 5591
2 1817 4128
2 1817 3159
2 1817 3905
2 1817 3186
2 1817 5367
3 1817 4599 4208
3 1854 5135 2979
3 1866 1952 2810
3 1923 4599 4126
6 1948 2024 5230 2551 4634 1948
2 1952 5648
2 1952 5788
3 1952 5327 4658
2 1952 2274
2 1952 3317
12 1952 2302 4241 3312 4629 4759 4625 2630 5218 3963 3061 2302
2 1952 4914
7 1952 4790 4557 3668 5373 4670 4790
2 1952 3524
2 1952 3392
10 1952 5186 3343 4560 3407 2673 5223 2997 3819 5186
2 1952 4378
2 1952 2254
11 1968 5641 4672 3783 4598 4728 4977 2014 2082 4934 1968
6 1990 3635 3364 3544 4810 3364
3 2044 3635 5638
3 2082 5327 2596
5 2101 3724 4201 3944 2101
3 2118 3635 5445
5 2121 3069 4103 4437 2121
6 2166 2363 2431 2166 5135 5522
4 2168 4036 3324 2168
3 2186 5327 2882
4 2186 2787 2202 2186
3 2193 4063 5320
5 2207 5536 5779 3416 2207
6 2234 5135 3212 5655 5425 3212
10 2276 5434 4567 4924 4279 5413 3028 2276 3635 4735
7 2292 4520 3389 3055 5384 2558 2292
3 2332 4063 3054
3 2350 5327 5314
3 2361 4599 4403
3 2372 4063 3416
4 2375 3815 5637 2375
7 2390 3381 2581 4302 3091 3197 2390
6 2395 3635 3982 5512 4705 3982
3 2511 4599 5687
6 2524 3828 3957 2524 5135 5247
3 2548 4063 3003
5 2628 5507 5196 5072 2628
3 2635 5135 2794
5 2640 4905 4601 5563 2640
3 2650 5135 3901
3 2685 3635 5015
6 2688 3635 5856 4909 4091 5856
4 2724 5065 4454 2724
3 2726 4063 3324
3 2737 5327 5700
3 2747 4599 4308
3 2809 5135 5507
3 2894 4599 3319
5 2904 4321 3844 4614 2904
4 2994 5265 5135 5131
5 2994 3436 3798 5067 5265
3 3011 3635 4302
3 3072 5135 4594
3 3075 4063 4634
3 3112 4599 4631
4 3136 4446 5427 3136
3 3187 4599 4469
3 3195 3635 3227
9 3220 4935 3245 3220 3635 4450 5256 5529 4450
3 3269 5327 4753
3 3307 4599 5475
3 3332 4063 5017
3 3449 5327 4103
3 3470 3635 4879
4 3587 5447 4599 4266
5 3587 4833 5149 4646 5447
3 3589 3635 5642
4 3609 5815 5387 3609
6 3610 4063 3672 4746 4136 3672
2 3635 4399
3 3635 5135 3910
2 3635 4455
5 3635 5493 4493 3981 5493
2 3635 5084
8 3649 3693 4237 4568 5292 3649 4599 4591
3 3676 4063 5077
4 3778 4609 4387 3778
3 3815 4063 4168
3 3844 5135 4632
3 3857 5135 5677
3 3944 4063 4655
3 3997 4063 4446
2 4063 4748
2 4063 4520
2 4063 4609
2 4063 5217
5 4081 5742 4529 4365 4081
3 4107 4599 5165
3 4120 5135 5548
3 4133 5327 4871
3 4138 4599 4612
3 4440 5135 5545
3 4454 5327 4674
3 4529 5135 5713
2 4945 5135
3 5078 5327 5649
3 5159 5327 5399
3 5190 5327 5563
2 5327 5387
