5804 1011
14 1 1529 1743 926 1194 1529 5302 4517 5424 2848 976 2277 4422 5302
5 1 403 3901 1271 1
16 2 988 5253 2784 3016 2635 2 1529 4475 4770 5671 1391 2550 1050 3459 4475
11 3 3291 3597 5168 5461 5785 4018 2976 2725 2482 3
12 4 4700 4837 2502 727 4522 2910 2706 1007 2126 1163 2502
5 4 3629 4974 3393 4700
10 5 4837 5658 2888 1099 923 3729 3190 1799 5658
7 5 3173 3762 831 182 5392 5
11 6 4367 3225 2658 4410 854 1600 5325 3244 4589 6
11 7 411 3739 3498 2702 2478 4207 1247 4036 2772 7
11 8 2488 4636 720 2303 2210 1275 4542 821 803 8
8 9 3708 5570 5071 2982 5469 3853 9
3 10 1529 1263
10 10 3598 5477 3552 1332 3721 5589 95 163 10
10 11 2869 2382 4488 1820 3098 5690 468 5326 11
12 12 2806 3602 5502 1472 4536 4812 989 4796 3572 3694 5502
7 12 5281 5060 731 1887 4049 2806
8 13 2432 100 5551 2211 4930 1734 13
11 14 4212 3601 1650 5638 1171 3585 109 605 2969 14
9 15 1398 4803 3649 495 963 4967 187 15
9 16 618 258 3165 5549 2497 136 1529 4425
5 16 5713 3507 879 136
9 17 4336 2944 3602 3339 5342 5432 2274 3339
5 17 4178 5328 3415 2944
14 18 1202 4477 3862 1902 1529 3596 979 1605 3079 64 448 4202 3596
13 18 1529 5269 5280 1595 1422 2387 1047 2065 5014 1615 2499 5269
16 19 4514 3344 3864 5096 3428 363 19 3602 4390 3855 3906 5187 5528 920 4390
14 20 3932 3037 4837 4981 2953 3545 4229 68 442 3170 5092 3450 4981
9 20 906 4711 1157 2487 99 1602 1088 3037
13 21 839 2136 3342 5379 1752 2639 1529 765 4691 5225 2008 765
2 21 2639
19 22 1072 4045 3092 5100 3945 749 1529 5186 1938 186 1414 2353 2884 3436 616 4400 3917 5186
2 22 749
12 23 3076 3150 4274 271 4992 4764 397 5257 23 3602 693
7 24 778 30 1791 3801 728 24
15 25 3776 505 2162 4837 4474 3590 1200 5694 4894 5343 1333 1914 4399 4474
8 25 4271 485 183 5174 5465 4489 2162
13 26 1769 2026 4380 776 5541 5044 4889 3602 1347 4118 3847 1347
3 26 3317 4889
7 27 3717 5804 4059 3938 2889 27
18 28 1776 1561 1509 3675 3683 1836 28 4837 3084 3976 1903 5425 4837 864 2228 691 864
9 29 4768 4228 4835 4096 1913 4167 743 29
10 31 621 4837 2812 4192 1982 1474 3451 1384 2812
9 31 5204 2624 4619 5616 1812 5337 4102 621
7 32 622 3602 950 5666 2579 950
5 32 2746 5073 236 622
13 33 1240 1909 92 1638 4451 709 33 3602 130 3633 1986 130
10 34 2588 5250 3095 3315 152 3735 1693 1529 4727
4 34 4866 5364 1693
8 35 2047 1575 644 4776 2949 3215 35
6 36 4208 4374 102 4494 36
18 37 4837 3283 2687 1245 3574 4837 1883 178 1564 5046 4767 4790 1794 185 4972 5160 1883
4 37 2902 4086 37
11 38 3367 3987 238 1355 4089 5460 2513 230 1447 38
10 39 2346 1946 3602 318 3139 319 3668 3961 318
4 39 3757 2632 1946
10 40 1327 3602 5557 2078 1988 5241 1069 3867 5557
9 40 5087 1797 4822 739 2224 3329 3595 1327
8 41 3602 4980 3792 3899 244 2447 4980
8 41 5645 5604 3068 2878 2184 2036 41
7 42 2322 5290 3726 1604 3689 42
11 43 237 3948 1676 4303 4534 1495 2779 3895 5790 43
6 44 2663 4148 5008 4468 44
16 45 2908 1261 5794 45 1529 2100 4126 4554 871 2933 940 98 5749 3576 2100
15 46 3746 4837 1175 4697 4837 2252 1344 4224 1668 3320 2924 219 1915 2252
6 46 4858 5459 5786 1056 3746
9 47 4164 2721 47 3602 3191 2765 2682 3191
4 48 4190 5310 48
19 49 5125 1529 3194 4971 1529 603 5214 5167 5597 1179 5485 3208 1529 525 507 5119 1583 525
9 49 617 4143 335 4014 1198 740 925 5125
10 50 4837 3581 4166 70 1665 4847 248 563 3581
13 50 783 4837 534 4878 5336 2829 5130 3718 3631 5385 4141 534
10 51 3064 1021 4694 1733 3939 1815 1046 2854 51
9 52 2742 1203 4837 5730 209 2051 1002 5730
3 52 3294 1203
11 53 1980 2288 2541 2775 3909 3963 2156 1558 220 53
7 54 3526 3703 3383 5536 1529 987
4 54 1274 2584 5536
11 55 4284 2260 3602 4613 1838 827 3893 1708 1392 4613
3 55 5176 2260
15 56 4009 4092 3371 1961 5422 4837 571 3884 3204 5177 5479 4294 650 571
6 56 4805 2408 769 5761 5422
11 57 809 793 4929 2599 5700 1970 725 3353 1122 57
11 58 904 3758 3973 1342 1529 1328 5764 1399 3798 1328
7 58 5027 559 5697 1610 1512 1342
7 59 3418 4903 5577 2327 4675 59
10 60 5487 5767 812 1867 5427 2752 5089 3824 60
9 61 3840 2577 61 1529 3288 1090 4734 3288
11 62 1494 1009 3036 1529 5600 2628 992 5678 2412 5600
2 62 3036
9 63 1682 4436 2912 5521 4161 1067 2761 63
16 65 165 1741 578 3993 1433 2219 3638 4837 4307 2552 4874 1746 2842 2013 4307
4 65 2966 3640 3638
12 66 296 4321 3553 2991 3318 3966 1527 2730 66 3602 4106
11 67 510 3302 3674 2981 3152 3812 3070 1081 345 67
5 69 3719 4926 3622 69
9 71 2533 5121 4868 2524 5401 2378 4884 71
10 72 2046 4552 2197 263 149 581 1093 3900 72
11 73 878 2071 5712 961 2616 770 2844 1718 4686 73
7 74 3602 3953 2246 2320 1860 3953
6 75 1488 3300 5208 3113 75
4 76 3169 1529 2755
3 76 3335 3169
12 77 3682 216 3482 3602 133 3259 610 2505 262 660 133
6 77 3566 2762 3082 558 3482
20 78 2479 1529 4891 3354 5357 5020 5752 1529 5331 1003 4649 3018 5689 3654 2514 4731 3744 1765 5331
10 78 5258 1808 5537 4431 3487 376 5132 3914 2479
16 79 754 3017 5475 3409 2141 2738 2521 1529 1454 1748 3546 191 3540 3148 1454
3 79 2815 2521
9 80 4406 4396 5277 5154 2239 5525 1529 2386
8 80 1529 2574 3135 1322 1290 2559 2574
15 81 2592 5709 499 4794 81 3602 1214 861 2474 898 924 4852 475 1214
9 82 4655 1714 5022 1230 1632 3536 3849 82
4 83 212 4023 83
18 84 1597 5644 3863 4669 5435 5055 1529 5399 2839 2082 4662 744 1856 5200 3370 5012 5399
3 84 4129 5055
6 85 1089 1336 2347 1529 422
5 85 3182 697 5533 2347
10 86 1309 3602 3707 3200 4688 747 4966 3088 3707
4 86 5529 2681 1309
8 87 4626 2265 3022 5453 385 3788 87
19 88 4139 4921 2699 2534 3602 2714 5775 5384 1139 4424 3602 159 1192 5532 1377 1625 4505 159
3 88 4398 2534
8 89 2174 321 3602 3570 4334 1044 3570
7 89 1464 1685 2545 3453 5695 321
20 90 4540 2936 5314 2808 520 4230 2407 4572 2573 3602 3701 3784 4855 3358 3164 107 5353 3623 3701
2 90 2573
15 91 1280 4723 527 3602 1767 4276 4886 4073 1224 1710 895 1182 3251 1767
2 91 527
8 93 4032 4778 4941 785 2154 4258 93
20 94 2718 4035 1323 3081 3430 2368 2058 3270 4355 94 3602 4826 1877 5212 1971 3432 5381 1731 4826
8 96 2339 1800 4837 5309 5315 3502 5309
3 96 4705 1800
21 97 3814 4643 5765 1529 3556 4259 197 3822 3513 4397 1529 3943 2547 1985 1885 5224 5083 3514 3236 3943
8 97 3741 5768 1598 5021 394 4377 5765
20 101 2786 5539 4038 767 859 2608 5547 101 1529 608 5140 2425 4034 5299 3042 3541 5445 4083 608
7 103 3730 3602 3147 2018 4352 3147
10 103 575 4162 3112 4622 245 5259 1027 4809 3730
5 104 2203 3435 4243 104
13 105 3090 2921 5803 1262 2151 1529 4763 1016 4420 3235 503 4763
2 105 2151
9 106 1951 4277 5088 585 5247 5304 1759 106
9 108 1691 897 2881 4382 2898 1922 1015 108
7 110 4197 3282 1160 1996 3711 110
9 111 844 4837 2093 254 4712 5034 4521 2093
3 111 1010 844
6 112 658 228 2361 4339 112
10 113 881 1061 1415 3602 1216 983 5356 2971 1216
8 113 2032 631 2665 2997 2097 5719 1415
6 114 2290 554 3143 845 114
5 115 4899 4215 3255 115
6 116 3511 4262 4608 1453 116
7 117 2167 588 3416 1940 1156 117
5 118 3666 4674 4837 752
6 118 151 4117 1237 2103 4674
7 119 3267 3580 4528 530 5217 119
14 120 2567 4885 4464 3222 5031 3275 2586 3410 4837 685 3825 3444 685
3 120 935 3410
19 121 214 4203 1678 5349 5446 1606 1529 4347 4867 3630 2964 5114 1159 843 3882 3231 3304 4347
3 121 755 1606
10 122 5278 990 506 2914 4816 4830 5197 5246 122
12 123 2145 3131 1253 1529 2692 521 2667 1898 3105 2523 2692
3 123 3268 1253
12 124 718 4837 5039 4682 4123 193 551 5797 3372 1671 5039
7 124 5494 2935 1992 2235 705 718
8 125 1031 4163 4264 5355 3763 3602 4708
2 125 3763
11 126 5625 1112 126 1529 609 1166 1385 1306 2838 609
11 127 591 4502 615 3232 533 2954 173 5552 4664 127
14 128 291 365 2535 606 3602 3041 2302 4466 4645 2401 1594 1770 3041
6 128 1839 2522 2096 4233 606
8 129 4837 5501 4071 5742 249 2816 5501
15 129 4881 5527 4298 4837 4289 792 4791 1478 2130 3821 5064 2767 1025 4289
11 131 1892 4091 5329 1571 1841 5155 2748 3610 290 131
9 132 1654 1137 4250 366 722 913 3197 132
8 134 4335 2237 4112 5152 3163 1994 134
16 135 3647 1739 3219 1456 135 1529 2043 1148 1123 1855 3391 217 712 3269 2043
11 137 4953 5404 577 4177 5162 4195 3177 1745 307 137
11 138 1268 225 4319 4837 3405 5292 1599 1670 787 3405
2 138 4319
19 139 4601 1611 2900 2040 3591 3129 3602 2563 1401 275 1928 4999 2562 5682 2593 5238 4338 2563
4 139 4133 2148 3129
10 140 3602 3186 2207 4596 4785 4135 942 4892 3186
9 140 223 886 1925 4115 5007 4672 4219 140
13 141 4127 1432 4996 5101 3602 3720 5602 1496 283 5480 4028 3720
7 141 1847 1618 604 872 5085 5101
21 142 4837 2565 5468 5606 3723 1649 736 1719 2731 4837 5324 316 3971 3627 144 2996 4914 1723 330 5324
7 142 670 2595 4904 2053 3272 142
25 143 2606 5075 892 883 5416 4017 3804 3602 1146 936 3000 1205 3967 2994 1720 3780 3602 2605 4659 2519 3960 1115 2828 2605
4 143 4797 2376 3804
10 145 3443 4308 2601 5656 3905 2402 1802 4461 145
6 146 2063 1329 2877 3725 146
10 147 5571 4251 3615 686 458 820 2161 1273 147
12 148 3688 2010 3005 1529 2441 4719 2074 1831 1790 4957 2441
8 148 3227 1906 5629 3653 2733 2853 3005
8 150 3477 3040 1053 4948 381 460 150
19 153 1529 3778 2405 4418 748 4561 3030 5271 1529 3671 2233 2445 2200 4504 273 4820 4808 3671
8 153 4823 227 1105 3434 3308 5024 153
11 154 1995 1840 3974 5620 1991 4908 833 1241 5256 154
6 155 5127 684 3512 4837 4925
4 155 2121 3877 3512
9 156 602 3442 3426 3930 1084 378 3524 156
7 157 1371 5042 3196 167 3997 157
21 158 1493 5069 1141 158 3602 2255 3747 3743 3602 574 3986 3032 4760 1689 1321 5526 1547 5603 4482 574
6 160 2022 2564 1270 1707 160
10 161 1128 3071 4837 1265 1486 3681 4516 4703 1265
4 161 3802 543 3071
14 162 2169 2114 4362 4610 4417 3138 1529 4742 3751 1438 5626 2456 4742
2 162 3138
13 164 659 1284 4781 957 2466 1239 1299 3245 3327 164 4837 537
11 166 4235 1804 1850 5320 3602 3316 2492 3137 1943 3316
6 166 2763 1052 3941 2293 5320
6 168 445 1048 3326 5548 168
7 169 303 884 1131 1919 5017 169
18 170 3643 502 4360 2338 1924 1529 3046 907 3839 3002 5619 3933 1706 4621 2089 3462 3046
3 170 418 1924
11 171 2318 370 5267 3254 1529 5199 2125 5466 1529 313
7 171 1536 3475 3464 4880 4537 3254
11 172 3247 668 4706 5607 172 4837 2028 3384 643 2028
15 174 3996 3351 3535 2459 174 1529 2396 3061 1857 528 4393 1630 5472 2396
10 175 2672 1102 3242 1490 3413 3817 889 1082 175
13 176 1400 3602 4595 2045 2269 2483 1750 5407 5568 5283 3120 4595
10 176 5696 2298 3437 1520 4378 2992 3136 4113 1400
16 177 4906 2112 4690 4007 596 1851 177 4837 3223 4375 4234 3494 1579 1535 3223
7 179 3523 1529 3819 2019 4501 3819
8 179 4965 4062 489 1647 2362 711 3523
5 180 4717 5762 5159 180
10 181 866 3550 1907 439 4223 838 2553 427 181
11 184 4490 3602 2068 1234 2271 4483 472 4875 5413 2068
14 184 1821 4220 3602 1699 5795 2531 3612 4887 1617 1962 2736 3293 1699
11 188 2705 2859 410 1073 5395 3880 1939 3295 1397 188
18 189 1829 2025 1113 1945 4273 1119 3097 3621 5559 3602 905 5371 2367 1958 3691 474 905
2 189 5559
9 190 4346 1094 1508 1613 1573 5377 954 190
16 192 447 4854 1014 3602 3078 4831 782 4147 1143 1233 2998 5473 4216 538 3078
7 192 5420 1705 5023 2198 2389 1014
5 194 298 5567 1529 1728
5 194 3734 834 5261 5567
13 195 2060 3908 3602 3101 3907 1437 1792 2001 3557 3799 760 3101
7 195 1893 1681 4033 548 1087 3908
7 196 3366 1008 569 2636 1510 196
9 198 4938 2158 1822 5148 3340 5202 443 198
15 199 1305 5051 3230 4837 5120 4447 4158 557 1059 3049 2891 2024 4272 5120
7 199 5358 1466 2067 3563 1095 3230
10 200 3124 1968 2719 2638 862 4648 4076 4837 941
3 200 4837 2467
4 201 1506 3345 201
7 202 1642 1152 1756 1590 4119 202
9 203 3977 4837 4846 2292 3493 3189 2383 4846
10 203 3149 513 4959 3406 5622 2677 5608 1666 3977
5 204 2630 4002 3602 4903
2 204 4002
6 205 3842 4539 2147 4818 205
12 206 4403 1543 206 4837 2442 675 1781 5593 215 5158 2442
11 207 5437 5252 4391 1243 5383 1529 3752 2325 3209 3752
4 207 3807 4478 5383
8 208 1926 1529 3334 5707 2111 3642 3334
8 208 398 3380 4579 1226 3543 4640 1926
5 210 1542 4156 1421 210
9 211 5560 5610 4413 3508 3564 211 4837 3098
10 213 669 5772 3031 3153 1845 2957 285 4453 213
6 218 5651 532 5196 3602 5094
3 218 1388 5196
6 221 4290 2643 5054 555 221
6 222 1523 4936 3594 2098 222
8 224 1628 3602 822 5667 5554 1725 822
3 224 2355 1628
14 226 655 1712 2840 226 3602 282 5301 762 3297 2000 1764 4061 282
8 229 4917 2120 440 4363 5141 5783 229
11 231 2504 2621 4373 2253 927 2974 2787 2364 1417 231
13 232 4395 5680 4174 5263 3602 435 1460 3010 4364 921 937 435
5 232 1337 5580 1498 5263
18 233 2745 2294 441 419 2209 3468 564 4912 233 3602 5193 4513 802 1487 5016 2527 5193
16 234 3790 3771 4584 5653 3998 3618 2689 5483 234 1529 5378 4176 4901 4131 5378
10 235 1106 5774 1429 2987 5368 876 2751 5105 235
8 239 1788 509 2956 3667 4788 1677 239
21 240 2790 3397 3167 2172 4253 2042 1556 240 3602 2059 991 3929 1921 2489 1217 2490 2286 3521 5053 2059
5 241 5303 5272 3748 241
16 242 5726 662 2344 1828 1507 242 4837 1315 5286 750 5471 1555 1588 5239 1315
18 243 3246 482 5590 651 929 5476 2647 3349 243 4837 2934 4833 1480 2181 446 5661 2934
14 246 3050 4575 5747 2965 5675 3461 1173 246 4837 352 3341 5581 352
13 247 2439 1732 3099 3990 5029 633 3602 3048 3813 732 3399 3048
3 247 1933 633
13 250 1560 416 2295 3602 3379 340 2005 4019 3539 3174 4476 3379
3 250 2649 2295
11 251 1038 3602 3871 4888 3122 1911 1349 4193 2716 3871
10 251 4738 2634 4480 3530 4051 4110 2865 3561 1038
4 252 3787 1766 252
14 253 3519 5254 4011 3602 5586 2055 421 5739 5770 4211 2603 2468 5586
6 253 4834 3069 4029 3531 4011
8 255 2333 4392 636 2208 255 1529 5454
3 256 4837 4603
9 256 3466 4366 5198 3994 2285 5076 3476 256
8 257 5489 4531 5188 3421 880 5291 257
7 259 3602 4565 3657 3389 5423 4565
5 259 5796 4379 278 259
20 260 1570 4021 1751 915 3664 1935 899 302 1529 4553 2857 4591 1727 1801 1473 2469 4530 4707 4553
3 260 3695 302
7 261 2017 656 3301 842 3446 261
10 264 2852 5136 4322 3803 4958 392 3587 5216 264
8 265 2788 3400 3995 3979 5556 5095 265
17 266 2637 1659 5171 4520 2510 1789 266 3602 4567 4246 2194 4421 3874 4405 2656 4567
11 267 5232 3168 2832 3722 3330 4305 599 1592 2220 267
8 268 1445 3578 2049 2917 4570 4990 268
10 269 5001 5729 3713 810 297 5284 4559 2418 269
16 270 5192 3211 5351 3602 1584 1133 3274 714 1972 5490 1582 4388 3319 5753 1584
13 270 2485 4511 1170 2152 3602 5755 4152 948 1018 4850 3617 5755
7 272 4837 3386 2803 2633 1127 3386
8 274 4344 882 4037 5366 1078 2664 274
19 276 277 5173 1043 619 2766 1418 276 3602 2282 3103 1134 1373 2300 639 3128 4128 2905 2282
8 279 1011 1295 5405 3588 5585 4050 279
9 280 2589 1853 2009 2701 4535 1338 1376 280
11 281 2958 1529 1920 2463 2284 2079 2328 805 1786 1920
6 281 5213 2860 2711 5106 2958
14 284 1574 5079 789 3619 3051 2192 4837 2875 5574 1863 1721 1948 2875
4 284 1409 2343 2192
12 286 4003 5359 3216 4932 5185 1529 1953 4693 2316 308 1953
6 286 2940 4471 2858 1796 5185
16 287 634 5111 4541 2400 4837 4075 3959 5237 774 3709 2918 1277 2704 5506 4075
2 287 2400
9 288 828 3818 5621 329 1696 3999 3602 1329
2 288 3999
18 289 1633 5724 2185 377 1428 1304 289 4837 1744 2241 4695 4599 493 2183 3795 5070 1744
7 292 2984 2615 665 292 3602 4194
13 293 2962 5741 3897 959 1034 2395 2179 1196 2083 293 1529 5491
4 294 1559 3602 1506
3 294 1929 1559
8 295 5595 867 4183 459 2893 5004 295
7 299 4046 830 1083 3429 431 299
17 300 1341 2609 2846 5434 3387 4404 3365 1425 3602 3192 1029 3290 1387 2426 3086 3192
2 300 1425
9 301 613 1481 5307 894 4209 4389 2449 301
13 303 4837 1477 4954 1314 3262 518 1949 1296 764 4612 2331 1477
22 304 2461 4549 4356 2108 5234 1679 339 1184 1448 3602 4743 4434 309 5738 4642 3039 3350 4025 1813 5362 4743
2 304 1448
8 305 1258 2794 354 888 2165 5679 305
10 306 1213 4261 1942 2904 310 5112 939 2724 306
12 311 2244 560 3140 2587 759 1529 4524 4221 3859 5522 4524
5 311 3991 5236 5230 759
14 312 3175 3516 1063 1818 4456 3364 2258 3602 1147 1374 1300 4597 1147
4 312 2581 4506 2258
12 314 484 5382 3470 1529 4810 3768 1201 2798 1626 1142 4810
3 314 2319 3470
15 315 2359 5248 4985 5317 5240 4631 4837 1537 1881 2591 5025 2296 5311 1537
4 315 5504 719 4631
12 317 5650 5090 2989 3417 2218 4859 4047 5102 1168 3602 4651
2 317 1168
14 320 1054 5206 5751 320 3602 360 3749 522 1872 2023 4979 794 360
9 322 4525 2810 4807 3942 358 856 3007 322
7 323 1231 5194 3845 5143 2566 323
12 324 1503 1884 324 3602 4547 393 1169 1825 3919 4306 4547
13 325 4660 1529 2453 1121 5704 2548 5555 3325 4217 4863 4977 2453
8 325 4667 3542 4609 3390 2972 4800 4660
12 326 3602 5582 3460 1361 1076 436 1064 649 3144 625 5582
6 327 4789 4353 1334 3486 327
10 328 5776 3157 3188 1518 5639 2506 4248 911 328
11 331 2085 3121 3142 4191 3307 3992 3481 5801 696 331
10 332 4165 5508 4704 4663 4837 5598 3972 4998 5598
4 332 404 5550 4663
6 333 5591 1204 2317 2182 333
6 334 5433 341 3492 1529 2773
4 334 3471 835 3492
8 336 4939 5685 652 3285 5613 4837 753
4 336 2774 4527 5613
11 337 4819 1291 3912 4485 1529 1235 4241 795 4450 1235
3 337 1521 4485
8 338 1635 934 1158 2498 3865 1101 338
10 342 526 3419 3057 5220 1876 2213 4774 1211 342
10 343 849 1346 4345 1529 2625 1041 1149 5781 2625
4 343 3727 5640 4345
11 344 3770 2532 4100 1118 763 918 2518 1278 5370 344
6 346 4658 661 3059 2031 346
16 347 1749 4873 5063 1607 476 425 2173 1324 347 4837 5627 5558 4240 1686 5627
6 348 5350 1375 4828 5084 348
8 349 536 2739 3733 3053 2509 3602 550
3 349 5019 2509
8 350 3439 3602 5699 3458 2330 1835 5699
10 350 2501 5175 2986 2683 466 4975 1288 1878 3439
21 351 4860 4653 4101 4897 1616 4580 3156 1505 3602 671 2660 5421 632 1189 5758 2530 734 4898 3279 671
3 351 382 1505
7 353 2205 1405 4681 361 2381 353
9 355 2227 1950 3602 1655 2814 3094 2995 1655
5 355 3109 5516 721 1950
10 356 1683 1998 2963 3579 589 4004 1768 1830 356
17 357 4432 5233 3602 4484 737 1879 3955 5273 1636 1489 4615 3602 2122 673 3602 1745
2 357 5233
10 359 387 2847 3008 5417 5706 5091 490 1279 359
9 362 5018 3047 3035 4837 4005 5058 2477 4005
8 362 4630 3869 2983 2620 2909 3160 3035
12 364 3337 4227 1187 364 3602 3012 2834 4140 1787 4201 3012
10 367 2196 4369 5561 3034 5514 3985 5294 395 367
7 368 4546 2785 2242 3742 1578 368
8 369 531 516 3602 5394 2102 2312 5394
2 369 516
10 371 5265 2115 4065 2873 2529 4671 2830 3927 371
13 372 2486 3878 3613 4292 4837 455 2732 4437 896 5670 2876 455
2 372 4292
16 373 5041 811 5646 4837 2176 4755 3685 3554 1900 2795 1528 5648 4956 5628 2176
4 373 5062 947 5646
7 374 996 3080 4657 3593 1185 374
17 375 5319 800 1068 5347 3044 2512 3569 1529 4237 5778 1004 1549 5647 3322 4387 4237
3 375 3478 3569
11 379 4969 3449 3534 1469 3823 5332 5078 1410 3857 379
10 380 4832 938 3602 1984 2263 5495 4012 1381 1984
5 380 772 2737 858 938
18 383 5655 627 4214 3811 1910 3425 383 1529 3634 5543 995 5531 717 5036 875 1526 3634
9 384 5518 1457 3224 885 4628 1276 473 384
22 386 4945 3836 2369 5721 1251 5757 4963 1563 1807 386 1529 4902 3445 5503 5474 2062 5221 2452 2800 680 4902
8 388 5668 933 4010 3151 3775 1529 3615
5 388 4296 3228 1117 3775
7 389 674 1449 977 573 2371 389
11 390 2409 5637 1529 813 3075 5380 1646 1412 1188 813
8 390 4750 3988 3183 2626 3469 2654 5637
6 391 1463 5151 1006 3805 391
8 396 1629 5038 5153 5300 1013 4415 396
21 399 2084 3889 2423 3964 4497 1539 4709 3786 1529 4048 2879 3176 4247 1697 1051 3606 3956 1814 3027 4048
2 399 3786
5 400 5430 4121 3705 400
6 401 5013 1222 1153 4331 401
14 402 4583 4493 1529 2528 1183 5715 5344 1819 1795 3620 5169 3100 2528
2 402 4493
12 405 3072 851 5066 2191 3602 4749 628 968 2942 1997 4749
7 405 3331 2336 2326 4006 4821 2191
8 406 4376 5093 2959 3716 2694 2906 406
11 407 4044 4082 5562 4678 3271 5059 2415 4701 5750 407
11 408 692 1206 4249 2985 2695 951 4297 4438 3602 1462
2 408 4438
16 409 3652 5540 1298 3448 2759 3935 1529 2903 1901 2561 4368 1780 818 3408 2903
2 409 3935
6 412 1937 3982 2993 3602 3058
2 412 2993
11 413 3809 1844 715 865 5231 5033 586 3126 5181 413
11 414 1661 5447 4407 4358 1634 5746 590 3636 5000 414
9 415 3710 2831 5139 4849 2370 415 3602 1213
10 417 5369 4961 2238 417 4837 5717 5203 566 5717
6 420 2895 3266 4634 480 420
10 423 2380 570 2973 2464 1875 708 4656 2304 423
9 424 2215 2481 1589 3602 1363 5664 4943 1363
2 424 1589
15 426 1695 2666 1529 5323 4673 451 2826 4114 3284 1956 2526 1717 5218 5323
5 426 3923 2578 2678 2666
5 428 1442 4737 2946 428
10 429 3687 2619 4169 4837 4055 614 5759 2494 4055
5 429 5663 1176 5361 4169
15 430 3846 3968 3925 4837 4654 5798 4569 2107 5789 1132 2311 4856 2807 4654
7 430 2980 891 5296 5205 981 3925
8 432 1544 2645 4316 3728 1627 2495 432
8 433 3684 4168 3602 4713 3201 971 4713
6 433 5163 3658 4342 2571 4168
7 434 1358 565 5617 4213 1849 434
8 437 1648 3860 1967 657 3110 2392 437
10 438 751 2580 4837 5436 1264 1890 4758 2458 5436
4 438 5072 2454 2580
15 440 4837 4935 3286 1886 5677 5766 4837 572 4401 1541 4030 4793 2175 572
15 444 1784 3217 3420 5463 2668 5107 5553 3146 444 3602 3055 2610 1565 3055
11 449 2090 1219 1936 5780 1603 1357 5760 3062 5228 449
10 450 2035 1832 580 4315 5499 3496 5716 5478 450
10 452 3589 2491 2824 4503 2598 4001 1193 3006 452
10 453 1529 733 1079 1758 1372 1531 1164 1407 733
10 454 4970 2251 481 4558 5245 2568 2542 4837 5660
4 454 508 5519 2542
10 456 2460 4862 5178 5788 1698 3093 3233 5599 456
17 457 4507 1108 4198 4896 5428 1529 4883 4777 2941 1293 5584 3533 2272 3127 687 4883
5 457 623 3661 5157 5428
5 461 4099 5530 4283 461
6 462 3586 3218 4853 3876 462
6 463 4837 4385 1303 2698 4385
6 464 5681 4204 2308 2450 464
13 465 3870 1036 4146 4728 4837 3457 1580 3662 4557 974 4721 3457
2 465 4728
8 467 2728 4548 1888 2805 5289 1651 467
10 469 3946 4829 1395 1865 584 1440 1687 1042 469
6 470 5268 1074 1931 3624 470
8 471 2372 4837 5452 2778 3750 2388 5452
9 471 5576 5035 1208 2118 4510 3388 4683 2372
13 477 5659 3700 3781 1811 1037 1529 2340 4650 3298 5391 2693 2340
5 477 2034 5184 4068 1037
6 478 5142 4231 5387 2335 478
12 479 2945 3321 479 4837 4429 4120 1286 5728 2590 5676 4429
10 483 4913 3547 4837 3369 535 5605 1959 4465 3369
6 483 3603 5135 3815 2597 3547
10 486 2540 819 5642 1335 1066 4329 486 1529 3472
9 487 1624 1451 3635 4371 2825 487 1529 5419
10 488 5572 648 4136 2680 4270 2685 1396 4409 488
9 491 4827 1023 2744 3583 1662 4309 3119 491
8 492 1030 5740 2764 4454 2600 4581 492
14 494 5734 2676 5534 494 4837 2289 2611 2551 2050 4916 2750 5799 2289
4 496 3676 2429 496
4 497 4698 1162 497
6 498 1350 1033 4267 3602 4518
3 498 1411 4267
7 500 2351 1026 4523 1848 4872 500
5 501 3816 1824 5223 501
5 504 3501 4275 2436 504
6 506 3602 2919 2556 3287 2919
11 511 1436 4200 2780 1567 511 1529 3102 4710 4973 3102
8 512 738 4733 4837 4606 1660 4430 4606
9 512 2264 4689 4928 4746 2652 5189 4568 4733
5 514 4312 3404 4837 5686
9 514 2099 3312 672 4837 1416 5754 2770 1416
10 515 4496 1092 4320 4851 1302 1999 5493 1827 515
11 517 4725 4983 1923 4081 3185 1657 4324 4614 1871 517
17 519 3220 3265 3060 2337 3602 1091 1897 4771 4293 2493 4039 890 3377 1569 5711 1091
4 519 1858 2204 2337
10 523 553 3296 5733 3602 5306 2622 4175 4987 5306
3 523 3732 5733
4 524 999 3180 524
11 529 4263 3187 4604 3484 5249 2923 3489 1317 3810 529
10 539 3083 1833 1049 3289 2357 3181 4792 1530 539
6 540 3628 4730 1957 1316 540
11 541 1899 917 5043 4641 5026 1568 2280 2868 919 541
11 542 4837 2041 4325 2688 1987 3438 647 1622 5467 2041
11 542 3357 5418 4452 993 2123 2661 4351 2424 1020 542
5 544 2613 2475 3655 544
17 545 4806 4187 1292 2278 3861 3361 545 4837 4108 3234 2937 1551 5672 4492 3820 4108
8 546 4586 5285 2214 4769 4357 2792 546
12 547 2457 3873 4714 3686 3067 4837 841 4455 2837 595 841
3 547 943 3067
8 549 3559 4053 2138 877 1772 5674 549
8 552 1932 5688 2052 2306 1866 2313 552
8 555 3602 3888 2105 3738 713 2686 3888
12 556 2094 3834 626 3375 1952 1529 5458 758 2729 5308 5458
3 556 3089 1952
11 561 4949 1843 5520 654 1740 2525 5047 2673 5352 561
6 562 5298 3568 5507 5011 562
10 567 796 1070 4837 2180 4302 5545 4318 2166 2180
10 567 4837 870 1340 1771 5687 2352 4937 4837 742
20 568 4890 4153 1197 5482 3402 2776 788 4798 1529 1368 5219 1529 5006 912 4644 4843 2602 1155 5006
2 568 4798
14 576 4470 761 1912 1645 1777 3108 576 4837 4103 5564 1548 5737 4103
6 579 4543 1663 3401 4837 4457
8 579 4587 4300 2496 5578 3690 4848 3401
6 582 5618 4918 4978 3602 4958
7 582 2021 4825 2225 1419 3761 4978
6 583 3525 5322 645 3602 2281
7 583 1426 4449 3009 4196 3868 645
4 587 900 4837 2046
3 587 4225 900
5 592 997 3162 4732 592
3 593 1529 4472
6 593 2444 1360 790 2819 593
14 594 706 3056 3310 2801 946 1150 949 1529 3155 2546 2927 3936 3155
13 594 3641 1529 2720 984 2104 5086 3258 1250 1386 5693 3774 2720
13 597 1039 5074 2187 4330 852 2618 4024 3755 4184 597 3602 1232
12 598 5287 1439 4910 4837 1254 922 3343 5793 1785 903 1254
8 598 5266 4637 703 2291 5397 1753 4910
18 600 2273 2216 5652 1005 2925 1446 5784 2189 4647 600 3602 3645 2073 4741 4783 4173 3645
18 601 745 2961 5791 2393 601 3602 1458 1658 4016 3646 3602 4814 4865 2508 683 5412 4814
10 602 3602 775 4269 1934 4181 2818 1596 3029 775
21 607 2135 2061 5634 2411 653 2697 4679 607 3602 1297 5429 4585 4462 629 1834 4124 2249 2712 5592 1297
11 611 3616 630 3592 2675 2517 3918 3199 4132 1287 611
11 612 2109 2033 1529 3872 4598 2003 1359 780 4799 3872
2 612 2033
7 615 4837 1669 1444 2095 3759 1669
6 620 1403 2950 1667 2791 620
6 624 1475 4189 624 3602 3323
5 635 2943 1077 4837 2895
9 635 1181 757 1640 2978 5164 5170 1806 1077
6 637 3538 1012 4842 2861 637
13 638 1351 4837 2756 4469 3957 2081 5145 1220 5131 5126 1690 2756
3 638 5398 1351
8 640 4837 3777 4218 2004 1325 5297 3777
5 640 2440 1955 2011 640
14 641 3937 3648 641 3602 3368 1709 3602 5601 1110 4361 3117 3441 5601
10 642 2516 4617 4915 1467 2960 5440 2301 2230 642
11 646 1207 972 646 1529 3916 1154 2612 5346 3378 3916
7 656 1529 2640 5725 3352 3332 2640
6 658 1529 4359 4692 4665 4359
9 663 4837 2617 4067 4748 1546 4427 955 2617
11 664 4837 3832 3537 2438 2768 4837 832 3505 4370 832
7 664 1895 2226 5698 4836 3306 664
4 666 814 3885 666
11 667 1109 4571 5165 3608 4919 4837 3896 2892 4560 3896
4 667 1882 2155 4919
3 674 4837 5746
11 676 5115 3886 3407 5122 5312 5138 3074 1259 930 676
11 677 1581 1145 853 4445 5009 681 5209 3532 5388 677
14 678 5745 2823 3602 5333 2137 3091 1644 2870 1140 1174 1491 840 5333
4 678 3253 5594 2823
7 679 5065 2735 869 2142 4837 1672
2 679 2142
8 682 4185 4266 3602 5295 5226 1215 5295
2 682 4266
12 688 2975 960 3549 4022 688 3602 1476 982 5118 3920 1476
7 689 2653 4989 3414 4239 5229 689
16 690 2887 3212 5565 3250 4837 3637 4661 5002 4384 1742 5636 3172 1864 2379 3637
5 690 1180 1075 1223 3250
13 694 1747 3488 3198 4383 3678 1716 5032 3602 5293 1028 3602 4803
2 694 5032
4 695 1435 2596 695
9 698 5763 1479 806 5244 1941 4256 2247 698
6 699 3602 4876 1272 5439 4876
4 699 4020 1511 699
11 700 2916 1533 5442 1071 2511 5057 3024 2753 4054 700
9 701 2948 5190 4419 4864 3467 4443 2880 701
8 702 5497 1736 4837 2782 4716 5077 2782
2 702 1736
4 704 1281 2897 704
4 707 2186 4837 2421
7 707 3911 2399 2585 3479 4098 2186
6 710 1244 2769 791 2091 710
17 716 2623 1809 4629 4078 4924 4607 4095 1529 3915 4109 970 1874 4317 1499 4238 3915
4 716 5611 4759 4095
6 720 1529 3841 4879 5654 3841
11 723 3411 1869 4726 2435 1343 2117 3396 4512 2657 723
11 724 1729 5441 2262 3424 944 3073 4145 4070 4343 724
5 726 4144 5345 4729 726
10 728 1529 4056 4718 2287 1960 1852 1904 2217 4056
14 729 3706 1364 2555 1311 3548 1529 3281 2821 4372 3571 5731 5144 3281
6 729 1529 1601 3107 1674 1601
9 730 2703 975 1976 1450 5161 4545 1529 5493
3 730 1529 5310
7 735 850 2345 4278 735 4837 1429
5 741 3677 3423 2202 741
10 746 4735 4680 2915 1151 4933 1111 746 3602 3474
15 756 5517 3947 3362 5282 756 3602 3875 2257 4282 4097 4426 4328 945 3875
12 766 1623 4837 3465 3969 4905 3928 4508 1285 4015 4576 3465
8 766 825 4960 4052 5411 3141 1653 1623
8 768 3958 2473 4040 3881 2002 2781 768
14 771 5402 2403 3913 3158 2734 2177 3844 771 3602 4839 2324 3609 4839
9 773 2629 1308 2862 4563 1891 2820 3427 773
13 777 2700 4155 3940 5410 4782 777 4837 5318 1289 4154 2671 5318
7 779 1138 5195 3455 2743 1854 779
4 781 2500 3602 2124
7 781 4412 1294 4702 2012 2358 2500
8 784 1461 2193 4639 1702 3984 2465 784
3 785 4837 3501
5 786 908 5068 3793 786
10 793 4837 4588 4877 5133 3085 2315 2342 808 4588
19 797 2536 2391 3696 5443 5782 2029 3602 1378 3311 3600 5338 4699 846 4909 5207 3134 4171 1378
4 797 3485 1873 2029
9 798 3931 1760 4670 2670 2127 3118 2538 798
4 799 2867 5462 799
8 801 5623 1190 1227 5255 3206 3602 5128
2 801 3206
12 804 2777 1103 1989 1455 4976 3602 1382 1097 1248 5632 1382
2 804 4976
6 807 5538 4254 807 4837 3001
7 815 1471 2232 1550 1339 5509 815
11 816 5082 4105 4287 3003 4160 2476 5372 952 4624 816
6 817 1977 2170 3544 2245 817
9 823 2373 2503 3463 2363 1199 1120 5743 823
7 824 5692 2030 2999 4411 2310 824
17 826 1238 1104 3833 5587 1963 3014 2222 1964 826 3602 4745 3828 5191 3213 2740 4745
13 829 2874 2707 4058 1722 1816 3796 1529 5575 1908 3791 1724 5575
2 829 3796
9 836 1218 3038 1608 2480 3528 4332 4365 836
4 837 4130 3558 837
8 847 1379 1484 5097 1260 2349 1930 847
6 848 4354 5211 5409 1975 848
9 855 2655 2334 5756 2741 1441 855 3602 4419
11 857 5579 3794 5484 5702 2366 5113 3555 1389 2309 857
5 860 3171 4304 3509 860
8 863 1319 2329 3921 3226 863 3602 3851
3 868 1529 2881
8 873 5701 5488 1673 4394 4676 3679 873
5 874 2990 901 1390 874
10 887 4772 4093 1889 4186 1019 4301 5748 2886 887
7 888 4837 2569 1209 1022 1362 2569
6 893 4911 5172 3195 2572 893
3 901 4837 5156
7 902 4149 4255 1062 2520 4837 1371
7 902 4349 3123 3054 5732 3490 2520
6 908 3602 3573 2662 1402 3573
16 909 3303 2443 4633 3096 1529 4341 2267 5449 2894 3852 1861 5276 3277 3826 4341
4 909 3565 3497 3096
4 910 5408 3577 910
18 914 5683 5235 3433 931 1116 4895 3669 3848 3602 1307 2164 4090 2470 3133 2690 4206 1307
3 914 4428 3848
6 916 5510 2116 2048 3829 916
10 928 2133 2472 4722 3602 1383 2856 3065 1178 1383
2 928 4722
10 932 998 1255 5614 1726 1312 2212 5243 4757 932
6 952 1529 3785 5414 1763 3785
6 953 2420 3356 2841 3599 953
5 956 3210 5400 4837 3419
2 956 5400
9 958 5524 3130 2813 4280 1917 4236 1514 958
21 962 2404 4085 1576 5081 4620 5015 1612 3313 1529 3518 3910 3902 3699 2885 1080 2864 2713 5735 1534 3518
2 962 3313
10 964 1434 5535 1540 4566 4150 4920 2223 3772 964
5 965 3769 1553 2190 965
4 966 5505 3602 1435
17 966 1000 2789 5542 2248 1186 2057 3602 3714 4142 3292 4995 3515 4562 1737 1485 3714
4 967 5123 4837 1635
16 967 5464 4882 5056 1572 4837 2708 2576 4988 5624 4802 2128 3892 5264 2796 2708
11 969 2644 1688 5588 3179 2679 4811 4685 5251 2507 969
10 973 3670 5470 3952 4813 3382 5635 4844 2384 973
13 978 5448 4111 1406 4780 5631 5444 1529 2240 1614 4940 2641 2240
2 978 5444
22 980 3837 5124 3257 4125 3305 1017 3237 980 4837 2931 3983 4744 5612 4837 2434 2515 5367 2715 2696 3324 2434
6 985 3602 5457 2947 5393 5457
10 986 4582 2659 2414 2015 5456 2146 5492 5777 986
9 994 3551 3879 2139 4435 1124 2583 1172 994
3 996 3602 3788
7 997 1529 4526 3395 4625 3440 4526
3 999 4837 2672
19 1001 5080 3241 5779 5201 2259 5771 1001 4837 1055 4286 5662 3754 2939 1161 2811 4752 1783 1055
6 1008 4837 1652 2549 1755 1652
11 1024 3363 2321 5573 4739 4064 4473 2863 1035 2455 1024
3 1026 4837 5462
13 1030 3602 1954 5691 4179 1905 4991 4205 1524 4720 3348 5512 1954
8 1032 1165 2254 2604 1408 3252 2783 1032
11 1040 2341 1704 3894 4279 3392 1125 3753 5180 1754 1040
8 1042 4837 2890 1643 5403 5744 4573 2890
5 1045 3607 1221 1529 1171
5 1045 1502 5669 3214 1221
3 1048 1529 1513
9 1057 1735 4326 2809 3854 3023 1969 3808 1057
13 1058 1566 3797 5061 4837 5657 5363 5705 5389 5305 4299 4638 5657
5 1058 1656 1369 5511 5061
7 1060 2250 3981 2134 4381 2430 1060
9 1065 4869 5769 2642 3280 2422 4773 5583 1065
3 1074 1529 1542
3 1083 3602 4411
14 1085 4122 1136 3898 1085 4837 1380 2951 3422 4593 2206 2178 2922 1380
8 1086 1587 3827 4063 5040 3025 4180 1086
11 1094 3602 2101 3248 3116 2428 1130 3773 1990 2390 2101
19 1096 2129 3838 3782 4226 3651 4260 1320 1330 2332 1096 4837 3944 1167 3692 2582 1538 4268 3944
7 1098 3026 4997 3004 3529 4414 1098
4 1100 3522 3602 3886
4 1100 1621 2119 3522
19 1107 4715 4986 2350 3506 4159 5373 4057 1404 1107 3602 3355 4931 1483 4134 2069 5108 4041 3355
11 1114 4333 1365 3517 2448 5274 4784 3159 4590 5703 1114
3 1124 3602 4343
13 1126 5146 4861 2275 1126 4837 1370 5673 2270 2446 4761 3980 1370
4 1129 2419 2195 1129
14 1135 2087 3309 3166 4968 1529 1413 4574 5260 2669 1703 4946 1269 1413
2 1135 4968
3 1137 4837 5460
3 1138 1529 2072
8 1144 3483 1711 4310 4893 1144 1529 5242
9 1145 4837 2365 5374 4439 3221 1318 4107 2365
3 1156 4837 4868
10 1177 2537 5262 1557 5354 2938 1326 1256 5665 1177
9 1191 5316 2849 4982 4000 3922 3495 1823 1191
8 1195 3276 1701 2727 2554 5630 3602 2305
4 1195 4668 2955 5630
7 1199 3602 4104 1631 5098 1859 4104
13 1204 4837 5451 4242 1459 4069 4157 1515 3454 4285 4857 5045 5451
9 1210 3520 4736 4084 5722 5714 4994 5426 1210
8 1212 1966 3783 1680 4077 4433 3924 1212
3 1225 1529 1991
14 1228 2896 4499 1348 3650 3360 3712 1228 4837 1591 4529 3644 2471 1591
11 1229 2754 5321 5270 3115 1246 2038 5802 1577 4944 1229
8 1236 4459 3374 2149 2236 2843 2160 1236
11 1242 4824 2297 3766 3625 3779 1249 4962 2462 2907 1242
3 1244 4837 4592
9 1252 4594 4751 1641 2920 1283 1545 1468 1252
10 1257 5787 4311 4845 2911 4550 2431 2075 4964 1257
7 1266 1529 2279 5227 4066 4817 2279
10 1266 2039 3063 5481 4555 3205 3412 4509 2607 1266
6 1267 4072 2092 1267 4837 2906
3 1270 3602 4331
3 1281 3602 3188
10 1282 3765 1846 1916 3602 2799 5486 2266 2871 2799
2 1282 1916
9 1301 4804 4323 4533 2558 1965 4137 3965 1301
10 1310 5609 3970 3724 4386 3456 4327 1310 1529 4538
8 1313 2188 3106 2374 2163 5179 3066 1313
3 1316 4837 3511
10 1331 4756 3240 2575 4870 3028 3503 1331 4837 4481
9 1334 4837 5773 2221 4116 4257 4779 5215 5773
3 1339 3602 4130
11 1345 5339 1529 1973 5523 5327 1420 5116 1586 4600 1973
3 1345 1817 5339
4 1352 5708 1810 1352
11 1353 2627 3385 5067 5003 2722 5723 2385 3347 4408 1353
11 1354 1552 4993 2027 1354 3602 1870 2977 2913 3789 1870
8 1356 4837 4632 3665 4295 2872 4747 4632
3 1358 3602 3779
15 1366 2110 3299 3632 1529 1774 3605 4684 1761 1639 2088 2348 4027 2433 1774
5 1366 3978 3229 4578 3632
6 1367 1500 2132 1367 3602 4813
11 1393 1443 2970 4762 2827 1393 4837 2557 5515 4210 2557
11 1394 4222 3950 3962 1522 1394 1529 2256 5037 5736 2256
8 1423 2968 3767 3760 2850 1423 1529 3083
10 1424 4765 4840 1529 4495 2882 2851 2113 2231 4495
3 1424 4265 4840
7 1427 4463 4532 3562 2413 2760 1427
14 1430 5360 2229 1947 5334 2543 1430 4837 2375 3207 2570 1842 3510 2375
8 1431 1529 2020 2674 3125 1927 1517 2020
11 1452 5313 2086 3737 2484 2757 4498 4172 4927 4013 1452
3 1457 3602 2144
4 1465 1868 3602 4463
6 1465 3926 3611 2417 3602 2757
3 1467 4837 5103
4 1470 1504 1529 3667
3 1470 2157 1504
8 1482 1862 4627 4440 5183 1993 4837 2420
4 1482 4775 2056 1993
8 1488 4837 1501 5792 2106 2709 2016 1501
7 1492 1620 1730 1793 1779 3376 1492
4 1497 5149 2268 1497
11 1516 4950 4837 5010 1918 2360 3527 5455 2168 5415 5010
3 1516 3764 4950
5 1519 4602 3584 3019 1519
7 1525 3249 4060 3904 2014 3951 1525
2 1529 2153
8 1529 3278 5498 3336 5222 3626 3273 3278
2 1529 3577
5 1529 4281 2866 2261 4281
7 1529 2234 1880 4740 4188 4786 2234
2 1529 5762
2 1529 3866
2 1529 5708
2 1529 5430
2 1529 3984
2 1529 5151
2 1529 4614
2 1529 4215
2 1529 4182
2 1529 5011
2 1529 1673
2 1529 4441
2 1529 3087
2 1529 4410
2 1529 2307
10 1529 2833 5406 4460 4900 2804 3480 1974 4232 2833
2 1529 3143
2 1529 2952
11 1529 4837 4947 3333 5147 4446 2299 2397 2044 2967 4947
2 1529 1996
2 1529 2052
2 1529 2254
2 1529 3588
5 1529 2717 1805 2140 2717
8 1529 4244 4416 4138 3338 1609 5615 4244
5 1529 4687 5563 3403 4687
2 1529 3171
11 1529 2771 3381 2932 3756 3850 1664 2835 3491 2747 2771
2 1529 1803
2 1529 1544
2 1529 1688
2 1529 3184
2 1529 4228
5 1529 5500 3203 5376 5500
2 1529 3622
2 1529 5595
2 1529 4951
2 1529 2946
2 1529 4161
2 1529 2518
2 1529 3958
2 1529 2830
10 1529 2076 3373 3263 3693 4515 5450 3660 4467 2076
2 1529 5499
2 1529 2836
2 1529 5723
2 1529 2950
11 1529 3045 3261 3154 2883 4199 3740 4754 1983 5641 3045
2 1529 4807
11 1529 4801 3239 1692 5137 5438 4008 4623 5633 2855 4801
2 1529 2430
2 1529 5001
2 1529 2410
2 1529 3580
2 1529 2691
2 1529 2651
6 1529 5649 3698 5546 4026 5649
9 1529 3602 4564 5513 3602 4479 5396 3104 4479
7 1529 3020 4652 4043 4087 1585 3020
2 1529 5461
2 1529 3614
2 1529 2861
2 1529 1714
7 1529 3043 2926 4952 2758 2930 3043
2 1529 4223
2 1529 4936
2 1529 3831
2 1529 5097
2 1529 5210
2 1529 2449
2 1529 5350
2 1529 4365
2 1529 2009
2 1529 4566
2 1529 2809
2 1529 1651
2 1529 2813
2 1529 2752
2 1529 2392
2 1529 3806
5 1529 2749 4616 3243 2749
2 1529 2419
9 1529 2594 2797 3934 4724 4491 2793 5330 2594
2 1529 4091
2 1529 2170
7 1532 3346 3800 4442 3504 3015 1532
8 1554 3949 3256 4500 3731 1775 2710 1554
3 1557 3602 4263
16 1562 1593 5129 3473 5110 1826 4314 2802 1562 4837 2356 3702 3891 4337 5134 2356
3 1578 3602 3579
10 1619 5718 3835 3602 5028 4448 3114 1894 2037 5028
4 1619 3883 4922 3835
6 1637 4795 4696 1773 2427 1637
3 1641 3602 3853
3 1642 3602 4934
7 1675 2394 3704 2988 1684 2054 1675
6 1694 5050 2080 3452 3856 1694
4 1700 3672 4837 5152
7 1700 3013 2150 5030 4487 4837 3816
5 1713 3500 2398 5109 1713
11 1715 4577 5275 1715 4837 4635 3052 1896 2064 2066 4635
3 1733 3602 5244
6 1734 3602 5684 4088 3033 5684
5 1738 3567 4984 3602 2321
12 1738 3602 5375 1778 3398 3673 5052 1944 3560 4907 5340 5375
8 1757 2406 5720 2648 5341 1757 4837 5706
6 1762 2614 2539 5348 4841 1762
3 1772 4837 4590
3 1775 3602 3787
3 1782 3602 2862
3 1793 3602 2031
10 1798 2845 4556 2159 5166 5049 2929 3989 2143 1798
3 1823 3602 4534
6 1837 3843 4170 2684 5566 1837
3 1869 4837 2253
3 1875 3602 2911
3 1939 3602 2394
7 1975 4837 3954 4288 2243 4923 3954
10 1978 4350 2070 5710 2314 4080 1981 2077 2631 1978
5 1979 4677 5544 2560 1979
7 2006 3499 5727 4787 2726 3736 2006
13 2007 3887 3077 3328 4444 3394 3602 3161 2276 5800 3604 4646 3161
3 2007 3202 3394
11 2071 4837 3260 5150 4838 5496 4486 5596 4291 2416 3260
3 2131 4837 4270
3 2160 3602 2788
4 2171 2650 3602 2323
8 2171 5099 4605 2817 4042 2822 4074 2650
3 2196 3602 5748
6 2199 2201 3575 5117 4544 2199
3 2212 3602 2427
4 2268 3602 4837 5304
3 2283 3602 2288
3 2308 3602 3830
3 2335 3602 2475
3 2341 3602 3145
3 2354 3602 4252
11 2377 5390 3656 3238 4245 3447 5005 4313 3431 4348 2377
3 2381 4837 3616
3 2429 4837 2614
6 2437 2928 3858 2437 3602 3829
7 2451 5431 4618 4031 2451 3602 3584
3 2525 4837 4698
3 2544 4837 5300
3 2566 3602 5426
7 2646 4753 3193 4340 3697 4815 2646
3 2653 4837 4060
3 2670 3602 4037
3 2702 4837 4243
7 2723 4402 5569 5104 3680 4666 2723
3 2744 3602 3423
3 2899 4837 5048
5 2901 5288 5182 5386 2901
3 2957 4837 3697
7 2979 5279 4551 4955 3111 5643 2979
4 3011 3582 3659 3011
6 3021 5335 3178 4611 3639 3021
3 3025 4837 3195
3 3040 4837 4677
3 3066 4837 4023
4 3132 4519 3715 3132
3 3215 3602 5365
5 3264 3890 4871 4837 3663
4 3264 3903 3359 4871
3 3314 3602 4862
3 3330 4837 3582
3 3504 4837 5489
3 3589 4837 4423
2 3602 4357
2 3602 4151
5 3602 4766 3745 3975 4766
2 3602 3674
2 3602 5043
2 3602 4990
2 3602 4313
2 3602 5335
2 3602 5008
2 3602 5579
2 3602 4323
2 3602 3876
2 3602 5182
2 3602 5804
2 3602 5290
2 3602 4938
2 3602 5332
2 3602 4458
2 3602 5050
2 3602 5456
2 3602 4942
2 3602 5109
2 3602 4997
2 3602 4519
3 3769 4837 3842
3 3809 4837 4544
3 3885 4837 5801
3 3989 4837 5228
3 4079 4837 4144
3 4094 4837 4308
3 4283 4837 4350
3 4374 4837 5769
3 4433 4837 5059
2 4837 5566
2 4837 5057
2 4837 5272
2 4837 5727
2 4837 4944
2 4837 5104
2 4837 4955
