3166 899
5 1 67 1134 2521 2453
3 1 915 1134
3 2 2048 816
6 3 2048 660 2211 589 660
8 4 1774 2371 2521 406 900 2790 406
2 4 2371
13 5 2130 446 3132 1298 5 517 1407 759 3094 821 1895 1407
10 6 3027 1911 517 147 397 1993 73 123 147
3 6 2294 1911
4 7 1290 1799 7
12 8 2521 1479 2152 1694 2032 2521 180 2833 1656 426 180
6 9 1186 416 2163 2049 9
10 10 1579 87 2521 2323 3162 665 1432 626 2323
3 10 267 87
6 11 2438 1605 510 1943 11
6 12 2277 1192 2715 436 12
4 13 2092 517 1435
4 13 555 2081 2092
6 14 500 1647 1069 2981 14
11 15 1107 1987 2663 517 344 1700 2341 1803 1721 344
2 15 2663
9 16 188 517 938 1968 30 2774 1108 938
3 16 2862 188
10 17 863 292 334 17 2521 1709 2999 1816 1709
4 18 2161 2996 18
8 19 811 613 3154 2207 19 2521 2854
7 20 1020 2686 1922 369 517 1647
2 20 369
10 21 1270 1619 517 1151 719 576 2062 1974 1151
3 21 275 1619
5 22 2139 1073 130 22
9 23 614 2521 1684 2016 929 1810 288 1684
3 23 902 614
4 24 2488 465 24
8 25 1193 872 517 1876 2238 1674 1876
2 25 872
9 26 2573 216 2044 517 1951 119 3044 1951
8 26 517 83 1737 2309 1960 2426 83
8 27 568 2484 2521 2083 1268 575 2083
3 27 876 2484
6 28 3089 1822 1318 2507 28
3 29 2521 1790
5 29 1608 657 2511 29
9 31 1309 210 517 2859 2275 2224 2675 2859
3 31 1330 210
6 32 3101 3013 875 2247 32
8 33 517 3014 2930 1710 1080 273 3014
5 34 1626 382 517 1231
2 34 382
9 35 1894 2640 3092 2048 2926 892 78 2926
2 35 3092
8 36 2521 2516 1659 1179 1849 2766 2516
6 36 1267 944 1329 417 36
4 37 1878 1295 37
8 38 2455 1582 517 2857 1646 899 2857
4 38 1503 109 1582
5 39 1596 1286 1430 39
6 40 1637 3060 2107 1973 40
6 41 2895 2600 484 2521 598
2 41 484
9 42 2125 1913 42 2048 1814 2572 1900 1814
9 43 242 2995 43 2048 611 263 1542 611
5 44 281 2359 1150 44
12 45 1775 1571 2082 633 2048 1240 2506 2414 2710 1516 1240
2 45 633
7 46 2104 517 1366 1627 675 1366
3 46 564 2104
6 47 3039 2929 2688 1698 47
6 48 2153 425 1689 2695 48
7 49 92 2521 636 294 257 636
3 49 402 92
11 50 3059 1928 1706 517 79 1011 2883 1863 442 79
3 50 1966 1706
5 51 793 2885 2521 2553
3 51 2592 2885
8 52 2048 2478 233 609 1599 1919 2478
10 53 2521 917 1483 2521 1265 368 2349 2434 1265
11 54 659 1833 54 2521 735 142 1463 2652 1056 735
4 55 1191 467 55
3 56 2521 1708
5 56 572 2011 2462 56
6 57 2048 3052 1784 618 3052
11 58 108 1740 1243 58 517 2319 1208 696 1572 2319
10 59 1439 1447 59 517 1448 2346 1303 1613 1448
4 60 1023 2048 2588
4 60 1337 3110 1023
5 61 2968 2237 2813 61
11 62 1322 2230 2942 517 2301 1060 230 1944 1977 2301
3 62 861 2942
7 63 1412 2048 1455 3076 2173 1455
5 63 1552 1809 2218 1412
8 64 517 2867 441 1575 615 1489 2867
6 64 729 2524 2491 904 64
6 65 2757 1238 815 2444 65
7 66 1144 2812 3066 66 2521 347
8 68 2289 1376 2131 631 68 2521 797
5 69 203 873 308 69
5 70 1050 1262 691 70
9 71 927 2521 2552 1705 599 161 1643 2552
11 71 2792 366 2521 2288 249 2521 577 2815 974 577
6 72 2521 791 909 2596 791
10 72 3126 185 2333 2521 1446 2476 428 2608 1446
14 74 2088 2901 2201 74 2521 1509 1081 2521 2325 2842 1165 2199 2325
5 75 526 551 3118 75
5 76 820 2321 2603 76
8 77 1868 2048 1888 1510 122 1719 1888
3 77 2758 1868
6 80 2615 2944 494 2231 80
6 81 3008 1250 488 2759 81
7 82 2194 1485 1805 2326 517 2756
2 82 2326
6 84 2215 2586 634 373 84
12 85 2891 1818 2322 2185 85 2048 2465 474 393 856 2465
7 86 3138 2521 999 2148 1257 999
3 86 1162 3138
5 88 984 1379 782 88
10 89 698 1617 2521 676 1110 1084 1840 1299 676
2 89 1617
6 90 546 1212 757 340 90
7 91 2217 2048 1581 349 1766 1581
3 91 534 2217
6 93 2354 208 673 2846 93
8 94 814 2048 578 3131 1311 2599 578
3 94 239 814
6 95 1094 2339 462 1093 95
8 96 517 2633 874 453 2383 1035 2633
6 96 1976 1347 1504 2724 96
9 97 100 2117 2048 2627 848 666 535 2627
4 97 1389 2776 2117
8 98 3067 2443 2249 569 98 2048 2227
4 99 2386 908 99
3 101 517 1116
5 101 434 2577 1386 101
8 102 2543 2048 2674 191 2699 431 2674
3 102 2036 2543
3 103 517 3081
6 104 770 961 2450 2909 104
6 105 1885 881 386 1548 105
9 106 155 2048 1676 2700 1227 970 2145 1676
5 106 1274 1239 648 155
4 107 1498 962 107
11 110 323 1102 2129 110 2048 2415 509 499 2048 343
6 111 2521 819 2723 789 819
4 111 3057 398 111
4 112 214 1501 112
12 113 2422 1574 1026 2964 2521 817 570 556 1555 2628 817
2 113 2964
6 114 1505 2342 832 1584 114
8 115 1353 2521 1398 891 1497 2257 1398
4 115 2583 231 1353
4 116 2795 3122 116
7 117 1668 2521 1992 1468 2184 1992
4 117 2133 2486 1668
8 118 1248 2789 2048 728 914 581 728
3 118 1947 2789
7 120 2229 2997 321 1111 2521 888
2 120 1111
6 121 2881 1545 1514 1963 121
5 124 831 282 2915 124
6 125 1918 1085 667 2521 1207
2 125 667
9 126 1077 682 1978 2048 2800 1638 1355 2800
2 126 1978
6 127 3140 1986 1534 1312 127
6 128 932 2786 1703 1630 128
5 129 1735 2381 2651 129
6 130 517 2872 574 1910 2872
12 131 920 923 363 131 517 3130 3006 2502 1034 1964 3130
5 132 1998 1642 2094 132
11 133 1334 1577 133 517 1573 2101 2079 2279 723 1573
9 134 1771 309 517 801 1072 1209 2689 801
3 134 1744 309
5 135 2069 1695 2820 135
4 136 2810 2013 136
10 137 322 2503 2048 1304 656 1939 2650 336 1304
4 137 508 2084 2503
4 138 3040 2521 2501
5 138 2132 400 1652 3040
5 139 1368 2115 1593 139
9 140 2784 1556 140 517 306 1215 841 306
7 141 2345 2521 1720 2976 2124 1720
4 141 2154 2574 2345
4 143 449 1717 143
5 144 195 2645 2621 144
3 145 2048 694
6 145 2140 1844 3002 304 145
6 146 592 3037 1506 935 146
7 148 517 1198 250 2099 1653 1198
12 149 378 2136 2861 149 517 2542 2673 438 2485 3135 2542
8 150 2048 1751 2375 700 1794 573 1751
7 151 2166 582 2343 2017 517 601
2 151 2017
11 152 796 1513 471 621 152 2521 2807 1156 1759 2807
11 153 1457 3034 2949 579 2521 1055 2464 2988 1924 1055
2 153 579
15 154 967 1685 2001 805 2048 472 496 2220 748 2048 383 1057 2748 383
2 154 805
5 156 2369 1882 3123 156
8 157 517 1049 2779 1083 286 1762 1049
6 158 2664 2186 2500 2048 2242
3 158 988 2500
6 159 2582 1199 545 2514 159
3 160 2521 3161
6 162 1778 2197 2235 2260 162
12 163 1906 339 2048 2667 2256 537 2048 1755 1804 2720 1755
2 163 339
7 164 1287 470 2904 164 2048 2711
7 165 2521 587 1259 1361 2840 587
9 166 1930 517 684 2408 1671 264 1991 684
3 166 2108 1930
3 167 2521 2563
4 168 1712 2605 168
9 169 1843 2521 790 2110 2726 1526 2978 790
4 169 1649 1682 1843
8 170 2188 517 1782 1458 1124 276 1782
3 170 2832 2188
8 171 444 2796 2048 3124 3127 1414 3124
2 171 2796
3 172 2048 2494
9 173 2972 3147 517 884 376 1813 1873 884
3 173 2111 3147
6 174 887 2778 174 517 2866
7 175 1245 2843 1413 175 517 3054
6 176 2939 2894 2803 1562 176
6 177 2746 709 1225 2878 177
11 178 289 2907 1222 178 2521 3028 1263 828 2102 3028
3 179 517 2233
5 179 2687 647 1683 179
6 181 517 2665 2788 718 2665
4 182 715 616 182
9 183 1408 2367 183 2048 1399 1440 697 1399
8 184 2521 1362 1492 1064 362 404 1362
5 184 1690 1106 2521 531
6 186 1095 983 2830 2048 1392
3 186 868 2830
9 187 458 2449 187 517 1082 1012 3156 1082
4 189 2979 2521 1858
5 189 440 2990 1174 2979
5 190 197 1763 517 2985
4 190 1377 1752 1763
10 192 1486 1942 2560 2048 1393 2529 2398 1760 1393
2 192 2560
7 193 1454 548 2429 2495 2048 314
2 193 2495
5 194 291 1787 850 194
11 196 994 605 1874 196 2521 1791 1175 1836 2400 1791
11 198 3098 1371 198 2048 1256 2223 1469 1275 2876 1256
11 199 262 2947 1772 2048 2871 2002 1994 2879 1237 2871
3 199 3062 1772
5 200 2657 2151 517 1036
4 200 2248 1427 2151
9 201 3121 2521 2270 1557 2535 1820 1269 2270
3 201 1793 3121
10 202 2390 424 2971 1461 2048 641 1442 1554 641
2 202 1461
6 204 384 1409 204 2521 2668
3 205 2048 2467
7 206 2906 517 1339 278 2060 1339
3 206 2180 2906
6 207 2439 475 1404 529 207
3 209 2521 2234
6 209 1241 530 1558 1032 209
7 211 1663 2521 293 258 1294 293
4 211 1727 2269 1663
6 212 1764 2658 1358 646 212
6 213 2022 689 2034 3049 213
3 214 517 3160
8 215 497 418 1875 766 2521 517 1381
2 215 766
6 217 2521 1076 2597 3152 1076
5 217 2837 1798 936 217
4 218 1667 1403 218
9 219 2026 2625 219 2521 1828 640 409 1828
13 220 301 2819 1990 226 220 2048 342 277 635 3043 1251 342
4 221 3144 1837 221
7 222 2898 2048 2076 2902 2545 2076
4 222 3143 1561 2898
6 223 1229 1475 3001 517 1891
2 223 3001
10 224 414 813 2048 2442 707 463 2159 807 2442
8 224 2048 2740 1037 2258 3153 1104 2740
9 225 1089 2799 2048 833 2850 326 1629 833
2 225 2799
4 227 2714 1632 227
5 228 1148 2020 1004 228
8 229 517 2691 693 466 2209 1487 2691
4 232 422 387 232
10 234 2493 2505 1016 2048 455 2164 3005 560 455
2 234 1016
6 235 590 2814 2983 844 235
10 236 2547 3041 980 2521 1384 776 1220 1565 1384
2 236 980
9 237 836 2048 515 1722 685 1190 312 515
5 237 1857 857 1997 836
7 238 517 2510 2027 1644 2228 2510
7 240 451 299 1655 240 517 583
8 241 1785 2480 2521 688 391 563 688
2 241 2480
4 243 726 827 243
6 244 1359 3090 542 279 244
4 245 1356 594 245
12 246 2965 2128 461 2899 2521 2763 1338 1848 2436 1665 2763
2 246 2899
4 247 1127 2313 247
9 248 2755 1113 2521 1670 949 2504 2974 1670
3 248 1252 1113
7 251 2694 2623 2252 251 517 708
5 252 1235 2590 2048 505
4 252 1518 2620 2590
6 253 2048 749 681 1931 749
7 254 2521 445 786 2934 1971 445
10 255 604 1568 341 255 517 2963 845 1236 2963
11 256 1441 1563 2255 256 517 533 744 2973 3073 533
4 259 2287 2718 259
6 260 2048 1348 2262 2538 1348
6 261 1272 1511 2189 2460 261
7 265 2397 588 798 265 2521 2509
8 266 270 1244 2521 934 1734 274 934
4 266 2604 2520 1244
6 268 2521 2039 2105 1024 2039
6 269 822 1841 2610 3032 269
3 271 2048 1837
7 272 381 2917 1999 272 2521 951
4 280 454 1915 280
8 283 1588 350 2015 2728 283 2048 898
5 284 624 1006 997 284
6 285 2306 954 1544 517 2010
2 285 1544
11 287 468 1916 287 2048 2523 2329 2192 2860 1316 2523
5 290 1385 2660 2470 290
3 291 517 1789
6 295 1163 3021 1817 2521 2447
2 295 1817
10 296 1471 1847 1214 296 517 2585 1119 552 2585
4 297 2149 2048 2598
5 297 3084 1058 360 2149
5 298 1476 1086 2191 298
10 300 637 1444 2048 504 1621 498 1949 1364 504
2 300 1444
9 302 1247 2048 1662 2418 522 783 2566 1662
7 302 2048 1941 1396 924 894 1941
11 303 802 2955 303 2048 1351 1494 1591 2037 2040 1351
14 305 1635 1411 517 2852 1453 2366 2738 517 3012 847 2641 976 3012
2 305 1411
8 307 1609 2548 1062 1567 307 2521 1308
6 308 517 1933 937 1773 1933
13 310 2771 1173 517 2168 1801 2638 517 2065 2733 3103 2637 2065
2 310 1173
6 311 1114 1954 2579 1070 311
6 313 2643 703 808 1871 313
5 315 1242 2987 2174 315
6 316 1515 2527 2646 421 316
4 317 2730 1957 317
6 318 953 1423 3086 2777 318
5 319 1182 1677 1602 319
10 320 878 1474 320 517 3020 2402 585 2445 3020
12 324 869 1989 3129 324 517 2938 1932 1859 1276 2477 2938
6 325 1158 2312 1266 2521 2384
2 325 1266
6 327 1273 1696 2882 2924 327
8 328 3033 1546 2048 495 2095 1008 495
4 328 2334 2648 1546
6 329 2048 2120 2416 2048 1290
10 330 2849 837 330 2048 2678 2969 2918 2526 2678
5 331 1585 3163 2122 331
4 332 2722 1769 332
4 333 346 486 333
5 335 1819 2226 1132 335
9 337 1363 517 437 1170 1996 1936 2344 437
5 337 642 2246 2767 1363
10 338 3117 1508 1886 3102 517 1171 2423 2469 1171
2 338 3102
3 340 2048 1711
5 345 565 1202 2851 345
3 346 2521 1882
5 348 1221 2684 3009 348
8 351 388 2308 517 1336 1713 733 1336
2 351 2308
9 352 1658 3107 352 2521 2483 1767 1178 2483
7 353 2041 2521 2457 2515 2119 2457
4 353 1254 457 2041
4 354 2177 517 1045
4 354 1607 507 2177
4 355 2055 3071 355
6 356 1521 622 2770 3058 356
8 357 517 2395 2297 2096 2619 2358 2395
6 357 2232 2706 2805 678 357
8 358 3116 1154 1145 2518 358 2521 1194
8 359 2954 1748 517 1097 638 517 1356
2 359 1748
9 361 1088 701 2048 3078 896 2594 825 3078
2 361 701
11 364 2719 1982 399 2914 364 2048 2823 3030 2836 2823
3 365 2521 1490
5 367 1770 2315 1201 367
4 370 2816 852 370
5 371 674 2282 3083 371
7 372 2048 2534 1204 1972 2165 2534
4 372 2271 2116 372
5 374 1325 930 2160 374
7 375 1126 412 2391 375 517 1281
6 377 612 2782 3109 2950 377
5 379 480 1540 758 379
12 380 1452 2775 1278 380 2048 2826 1117 755 539 1091 2826
5 385 2003 740 517 2697
3 385 2708 740
4 389 2982 517 416
5 389 1390 502 3137 2982
7 390 2456 2550 655 390 2521 1962
8 392 2048 1292 1500 1223 969 1152 1292
4 394 2522 2606 394
3 395 2048 933
10 396 2097 1969 1302 396 517 1877 410 1934 1877
4 401 1842 517 2311
3 401 2791 1842
11 403 2984 553 799 3063 2048 1350 1788 2113 2280 1350
2 403 3063
9 405 2291 1098 2692 2048 2324 1639 3115 2324
2 405 2692
9 407 2048 2327 858 2048 966 1317 482 966
6 408 2204 1495 1100 1730 408
5 411 1661 727 1169 411
8 413 1821 1948 1133 1686 413 517 432
6 415 2717 554 415 2048 478
11 419 503 580 767 2953 419 2521 2187 645 2521 1824
5 420 2855 2631 2410 420
6 422 517 3148 2265 1002 3148
5 423 2202 3023 2928 423
3 425 2048 3038
11 427 2348 644 1965 427 517 3095 1187 2176 1569 3095
5 429 2425 1611 1832 429
5 430 2993 2304 2920 430
9 433 2829 1038 2048 846 2007 1867 3096 846
2 433 1038
6 435 2077 2142 2428 849 435
11 439 2725 2080 1729 2521 2446 1854 1372 2659 1074 2446
2 439 1729
8 443 1391 965 517 664 2626 617 664
6 443 517 1600 2537 1636 1600
5 447 1326 3136 491 447
3 448 2048 1878
5 448 1675 1365 870 448
8 449 2521 2512 1400 958 459 1701 2512
6 450 2781 2994 1079 517 1953
2 450 1079
9 452 1301 1860 1383 2048 3077 543 1470 3077
2 452 1383
7 454 517 2029 3106 2437 2709 2029
5 456 2742 1253 1614 456
9 460 830 2521 1852 2051 1538 1137 1422 1852
3 460 903 830
6 462 517 1216 2362 487 1216
10 464 1929 838 464 2048 1835 3051 1153 1529 1835
6 467 2048 2340 2785 1549 2340
5 469 2845 1315 520 469
11 473 2696 1418 2316 1291 473 517 476 3069 901 476
7 477 2844 517 2150 1090 2912 2150
4 477 1499 2245 2844
8 479 2158 2042 1664 931 479 2048 2487
8 481 2098 1633 2593 514 481 2521 739
5 483 1923 1496 987 483
3 485 517 2945
9 489 1846 985 2521 1481 2838 2466 2521 1831
4 489 1484 883 985
5 490 2946 784 2048 2403
4 490 2137 2208 784
5 492 2508 1196 1142 492
8 493 2337 2521 528 2905 794 1397 528
3 493 677 2337
11 501 1981 1380 2887 3134 501 2521 2764 995 1666 2764
10 506 2773 1654 506 2521 2463 871 2666 649 2463
7 511 3079 2602 2066 511 517 600
7 512 2170 1087 717 512 2521 2405
7 513 2048 1300 753 2559 2595 1300
7 516 1946 2521 1901 527 3149 1901
5 516 661 2653 1320 1946
2 517 1856
5 517 2734 1830 960 2734
5 517 1535 2835 2629 1535
7 517 2654 2839 2611 3099 2175 2654
2 517 1628
5 517 919 2243 2557 919
2 517 2676
5 517 851 2797 3019 851
2 517 806
5 517 1559 1747 787 1559
2 517 1183
2 517 2993
2 517 2372
2 517 2661
6 517 2123 2749 2468 2578 2123
7 517 2368 1984 2431 1779 1979 2368
5 517 1428 1651 3035 1428
7 517 1680 2430 3053 517 2048 1520
2 517 643
2 517 2278
2 517 2481
2 517 3074
7 517 1541 3082 1459 2388 2693 1541
2 517 946
2 517 1015
6 517 990 777 1679 1028 990
7 517 1406 2394 3024 2639 1233 1406
2 517 3025
7 517 1826 1796 2571 1010 686 1826
2 517 2761
2 517 2929
2 517 1050
2 517 1592
7 517 1576 2896 906 913 763 1576
7 517 886 1950 2254 1681 1177 886
6 517 1039 1724 1166 2203 1039
5 517 854 3068 2440 854
2 517 940
2 517 3090
2 517 2219
2 517 1716
6 517 519 595 2541 1881 519
2 517 2409
2 517 981
6 517 1872 2817 1650 982 1872
5 517 1140 1985 1343 1140
2 517 2968
2 517 2810
2 517 1341
6 517 2236 720 2074 1402 2236
2 517 3047
5 517 567 2138 823 567
6 517 754 3087 2200 756 754
5 517 1040 1522 2847 1040
2 517 1167
2 517 2386
6 517 2768 523 855 2877 2768
5 517 2018 2303 2635 2018
7 517 1130 2213 2780 1606 1000 1130
6 517 650 2754 2276 972 650
2 517 1887
2 517 1553
2 517 3166
2 517 3013
6 517 2222 2374 1003 1436 2222
2 517 2721
2 517 2053
2 517 3071
2 517 2803
2 517 1893
2 517 1370
7 517 2806 2285 3003 2951 1631 2806
2 517 2356
2 517 1611
2 517 1148
2 517 3072
2 517 895
7 517 2565 963 1612 2544 762 2565
7 517 771 658 1147 939 1956 771
7 517 2293 2744 2941 1139 1378 2293
2 517 930
2 517 2189
2 517 2646
6 517 1780 918 3004 2112 1780
2 517 1202
2 517 1462
2 517 2274
2 517 2915
2 517 932
2 517 1284
7 517 812 751 2298 2253 862 812
5 517 1884 2373 683 1884
6 517 607 2023 773 1746 607
2 517 2540
6 517 2035 1623 1811 1800 2035
2 517 2940
2 517 2359
7 517 1732 2616 2435 1795 955 1732
2 517 590
2 517 3031
5 517 1657 781 2888 1657
7 517 1839 1583 1019 2760 724 1839
2 517 1699
11 517 2317 2957 1865 2614 517 2765 1493 2193 1802 2765
5 517 3007 1421 2787 3007
2 517 1415
2 517 1963
6 517 558 996 549 619 558
2 517 2936
2 517 526
7 517 2525 1053 1293 925 2459 2525
2 517 2305
2 517 2290
2 517 2944
2 517 1954
5 517 710 2492 2970 710
2 517 1360
6 517 2677 1564 1078 652 2677
2 517 1825
7 517 2264 2144 699 1230 2377 2264
6 517 3142 2567 2146 1938 3142
5 517 1560 1914 593 1560
5 517 1424 2121 1043 1424
7 517 2033 1122 745 3015 2241 2033
6 517 2056 2952 2656 1739 2056
2 517 2488
2 517 1905
5 517 1587 1995 2811 1587
2 517 2996
7 517 1625 2549 3097 2072 905 1625
6 517 1531 532 765 1349 1531
2 517 2777
6 517 1480 2073 2923 2745 1480
7 517 2530 1615 2387 1425 1594 2530
2 517 3089
2 517 2935
9 517 1477 1815 1009 517 2162 975 2361 2162
2 517 2643
7 517 2893 2004 620 1001 3029 2893
5 517 2558 3128 1903 2558
2 517 1063
12 518 1524 2183 2048 968 2195 2048 1467 1417 2021 2419 1467
2 518 2183
3 520 2048 2546
8 521 2821 714 769 2000 521 2521 2267
8 524 2521 2338 2743 2330 1898 2521 2281
8 525 897 3016 2048 2735 2601 2103 2735
3 525 2048 2251
6 529 2048 1753 1736 2031 1753
8 536 1405 2048 2043 1395 2063 943 2043
3 536 2048 2747
7 538 2705 2521 1879 3141 1955 1879
3 538 1702 2705
7 540 1466 1013 952 540 2521 1597
5 541 2858 1970 1029 541
6 544 834 2471 2703 2147 544
13 547 3120 2048 2205 2214 2655 2048 1725 741 742 2704 2005 1725
4 547 1324 2818 3120
7 550 1723 2451 809 550 2521 992
4 557 2389 890 557
6 559 2804 880 1451 1420 559
3 561 2521 1456
5 561 1118 810 860 561
7 562 912 2521 2310 2363 2353 2310
5 562 1289 2091 2424 912
12 566 2741 1797 632 1357 566 2521 2632 1959 1410 1634 2632
5 571 1200 2497 1925 571
6 584 1850 788 2868 1693 584
4 586 1285 2521 1155
3 586 2406 1285
5 591 1105 2284 1210 591
5 596 780 3150 1491 596
6 597 2452 716 2212 1917 597
12 602 948 1551 2644 602 2048 2335 1855 2198 1176 1783 2335
4 603 2263 680 603
6 606 1332 2536 2085 979 606
8 608 2521 2856 1624 1419 2948 2864 2856
6 610 1920 2272 1823 3017 610
3 616 2521 1827
8 623 2048 2802 2533 2841 3159 2834 2802
5 623 2513 2171 2300 623
3 625 2048 1429
4 625 2897 2075 625
9 627 2809 2028 1123 2521 2908 1781 1161 2908
3 627 3036 1123
6 628 2355 1271 2296 2064 628
6 629 2528 671 1861 2181 629
6 630 800 3064 1352 1327 630
6 634 2521 1983 2401 998 1983
8 639 2048 2352 1838 989 1697 1437 2352
4 639 3165 804 639
6 651 1157 1743 2143 2454 651
8 653 705 2048 840 2732 3139 2922 840
3 653 1525 705
8 654 2716 2576 1604 1750 654 2521 2045
10 662 2521 1249 2499 2521 2869 986 1184 1099 2869
5 662 2379 2172 2068 662
6 663 2259 3113 3108 2521 3008
2 663 3108
7 668 2824 2772 2350 668 2048 2645
8 669 2831 1601 2521 3070 1758 2801 3070
2 669 1601
9 670 1068 2892 670 2048 2448 3091 1115 2448
8 672 2472 2024 2521 1927 1952 2933 1927
4 672 1280 957 2024
3 673 2048 2342
7 674 2521 2396 2919 2752 2392 2396
6 679 1902 1014 2058 1464 679
3 680 2048 2591
5 687 1172 2141 1246 687
12 690 2432 1143 2589 1714 690 2048 730 1598 1319 2989 730
6 692 2521 1067 2562 1940 1067
6 695 3125 1401 1539 2521 1375
2 695 1539
9 702 2302 2048 829 1749 2555 1566 3104 829
5 702 1738 1345 1323 2302
3 704 2521 2496
6 706 2048 1232 1512 2808 1232
8 709 2048 1369 2413 1438 2490 1733 1369
3 711 2048 1687
6 712 2412 2986 764 2521 2858
3 712 2067 764
3 713 2521 2156
4 713 2106 3045 713
4 721 2998 3111 721
5 722 1205 1530 1219 722
6 725 2977 2266 725 2048 2642
7 731 2521 1306 2636 3157 1434 1306
10 732 2669 3112 1660 2048 1519 2943 2698 1046 1519
2 732 1660
4 734 1926 2521 1718
4 734 3158 2378 1926
4 736 2613 2712 736
7 737 2827 1005 1909 2135 2048 2916
2 737 2135
8 738 2521 774 2006 1129 2206 1288 774
5 743 2127 1279 2009 743
12 746 2498 1135 1478 746 2048 1296 1768 2221 2622 2617 1296
7 747 2489 1331 922 747 2048 1052
3 750 2521 1998
11 752 2048 3075 826 2048 1460 2351 978 1912 2737 1460
9 760 1018 1061 2048 2482 761 1059 1354 2482
2 760 1061
5 768 1465 950 2910 768
7 772 2048 2475 2554 2314 2240 2475
4 772 2921 1217 772
7 775 1141 1344 1907 775 2048 3010
6 778 2870 2707 1431 1890 778
5 779 1071 2884 2521 2770
2 779 2884
5 785 1021 2649 2048 2287
2 785 2649
4 792 3146 2048 2927
5 792 1688 803 2169 3146
6 795 1224 2047 795 2048 2428
3 815 2521 2347
8 818 2521 1125 1206 867 866 1961 1125
4 818 1096 1388 818
3 822 2048 2318
7 824 3085 1673 1136 824 2048 3022
3 827 2048 1321
4 835 2054 2521 2816
4 835 2093 942 2054
4 839 2046 2433 839
6 842 1138 2134 2376 2048 1861
2 842 2376
9 843 1812 3093 2048 964 2086 879 1777 964
2 843 3093
9 853 2886 2399 2521 2925 2328 2404 2521 2684
2 853 2399
4 859 2853 1980 859
3 864 2521 890
9 865 1066 2521 1203 1834 1310 1620 2682 1203
5 865 1648 3100 1131 1066
4 877 2532 2048 2975
3 877 2458 2532
8 882 2750 2634 1757 2681 882 2521 2141
8 885 2521 2630 2407 2683 1031 1896 2630
9 889 2225 2365 2048 1025 2283 2087 1528 1025
2 889 2365
7 893 1164 2090 1618 893 2048 2022
4 907 2441 977 907
4 910 3105 1051 910
4 911 2360 1866 911
11 916 2019 1042 2539 2474 2521 1967 1523 1180 2609 1967
2 916 2474
3 921 2521 1277
4 926 2273 2089 926
3 928 2048 3122
6 941 1792 1048 941 2521 1445
4 945 1218 2521 2731
5 945 3046 1185 1580 1218
10 947 1889 3155 2959 947 2048 1845 3088 971 1845
6 950 2048 2913 1054 2109 2913
6 956 1120 2671 2261 1765 956
6 959 1159 2794 1416 1853 959
3 961 2521 2701
3 962 2048 2107
7 973 2521 2008 1726 1328 1586 2008
3 977 2521 1923
6 984 2048 2607 2417 2299 2607
5 991 1640 2014 2048 1027
3 991 3050 2014
3 993 2521 1925
3 1006 2048 2753
10 1007 3145 2961 2048 2581 1745 2100 1807 2647 2581
2 1007 2961
6 1017 1589 3048 1047 1899 1017
6 1022 3055 1449 1022 2521 2025
6 1030 2521 1731 3018 2050 1731
8 1033 2048 2059 1228 2865 2411 1367 2059
4 1041 2239 1149 1041
11 1044 1869 1691 1092 1044 2521 2561 1168 2762 2052 2561
7 1047 2521 1305 1264 2848 2057 1305
3 1051 2521 1850
3 1065 2048 3064
3 1075 2521 2966
5 1101 2178 2702 1904 1101
6 1103 1313 1704 1103 2048 3109
3 1105 2048 2889
4 1109 2736 2286 1109
6 1112 1283 1669 1112 2521 2190
12 1121 1806 2903 2196 1121 2521 2911 2798 1340 2624 2012 2911
7 1127 2048 2517 1533 2570 3080 2517
8 1128 2048 2250 2580 2155 2980 2937 2250
7 1146 2048 2332 2727 2569 1213 2332
8 1149 2048 2931 2962 2030 1678 1473 2931
7 1157 2048 1382 2268 2992 2336 1382
6 1160 2612 1829 1197 3065 1160
3 1169 2048 2987
9 1181 2873 1373 2956 2521 1616 2182 2521 3140
2 1181 2956
3 1182 2048 2009
3 1188 2521 1712
6 1189 2521 2769 1610 1537 2769
3 1195 2521 2331
3 1197 2048 1550
3 1211 2521 2115
3 1219 2048 2295
3 1226 2521 3000
6 1234 1741 1387 1234 2048 2870
6 1255 2672 1570 1282 1892 1255
9 1258 2427 1547 1258 2521 2958 1935 1988 2958
3 1260 2521 1761
6 1261 2680 1645 1543 2584 1261
5 1297 2880 1641 2521 2651
2 1297 1641
3 1307 2048 1358
4 1314 3164 1472 1314
3 1332 2521 1776
6 1333 2900 2370 3151 1908 1333
11 1335 1728 2380 1335 2048 3026 2157 2783 1578 1488 3026
7 1342 3133 2875 2071 1527 2521 2890
2 1342 1527
4 1346 1864 2048 2679
3 1346 1851 1864
3 1374 2048 2273
8 1394 1603 2061 1897 1692 1394 2048 3150
4 1426 2551 2521 1585
5 1426 1707 3114 1756 2551
6 1433 2587 2393 2078 2521 1975
2 1433 2078
6 1443 1450 2690 2828 2874 1443
3 1450 2048 2226
6 1482 2179 2364 2473 1672 1482
3 1495 2521 2998
5 1502 1808 3061 2519 1502
3 1507 2521 2660
7 1517 1590 1880 2713 1517 2048 2582
6 1532 2991 2070 1595 2118 1532
9 1536 2531 1715 2521 1786 2420 1742 2382 1786
6 1536 2521 2863 1862 1958 2863
3 1540 2521 1667
3 1595 2521 2167
3 1596 2521 2519
3 1605 2521 2307
4 1614 2521 2048 2568
5 1622 1870 2729 2751 1622
3 1645 2521 2825
5 1754 2421 2685 1883 1754
3 1823 2048 2452
3 1870 2048 3164
3 1885 2048 2960
3 1892 2521 2178
3 1902 2048 3136
3 1921 2521 3056
3 1937 2521 2508
3 1945 2048 2286
3 1957 2521 2147
5 2038 2126 3011 2320 2038
2 2048 2556
2 2048 2618
2 2048 2461
2 2048 2296
2 2048 2662
2 2048 2804
2 2048 2385
2 2048 2853
2 2048 2277
2 2048 2433
2 2048 2360
2 2048 2820
2 2048 3023
2 2048 3151
2 2048 2794
2 2048 2410
3 2114 2521 2670
3 2179 2521 2315
3 2191 2521 3037
3 2197 2521 2357
11 2210 2967 3042 2479 2210 2521 2564 3119 2244 2575 2564
3 2216 2521 3011
3 2261 2521 2685
4 2292 2932 2739 2292
2 2521 2714
2 2521 2722
2 2521 2932
2 2521 2606
2 2521 2603
2 2521 2822
2 2521 2924
2 2521 2712
2 2521 2793
