300 29
65 1 223 160 183 5 173 160 22 272 25 129 45 272 122 22 223 164 281 109 48 281 143 127 37 251 73 128 248 82 89 73 2 72 232 179 264 10 72 65 148 110 15 148 31 69 148 72 73 37 143 71 147 143 164 176 61 54 164 135 263 230 135 223 245 1
4 2 159 237 2
55 3 94 172 181 204 172 3 195 270 85 63 215 85 294 42 81 187 151 294 28 53 273 155 90 186 30 74 96 162 90 273 28 85 299 32 57 120 299 270 224 227 298 286 270 228 195 194 208 256 194 3 145 242 213 3
36 4 166 121 9 240 105 276 9 220 121 265 106 60 144 64 265 258 280 154 258 123 296 31 123 41 233 123 265 206 199 231 101 206 121 149 4
14 6 274 11 165 79 274 191 155 29 40 155 277 191 6
5 7 197 278 87 7
66 8 285 209 150 284 8 24 14 235 192 188 111 119 95 111 291 244 300 46 244 226 33 221 132 33 170 84 80 55 170 94 289 184 44 62 94 33 180 107 18 131 113 180 226 291 52 200 291 188 238 76 188 235 259 137 108 259 14 130 24 269 203 254 24 218 8
21 9 136 116 266 103 234 116 196 262 49 196 136 249 207 271 136 43 198 279 43 9
63 12 91 100 142 77 100 163 66 260 134 252 185 124 86 290 211 117 290 124 38 139 70 124 252 260 88 115 205 20 246 268 59 260 182 92 114 182 66 267 158 243 229 66 255 217 175 83 19 275 255 163 278 100 210 140 212 118 140 51 210 91 104 12
4 13 171 273 13
4 14 168 287 14
4 16 295 134 16
5 17 34 152 53 17
7 21 253 293 21 218 211 21
17 23 169 161 141 225 190 288 125 161 27 156 50 27 169 250 236 23
6 26 282 220 99 214 26
4 27 292 272 27
7 35 126 247 241 185 75 35
13 36 274 112 178 97 68 78 219 68 178 201 112 36
9 39 169 51 39 202 283 67 153 39
5 47 98 116 216 47
5 56 216 193 93 56
4 58 130 239 58
4 65 133 102 65
4 122 174 177 122
4 127 157 167 127
4 138 146 251 138
4 189 257 228 189
5 222 297 261 292 222
