3000 260
62 1 2197 2876 293 1288 2472 2876 316 2197 2994 2360 2234 1251 404 613 684 2234 8 1241 2751 327 2668 8 831 494 1155 1533 1266 879 1533 433 2137 2919 764 1067 433 1155 288 1242 1155 2663 1018 2479 1587 946 2663 494 1712 319 2387 494 8 2360 2471 2784 2697 2471 2994 2683 2269 2994 1
90 2 201 190 2142 1036 2265 2063 295 387 1384 121 1354 1254 121 2656 558 535 2271 558 2601 53 2140 2601 2056 344 1048 2056 709 1389 249 734 1389 803 2582 2940 2450 2384 2940 803 709 2601 2656 2773 473 738 2016 1357 2773 121 2611 1161 813 593 386 1828 2611 1384 2109 1589 2368 2157 1384 1921 1563 298 1921 387 62 295 1146 2135 295 2265 2142 1758 190 926 2537 1783 190 2 1089 368 1066 2293 368 382 1089 1929 2
51 3 2348 173 1731 2855 550 580 2855 2935 1888 355 978 2351 2309 355 2935 385 918 2043 2865 2935 2294 1319 2486 916 1249 2294 2855 902 1731 2737 308 631 1200 1556 631 844 1225 1690 1093 501 148 1225 631 2737 694 1119 1285 2737 173 3
22 4 984 691 1992 283 2164 1220 1992 1562 2274 463 1392 798 2274 1992 921 107 115 2050 921 691 4
27 5 1661 2578 1422 1418 2501 351 1418 2819 2797 2923 2819 1422 2076 2354 1422 2920 2952 1383 2920 2578 5 364 1846 1572 2603 5
56 6 1092 1790 1990 467 2693 2242 1990 555 1646 2560 1186 2237 337 398 1519 1186 1646 1990 2858 1790 2818 1092 1481 2770 2187 1481 6 2605 939 721 1295 2605 303 2624 2493 1314 1610 2942 1314 1746 1986 2574 1746 51 1427 2761 51 1394 1746 2493 303 6 2980 1954 6
8 7 2569 2750 1103 7 246 1817 7
37 9 46 2787 1590 2480 2272 2586 1073 2272 1590 485 2365 1590 1524 2787 2620 139 2787 614 46 1668 1955 1874 140 1776 1654 2046 140 1955 1825 1798 2509 1955 46 253 1430 9
17 10 2255 1173 2413 605 2442 1173 124 2783 1173 470 1699 1163 470 2255 1596 10
22 11 2621 1622 1390 1868 1223 2621 370 1270 842 1541 1270 2844 1754 1270 2490 2572 1723 2633 2490 370 11
42 12 653 2902 393 12 136 108 2841 2262 136 2924 2222 718 1452 2222 2851 305 2538 357 2851 2571 1224 1398 670 2571 1565 1403 832 513 271 832 1565 519 1551 314 1565 2851 2924 2546 2655 2924 12
63 13 645 2282 891 32 645 899 144 645 2938 13 15 2512 1606 1652 2512 2388 2323 2485 1010 1291 2376 2323 2881 896 2473 563 2371 1510 2473 1482 1059 1292 1482 2732 182 2531 2732 2921 2477 1831 2921 1083 1949 2089 1661 1276 883 1661 1949 56 2963 905 1949 1728 1083 2059 2921 1482 896 2323 2512 13
47 14 911 247 1311 142 247 893 727 756 855 829 35 855 2748 175 1782 2748 423 2652 903 2445 790 2179 903 2313 1548 1521 1196 1548 903 423 855 1737 756 893 1806 659 444 893 911 95 1549 1617 2386 2728 95 14
5 15 428 665 373 15
8 16 2456 2028 2950 768 2456 1575 16
11 17 2723 360 17 1631 1275 695 897 1631 136 17
47 18 1233 1574 2746 951 1574 449 2031 323 449 2564 608 1118 960 2564 679 2251 2078 679 1427 1593 1355 968 1427 2564 864 449 943 1574 18 2544 1141 527 720 1720 527 1284 1144 761 1267 1284 1141 861 85 296 1141 18
14 19 554 40 1995 70 222 266 425 222 607 246 222 1995 19
20 20 2172 1890 1917 2058 1890 236 2659 2558 236 1468 1429 2344 1468 1558 236 2172 628 753 20
5 21 1106 685 864 21
32 22 2219 524 1302 1339 524 687 152 409 2431 152 2252 687 1876 524 22 1306 1333 1238 1680 1306 1436 1555 2689 234 1555 2640 2993 1555 2946 1436 22
5 23 1375 1523 2171 23
28 24 2698 424 221 2698 432 24 2003 2661 24 1271 2965 1381 641 2833 1381 340 2307 1984 270 2439 1984 340 1537 91 340 2965 24
70 25 1470 2096 1644 67 334 251 67 2303 227 2212 521 766 2212 2191 47 2385 2012 2889 2191 1542 446 1477 808 446 407 1604 546 2311 1604 1592 1952 1475 1592 2718 440 1795 202 2835 1795 2718 2524 1823 2718 1447 1592 407 1542 2212 1500 227 1649 2144 227 1491 2664 420 1396 1491 2303 187 779 2418 2303 1644 2682 1382 1644 1981 25
75 26 99 2916 223 122 2449 223 2579 1805 332 1120 2128 2579 2916 755 2087 2916 26 693 2194 1775 26 1445 2854 330 898 1445 2827 747 1002 179 786 1002 2639 2421 363 2826 2421 2719 688 1054 2634 688 268 1451 2534 135 268 825 2945 1272 2511 1404 2940 2511 1848 2896 2511 2945 268 2719 1112 2880 2491 79 321 2719 2639 747 100 2410 1142 100 2827 26
15 27 2334 1421 1169 2367 2287 2094 1210 1601 2287 1169 2495 1256 1169 27
44 28 1205 2120 2999 722 1069 1789 2474 722 2201 1289 2138 1219 1260 1289 1301 2201 2999 2702 1834 214 636 502 41 636 512 458 2419 531 636 1834 1748 197 1880 2263 1683 1748 2702 2060 2067 2702 2120 2594 28
82 29 1807 1484 2054 549 1252 294 1484 969 1198 2247 2625 969 359 2960 2997 2630 2550 2997 2468 2695 1348 2786 1363 2432 1017 1363 1506 267 464 1506 1175 2498 1799 908 1134 2846 2498 2724 934 2209 2724 2974 913 1975 2974 2498 1872 1175 609 2856 2033 1175 92 952 1029 92 1506 2816 1363 1348 998 2931 1108 1348 2468 2960 156 2567 1943 2960 969 1807 1635 750 1972 74 1635 470 1807 1633 29
35 30 2196 1719 1624 2606 2398 2095 1624 2327 1466 331 2327 1719 1009 2196 2807 1410 1274 2807 819 52 2019 944 1691 2224 2887 1691 2019 819 1079 1739 819 2196 1857 30
4 31 1996 1005 31
40 33 2992 762 2295 1046 2489 773 2644 2006 2131 1836 2020 900 1216 2131 2259 2257 2178 1884 2257 388 1674 2405 834 1674 2257 2131 2644 1953 773 390 1132 1201 390 1097 2335 2868 1097 773 33
88 34 272 2127 2042 1514 2230 2766 2042 985 1515 2150 82 988 2150 2107 1147 849 1794 113 1138 849 2018 2280 2904 1171 229 2780 2018 2372 959 1100 1684 315 313 511 2948 1684 1004 793 776 1004 3000 2458 1004 1100 1297 1752 1932 2898 752 1100 2372 1642 1064 2575 1264 1102 2290 1642 2018 1147 2215 2542 131 2362 1147 624 1594 1702 1438 624 2107 1515 2042 396 2638 2996 2211 1459 2083 2996 396 717 1385 396 2127 2070 34
5 36 2377 1774 2288 36
48 37 162 441 2903 1259 1528 2903 1919 126 297 2903 430 2403 1517 2357 2403 2530 2925 188 2530 1178 2922 186 2629 1557 634 2397 2922 2681 2573 656 1052 2025 1040 656 2681 170 2704 2681 1178 2857 2530 430 299 2195 430 441 37
61 38 2163 1397 1261 361 230 2775 664 230 1196 1454 800 2407 1196 361 1397 1576 2430 1397 38 1577 1632 2188 38 1832 1886 304 1028 2790 1129 304 640 217 1526 872 489 1822 854 872 217 304 2111 533 333 2111 1886 1135 2680 1885 2158 1431 2014 163 1135 1832 2912 1164 976 2214 2912 38
19 39 2155 2619 1843 1905 2619 1008 2100 2183 1008 769 289 1416 2658 2024 1416 769 2619 39
50 42 422 1709 1432 2793 1085 1298 1648 454 2124 2207 1648 2814 625 1648 596 2845 2937 596 1298 1174 1334 1298 2793 703 1968 597 703 1432 840 1366 259 1432 422 317 1640 929 2143 379 422 2254 796 1626 1961 673 2254 42 2954 1634 42
5 43 2967 1582 2300 43
21 44 2758 2456 44 2700 993 2852 1296 2747 1150 2852 2700 216 783 2700 1139 2521 556 1567 1139 44
47 45 1802 1940 2536 530 1820 443 462 1651 2420 678 576 443 600 845 2970 1964 1597 2677 2838 1987 1015 2838 2645 1677 2774 2645 2677 873 1597 1578 999 1597 1941 2244 431 1501 1941 1964 845 153 901 1159 845 443 530 45
50 48 875 1214 1743 2814 2861 120 2814 1341 836 833 1417 1341 547 2047 1615 403 547 1705 1172 1263 809 1074 2010 1630 892 2541 1613 548 1183 2010 1031 552 2875 2319 1031 1074 1704 1910 1294 1074 1263 213 2760 1263 1705 1341 1743 2092 48
52 49 894 569 1148 2911 1915 675 995 2911 2378 1053 979 2146 1566 2378 281 1916 1714 1724 1916 2721 1770 1935 2082 2721 281 2156 799 932 281 2554 2378 1148 309 2756 1639 626 2756 1793 2731 2495 2707 2649 2495 1793 309 2320 890 309 569 2692 49
29 50 2890 2057 50 856 380 2218 856 1663 2315 2361 1760 1663 50 1321 482 191 1321 335 1816 2529 335 2093 1321 1250 2765 1844 1250 50
4 51 562 828 51
5 52 1864 2015 343 52
16 54 2175 1000 2467 1765 2867 1013 1765 844 1472 646 2049 493 844 2467 54
29 55 1676 846 455 1676 500 518 2809 2616 372 1598 500 1771 2366 1837 1771 1852 522 1235 2821 2400 611 1235 827 1284 1235 1852 500 55
58 57 1487 1664 1747 2399 2877 1025 1747 1230 419 1904 957 1258 419 2678 1926 1356 2678 2153 1676 2678 1230 615 545 1203 1153 1230 1664 435 1467 1014 994 1042 1215 2716 1042 2308 1765 1042 1530 994 1504 2647 1970 994 1467 1412 2813 2176 2849 269 2129 1277 1467 1664 2690 2850 57
21 58 322 1869 1888 635 1492 1545 1888 858 680 2685 2739 1360 2989 2769 680 2561 858 1869 2566 58
23 59 2425 2522 2061 2382 1463 1346 1338 1006 1849 1346 1077 1425 1166 81 1184 2872 81 1425 715 1077 1463 59
60 60 2330 105 2527 60 150 2460 1764 442 2429 2840 2519 442 2460 60 967 575 2798 2553 575 2072 649 938 2115 2072 2516 2905 674 1924 2482 1722 2516 965 2941 1934 965 1988 172 1474 1991 1490 1474 1988 2516 89 461 2167 102 89 2072 967 2734 2869 2001 967 2602 2909 731 2602 60
61 61 395 1766 1060 1283 1729 1305 814 2273 1729 172 1283 1873 667 1824 1614 1675 80 1407 1070 1550 1824 1900 818 1787 1374 2396 1900 1936 353 1325 2675 2729 1325 488 1038 1759 488 1248 140 488 981 525 174 981 1325 1936 1824 1873 2317 760 2048 1873 2622 233 882 96 1833 2622 1283 61
4 62 199 2452 62
15 63 2478 1657 1516 2134 2583 1516 119 2862 1810 1800 1043 119 1657 63
22 64 490 528 963 986 2777 1090 1462 2494 2957 1462 2777 2936 2412 1195 2936 986 835 1967 986 528 64
101 65 2358 481 2591 2390 735 931 1406 203 2390 2686 1440 452 311 681 2383 2297 1269 681 598 2613 1913 598 311 1469 966 1061 748 311 1440 499 2981 1440 239 2686 2768 2125 2686 2591 1692 427 1930 1062 1792 1692 1931 2626 654 1931 2481 2825 630 2481 1512 1268 1386 1650 2424 2580 1512 1444 1911 515 2395 2276 515 830 1997 677 1543 622 2788 1246 1543 1068 347 2210 1072 1068 1679 1058 2802 1679 2279 1725 1679 88 1781 2883 88 1068 677 830 1911 1512 1931 1918 1692 254 2591 65
22 66 2347 616 1133 226 2428 1612 2665 2352 2428 2458 226 616 388 1245 1318 193 2824 388 2347 956 66
50 68 2441 496 2461 2508 2116 2174 1090 2504 1621 1871 2504 2174 133 2568 2559 1498 133 2116 1636 1901 1957 2484 2470 1901 1701 2085 301 2913 2638 2074 366 1742 2381 2539 2074 2913 1547 2414 2533 241 2913 2778 301 1701 1636 2508 2339 250 68
13 69 1162 1428 991 1767 1428 69 662 660 2446 2364 660 69
11 70 1912 1111 2029 232 1111 70 2200 953 2955 70
28 71 1123 553 1409 504 1323 291 504 973 1409 2152 1745 1409 2304 1026 714 2951 1026 1189 384 591 1538 1189 2304 553 1586 155 71
4 72 699 387 72
51 73 1761 1393 112 2733 1862 962 2733 815 1552 2930 2356 1327 2599 2356 1662 2705 2483 1662 2930 595 1898 811 2930 815 570 996 815 112 2794 955 2694 2767 2359 2694 1157 2641 2549 1157 1733 839 1157 1865 2691 2040 1365 1865 2694 2794 1393 73
9 75 2985 1962 1546 1860 376 2123 1860 75
136 76 1279 804 2882 2701 618 804 224 415 377 1522 2433 415 205 402 620 1303 1629 1721 620 205 224 1369 1082 224 1279 1539 2543 1696 1715 1424 1411 851 1715 2434 719 1895 2434 168 1573 1336 168 2213 1571 567 2213 1449 2312 975 2556 1796 2312 507 118 365 2256 1847 2032 1035 2256 568 2958 2301 2454 453 2497 1660 2104 1883 2301 1529 2895 1364 2008 2379 2895 1168 2783 627 2742 1875 2783 2895 1741 2438 451 1741 1529 2944 2514 1529 2958 1527 823 2648 1826 2958 559 568 1179 426 568 365 1330 2609 2651 1187 2101 1232 1330 118 2416 77 1345 1830 118 2312 2213 2434 1696 1859 405 1696 544 1236 1003 2249 1423 676 884 544 2543 1279 847 2878 76
57 78 1579 1088 2455 78 1124 807 551 325 1678 807 1657 1124 1560 2738 990 780 487 1560 2380 2764 1149 206 909 2627 1149 683 371 416 683 1217 1897 383 2771 785 450 1217 2910 2956 1217 1618 683 1158 414 1096 1091 1938 1158 1149 749 2329 1625 98 749 2764 1560 78
32 83 204 350 1209 302 350 83 2440 2618 83 2336 2632 1401 2617 1098 1401 1494 1044 2278 2406 789 2278 1494 2848 1282 1494 2632 106 2118 394 2632 83
63 84 601 1231 2792 2928 648 307 2792 1443 2812 914 1125 1780 2812 582 516 338 582 2520 930 652 2108 2181 378 2108 1603 744 2053 2173 1027 164 1603 1382 2108 1996 652 2953 1099 1402 652 2148 2338 2169 492 651 2148 930 733 2520 2812 2792 318 1231 1137 261 1231 84 284 2261 84 1803 152 84
8 86 842 2465 86 1229 792 860 86
6 87 2776 2116 1893 2321 87
32 90 412 437 1703 2487 1063 1441 2487 1328 184 2036 354 184 705 1328 97 328 1479 1328 1703 1032 859 1942 358 859 2836 1032 629 2914 1032 437 90
12 93 1764 778 2322 157 2097 637 778 2642 1764 1286 93
34 94 2713 1994 2220 94 408 602 1554 408 1818 2476 2735 1818 1051 248 1727 2500 1051 408 2608 970 110 2608 2039 2660 2929 2555 2039 1736 1716 1084 1736 2608 94
5 99 1434 704 2426 99
33 101 1925 2673 101 2708 2879 466 2859 2879 101 2170 1544 2091 1535 362 2170 2654 506 736 2654 2915 2934 787 1903 1346 787 1372 1611 787 185 2934 2654 101
13 103 198 740 169 1553 740 2307 474 2205 2307 198 1945 103
13 104 1914 706 2451 498 1227 2253 2451 1495 706 417 1347 104
18 109 242 577 1969 1694 258 1969 781 1323 1969 1562 1786 2068 2182 1562 577 2409 109
19 111 349 2984 2657 2017 349 2956 111 697 2229 1110 1829 697 878 111 1127 1488 1777 111
5 112 940 2753 2976 112
49 114 1726 2744 2585 1726 479 2052 574 211 2192 2052 573 457 438 1426 457 184 573 584 2077 1122 987 772 573 2592 2052 2106 2900 2443 495 633 2106 479 469 1811 479 114 1620 1373 948 876 1373 167 1620 1358 838 1273 1358 114
4 116 865 832 116
41 117 1616 2730 2098 669 510 143 2007 2466 2506 510 196 2492 1332 2185 1391 196 1732 1713 1456 2679 1713 2967 1732 2505 196 669 2907 2646 1465 2402 669 1974 1659 2752 666 1974 2098 2723 2730 117
7 119 466 2337 475 466 1531 119
49 123 1655 1308 138 1655 2373 2621 1655 2235 123 2393 1312 123 933 1956 2299 2267 1408 886 2267 345 2227 209 345 540 1379 312 1695 1379 1881 2350 2563 2041 2350 1379 1182 540 1980 2117 540 208 345 2299 767 2457 2236 767 1956 123
37 125 460 1584 1193 1708 1605 2341 336 1605 536 1894 421 2727 1839 1894 2791 1400 1710 2328 1310 2791 2640 974 2064 1212 1784 2640 1894 410 536 2535 2324 536 1750 1605 2884 125
4 127 324 1211 127
4 128 806 252 128
49 129 165 1525 1489 1959 1140 192 564 418 2004 2525 1140 561 1154 2284 1076 950 561 1959 2246 2113 2740 759 869 320 1998 2971 759 1309 1993 2832 1104 2331 432 159 1927 2415 159 2331 2832 1309 2740 2246 342 2847 2394 342 1959 129
17 130 696 1638 713 1335 292 713 1892 1944 863 1892 215 1638 130 2417 2305 130
6 132 2892 928 2367 925 132
4 134 2462 2815 134
42 137 1623 448 822 592 1265 1812 2871 166 592 228 2577 1532 228 565 2011 2375 1105 399 2886 228 822 2982 1595 917 1561 2982 448 888 1623 171 880 2631 1902 2285 867 2604 880 1623 1564 1982 137
14 141 856 745 650 1437 2785 650 1861 745 1801 526 2714 745 141
5 144 1023 1718 2453 144
78 145 2448 1867 1608 2281 1867 2962 1946 1687 2885 2962 1889 1682 1947 2122 1450 1121 286 1717 1349 710 1717 1628 538 2897 1628 2240 2289 1455 2240 997 2238 2699 997 171 2240 2066 1979 465 2066 1628 177 1293 2510 177 1717 1121 2221 523 2075 2221 1450 1050 682 1450 1947 352 1503 1947 1889 1867 2725 1863 1909 2725 2448 1152 1788 2448 2342 145 751 1686 1478 2199 1685 1686 145
14 146 889 1536 189 1866 146 2039 751 2055 964 1569 2216 751 146
7 147 2612 2081 2051 1526 843 147
25 149 728 619 1575 728 2283 149 2149 1299 149 2258 2392 725 1495 885 725 2241 255 935 505 541 725 2258 2277 149
5 150 2346 1257 2165 150
15 151 1697 980 1094 1237 2743 1814 2805 1126 2243 1814 1162 2743 1094 151
22 154 1109 972 1763 1049 617 2947 1763 1858 795 2239 1858 972 942 2105 1433 972 2688 1109 644 1316 154
11 158 2545 1166 944 2126 456 2147 2126 1166 279 158
24 160 1405 2822 2035 642 2706 923 2035 2248 1939 235 517 2248 662 2669 2248 1583 2444 503 1583 2035 2573 2822 160
34 161 2803 820 1599 2808 2151 477 737 587 2202 737 2918 447 2874 539 862 2874 2918 2908 1493 724 690 2918 477 1191 2151 2964 1471 2088 2488 2964 1817 2151 161
4 172 2581 1458 172
19 176 1116 2565 658 502 2990 658 2168 1511 2959 566 1136 658 1116 716 2810 1439 2873 176
4 178 1322 2816 178
11 180 612 739 2374 1671 1033 2166 1671 2123 2374 180
4 181 2408 747 181
6 183 2598 837 329 1929 183
5 185 2977 1706 1989 185
4 194 583 2731 194
30 195 2801 2901 2978 2030 907 1878 1842 971 794 870 2316 871 794 1842 1647 2023 1842 1965 1239 2548 1965 1878 274 2145 1878 1937 907 2978 195
4 198 542 2781 198
60 200 1853 922 623 287 1388 922 2436 1342 912 1461 471 1342 1116 264 848 841 264 1342 922 1221 868 1001 1056 1773 1207 2291 868 2189 1877 2206 2623 1757 788 2189 257 2671 2038 257 1540 260 1669 2635 260 2830 436 2866 1420 2369 2830 1540 1280 1744 1368 1540 2189 1221 1853 1585 200
5 201 2225 1304 1769 201
11 204 391 2717 2459 655 391 696 204 1600 1499 204
9 207 1037 1208 947 857 1326 2662 857 207
6 210 2427 560 959 1371 210
18 212 708 2363 1378 212 1415 1906 231 812 1768 231 1415 1281 1117 881 1415 2876 212
4 214 1797 1240 214
4 218 2726 2565 218
14 219 1948 2496 1222 219 1320 1815 1667 2232 1815 691 2815 1815 219
38 220 1480 2891 711 263 1340 1480 1922 2447 1570 1922 374 2422 2972 2062 906 726 1520 2062 904 1370 2515 2637 904 2972 2736 763 2972 374 1480 2093 220 1343 290 1087 2302 2643 220
7 223 238 2789 2779 2712 2789 223
4 225 1324 698 225
8 237 2577 1971 2318 509 2044 2927 237
27 238 989 1698 2270 989 1689 2112 1197 2000 1689 1751 2587 543 2423 1923 702 2587 2501 2590 2587 1689 238 2998 2969 1835 273 238
4 239 1845 2772 239
21 240 2943 483 1843 1151 1963 1843 1107 483 2988 887 1627 483 1756 1377 2475 2090 1756 2943 1226 240
24 243 2132 1351 777 1101 1331 802 2013 1351 243 2588 1672 1643 770 1558 1643 557 2275 2986 346 1505 557 1672 243
5 244 775 2174 578 244
5 245 1804 1300 1620 245
4 256 1104 2820 256
10 260 1486 1819 2853 1486 2341 1666 2245 2341 260
4 262 1966 687 262
7 265 1856 599 2331 1020 276 265
16 275 1978 1513 2653 1097 723 1143 1131 723 2653 2703 280 2653 1237 1513 275
4 277 2777 2811 277
5 278 1329 2468 2102 278
11 282 520 638 778 1841 919 1255 1086 1841 638 282
12 285 2286 2679 657 993 2975 339 1762 993 2679 2223 285
7 300 2667 2132 1026 2021 2132 300
8 306 1827 2086 480 2970 1344 1928 306
12 310 2306 1320 2073 2264 2715 2099 2073 2978 1320 2026 310
6 316 1838 977 643 2177 316
4 326 821 1443 326
5 341 1728 2080 1080 341
4 348 639 743 348
4 351 2842 1367 351
5 356 852 1785 3000 356
5 365 2757 532 2079 365
4 367 2469 600 367
20 368 1253 1387 2763 2071 1387 2991 2228 1057 2839 1234 468 2991 1253 2551 1755 2499 924 2551 368
12 369 1985 1047 1022 369 513 1030 2217 381 513 2465 369
4 375 1016 771 375
18 376 742 2268 1192 730 2932 392 1055 2292 1113 2932 857 730 2268 1464 2532 2268 376
4 382 1362 2325 382
18 389 1950 478 2762 1508 2136 486 478 389 1653 1591 389 1140 1350 1778 1399 1350 389
10 397 1821 534 1176 2614 534 589 1854 534 397
12 400 2552 1278 1202 2576 2561 1204 1568 2561 638 2576 400
4 401 2314 930 401
11 402 590 2893 402 878 2114 2676 2995 982 2114 402
29 406 961 2190 406 1950 1448 2266 1950 2607 2864 2870 2607 406 1211 1045 1665 1908 1244 2503 1045 1662 1870 1637 2250 668 1497 1870 1045 406
4 410 2065 2121 410
5 411 1218 2557 1881 411
10 413 2593 1041 2404 2231 1041 2327 2593 2159 413
7 429 514 2836 429 663 2204 429
4 433 1387 639 433
4 434 1485 888 434
4 435 2782 1361 435
4 439 2754 2332 439
7 440 2570 1983 2162 2684 2084 440
13 445 1711 2547 1081 810 2547 2010 1711 877 1534 1958 2837 445
6 452 2022 2226 1896 2863 452
8 459 2741 2860 2463 1309 2636 2968 459
4 472 1243 1160 472
7 476 817 2401 1436 1011 1287 476
5 484 765 1703 1496 484
7 491 1075 1673 830 2949 1483 491
6 497 2437 1359 2340 2662 497
4 502 1012 920 502
4 504 2507 2987 504
6 507 2973 2966 2831 1317 507
6 508 2391 1414 944 741 508
4 514 1114 2272 514
7 529 2795 1945 782 2687 1945 529
12 530 2435 2034 712 1228 2435 2209 2979 1115 1960 2209 530
5 537 2355 585 709 537
21 571 1735 1165 1413 1681 2184 2139 1681 1165 2641 927 2899 2641 1145 1078 2610 1313 1145 1165 2193 571
4 572 2834 985 572
6 579 1855 1185 1730 2786 579
30 581 945 2829 2562 692 945 992 2796 2260 2154 604 1413 2711 1602 1413 2154 2796 1435 1882 586 1435 992 805 1024 2589 2600 805 945 1881 581
6 588 700 2670 2933 2682 588
16 589 2133 1199 2584 2133 2517 2037 686 1130 2037 1818 2517 2917 2615 2517 589
4 594 1850 1956 594
5 603 2961 2198 667 603
6 606 2002 689 2540 2059 606
5 610 1509 915 1731 610
4 616 1188 1688 616
4 621 2349 1192 621
5 632 2817 2353 1014 632
4 647 2722 1874 647
25 661 729 1791 2005 2027 1693 2513 2674 1693 954 2804 1753 1352 954 2983 2110 2696 2983 1243 2662 2983 1693 1795 2027 661
6 671 2799 1779 2501 1772 671
7 672 2333 2879 2843 746 754 672
8 681 1156 1907 910 1707 1156 2795 681
4 701 1178 1656 701
4 706 2838 1375 706
6 707 2161 2666 2345 1083 707
4 727 2009 1588 727
4 732 1272 1177 732
5 757 1559 1899 1524 757
5 758 983 1751 1021 758
8 771 1912 2720 2672 2119 1912 1259 771
4 774 1993 2597 774
17 784 1645 1262 1453 1128 1460 937 2759 1128 1532 1453 2745 2523 1453 1916 1262 784
6 791 2045 874 2526 1085 791
5 797 1315 1803 1419 797
5 801 2310 2259 2233 801
4 806 1416 1763 806
4 816 1607 1953 816
11 824 2650 1619 1442 2688 1619 2754 1526 1619 1976 824
4 826 1380 2006 826
4 850 1518 1007 850
6 853 2710 1194 2544 1446 853
12 866 1058 1580 1809 941 1058 1861 1502 1738 2926 1861 866
4 895 1951 2934 895
4 899 2614 1019 899
5 936 1353 1456 1749 936
4 949 1395 1323 949
5 958 1180 1758 1920 958
17 963 1457 1808 1700 2343 1808 2595 1044 1181 1247 2411 1044 1808 963 1071 2939 963
7 971 1670 2389 971 2367 1324 971
4 1007 1890 1186 1007
4 1034 1528 1095 1034
4 1039 2795 1065 1039
4 1090 2298 1879 1090
4 1133 1609 2888 1133
5 1167 2103 1988 2800 1167
4 1170 2208 2154 1170
4 1190 1641 1500 1190
4 1206 1813 2163 1206
4 1213 2894 2085 1213
4 1248 1476 2596 1248
8 1289 1906 2326 2528 1337 1973 2326 1289
4 1290 2749 2836 1290
6 1307 2296 1382 1977 1891 1307
4 1326 1473 2628 1326
11 1373 1999 2180 2943 1999 2370 2160 1658 1507 2370 1373
4 1376 2518 2030 1376
4 1521 2203 1933 1521
5 1581 2130 2122 2186 1581
4 1711 2828 2062 1711
7 1734 1740 1840 1734 2874 2254 1734
10 1774 1887 2374 1774 2593 2141 2755 2806 2141 1774
5 1834 1851 2464 2069 1834
4 2372 2906 2502 2372
4 2709 2823 2910 2709
