9999 1230
25 1 7199 7978 7265 2875 3545 3342 3977 2900 3342 2096 3545 7265 6066 7978 1 5617 1577 4038 6433 6488 4038 5617 9994 1
40 2 7173 3068 3819 1356 1537 3192 4023 1322 3370 645 1941 7136 2310 6591 7673 5820 5370 7673 2310 1941 6775 645 1322 7350 4023 1537 3819 7173 360 2 2880 1518 3232 7877 6738 3115 7877 1518 2
37 3 2862 4505 2969 6027 3138 2882 6027 4505 9569 2862 7814 1715 5736 7764 7514 3249 5058 3128 9450 9403 5677 3337 5164 1016 3337 9403 3128 3249 1236 7514 5736 4048 1715 5982 7814 3
13 4 7606 5570 6378 7606 2609 4 1607 3750 4368 1607 7532 4
46 5 5392 3656 1171 3316 147 6421 9160 6754 6515 4658 5083 4013 9262 1839 3669 9262 5083 6515 9160 4760 6421 7585 147 7895 3316 6710 1171 5392 5779 5564 8754 1580 2158 6015 8766 4297 7298 8766 2158 8716 1580 7539 8754 5779 5
25 6 8194 1991 7586 7642 1734 2232 7642 1991 6 705 9015 818 6755 4888 8933 3945 4888 5812 6755 9841 818 3347 9015 6
22 7 7821 8423 5699 8369 8423 809 7821 5208 8988 254 5409 9109 8462 6228 9109 2199 5409 8988 3722 5208 7
7 8 2302 1694 6844 2302 5601 8
37 9 952 8674 1424 9040 8674 9 2068 4598 4942 6260 1651 1781 2193 3276 9560 2267 8377 3256 7941 5735 318 7941 8377 990 2267 749 9560 2193 1651 5527 6260 6198 4942 9663 4598 9
16 10 7604 9010 5955 7604 8598 7476 3592 4361 3418 3670 4361 7476 9347 8598 10
4 11 9610 2176 11
19 12 6127 4620 5814 9042 1723 5288 3182 6986 6826 5862 8247 6826 3182 1723 5814 7219 4620 12
19 13 8862 1930 815 7449 6878 6008 7437 5334 6165 2745 5334 6638 7437 6878 815 4957 1930 13
19 14 5550 1303 4065 5456 8170 4065 5550 4818 14 3493 3101 7753 2995 1562 1335 2995 3101 14
7 15 4076 8295 15 3581 5458 15
13 16 2012 6957 8917 4806 6957 4706 2012 3978 28 4278 3978 16
31 17 24 1547 7181 494 9269 6244 6462 9269 7181 24 2323 17 2027 3020 9547 4225 2093 4316 4526 2093 103 4225 6204 9547 7846 3020 7583 2027 6778 17
28 18 3838 8680 2487 1689 8177 2487 3838 427 691 6800 1891 8378 2123 8629 7225 9412 6923 7225 5373 8629 8378 6800 5280 691 2087 427 18
7 19 7885 3641 19 5355 205 19
52 20 1857 6119 287 7389 6295 4360 7308 5245 9962 2568 4282 5758 1307 2752 6324 8569 6282 562 5020 6966 912 8420 4627 3953 3218 3115 3953 5731 4627 912 4793 6966 562 8569 2752 2812 1307 4282 9962 4261 5245 1194 7308 6295 8733 7389 4762 287 1857 8154 20
43 21 660 6283 947 6255 1795 77 747 1049 1482 2877 448 4705 5598 1830 9468 1587 445 7683 4401 6078 7683 1587 1830 4705 2877 528 1482 5260 1049 9514 747 1795 947 660 7817 21 2541 9492 6741 2541 1220 21
31 22 5466 6978 6218 6222 6978 3353 5466 5631 7113 1033 6870 2438 2309 832 1432 7413 9715 9449 7413 6088 1432 2309 5377 2438 4990 6870 3927 1033 5631 22
25 23 2021 402 5205 2362 9076 5513 7958 9076 9776 2362 7407 5205 8810 402 23 2850 5647 1922 3903 4811 1922 3625 5647 23
13 25 5787 6085 3074 4611 918 5201 7763 918 4173 4611 6085 25
19 26 4844 5869 8138 2892 2060 7411 7339 2060 8138 4844 251 8800 2790 63 7185 2790 251 26
19 27 2286 9578 3412 165 2907 554 5064 5142 3789 1629 5142 554 165 9959 3412 2637 9578 27
10 28 5798 3384 3807 5357 7198 3807 6909 3384 28
28 29 2480 9083 7063 4451 3992 3441 9863 7556 9055 1576 5445 9055 9863 3992 7063 2480 126 5653 9698 8329 5118 9332 8329 5653 7235 126 29
34 30 2672 8891 9302 4592 338 5102 2460 8635 3059 5230 778 9485 7992 976 9485 3908 778 4409 5230 5215 3059 2460 5346 5102 4592 8891 4960 2672 7316 30 3543 1505 30
13 31 2283 3014 6543 8280 4066 9443 8280 3014 31 1570 914 31
34 32 2477 5284 1805 941 5106 2435 8172 2746 1813 913 1510 1813 8172 5106 1805 2477 3281 1376 3425 4724 638 8286 5774 8015 5040 5867 8015 1568 5774 638 3425 3281 32
34 33 4131 8340 1985 7602 6931 9171 4965 4054 7609 3416 5899 171 846 9049 7262 1888 7421 8741 1888 5241 7262 2667 9049 171 3930 5899 7609 4965 6931 1985 4857 8340 33
25 34 6436 1953 6301 694 1953 34 8478 6942 4875 2478 9356 6356 5932 1233 5593 1657 1233 6356 2478 2036 4875 649 6942 34
16 35 3455 3087 128 4198 7843 2010 3197 9016 2010 4198 4674 128 9764 3087 35
16 36 7889 7614 7537 2617 3525 7537 7889 987 8039 9086 8560 8039 6592 987 36
19 37 978 9817 321 551 6449 1170 1927 5763 2125 2621 5763 1126 1927 6449 321 978 3654 37
22 38 7004 4580 8631 315 1545 530 9130 828 4579 5435 2755 3796 5435 828 530 315 4580 38 1152 95 38
10 39 9394 626 39 5116 8583 3973 5116 6714 39
22 40 6753 6393 7304 984 369 2684 7525 4998 2684 984 9504 7304 6753 5446 6891 7879 1696 6891 1215 5446 40
16 41 7377 6450 5237 5341 6450 41 8296 5915 3125 5216 5186 3125 8296 3190 41
19 42 7940 2172 6246 7940 3460 42 2064 9310 6153 6439 1947 878 6439 1329 6153 5459 9310 42
13 43 5191 2851 6650 5191 1931 43 4145 5243 643 4482 5243 43
22 44 3122 6684 7436 1142 8817 5816 6041 69 5816 1142 4312 7436 3122 4719 44 3812 3529 7986 7526 3529 44
34 45 4388 6913 6749 9126 3205 5828 9812 4752 9064 310 4376 9350 310 4277 9064 7424 4752 5828 6494 3205 8093 9126 3575 6749 4388 7204 1716 141 9777 1716 4371 7204 45
4 46 4244 7859 46
34 47 5811 6297 5240 3434 5575 7743 7972 8348 8387 3890 6168 927 3890 1411 8387 3393 8348 7743 3434 417 5240 5811 1763 47 7447 8246 5822 6485 8246 3510 7447 5283 47
34 48 5871 8624 267 7259 8624 48 6848 3653 9248 8416 3994 2623 7722 7870 9562 1882 4710 9947 3763 1138 4189 3763 4710 1604 1882 7870 2623 7195 3994 9248 6848 1109 48
49 49 7943 5295 647 6492 2143 8398 488 6202 948 8688 7119 2946 1856 3124 8049 3559 3957 1691 6271 9751 8915 2777 3294 8915 6271 3957 8595 3559 3124 7693 1856 7119 948 7285 6202 8398 6492 2202 647 7943 1918 5917 7489 578 5917 9564 1918 49
7 50 2434 7917 50 2358 2115 50
4 51 7983 3193 51
31 52 8202 5790 964 8202 7748 6940 9883 2390 1242 4122 6859 2830 9265 8976 5012 452 4800 6997 4839 4846 6997 452 8976 2830 4122 2390 6940 1640 7748 52
10 53 1838 4605 9546 9904 5595 9546 2206 4605 53
31 54 957 6325 2998 436 6325 54 5395 173 1237 727 5047 8785 7794 7568 2018 8553 1574 1569 7037 7837 3141 7037 1574 9339 8553 7568 8785 727 173 54
10 55 6818 4411 55 2409 8651 1521 5696 8651 55
28 56 8825 911 1090 2787 5949 8965 3664 501 8471 3410 9501 499 8687 5941 9540 6688 5941 499 813 9501 8471 5008 501 8965 2787 911 56
34 57 4407 1564 3620 268 1663 5179 2733 7659 7128 2401 4772 7128 8440 7659 5179 8992 1663 3620 9330 1564 2835 4407 6415 4046 5489 3419 3436 2515 3290 3436 5489 6415 57
16 58 3741 1377 6935 7085 9933 1087 8090 4767 8319 8090 1421 1087 7085 1377 58
4 59 5788 7777 59
16 60 9316 983 9114 9679 983 60 6858 4651 4073 4634 9923 4073 6858 2732 60
16 61 6102 8574 1745 2976 8574 2133 6102 7309 61 1080 8359 1573 1080 5964 61
19 62 4504 7287 8432 2554 7287 62 7984 175 903 9216 5111 2528 9216 8648 903 7238 175 62
25 63 8708 2242 6017 6586 3588 8190 1404 5986 6375 8657 2162 2889 8657 290 6375 155 5986 8190 8526 3588 6017 5465 2242 63
49 64 5947 5219 3846 8027 7805 3424 6724 8690 4349 4272 1255 8337 2735 5202 8337 4272 9720 4349 6724 7461 3424 1960 7805 3615 8027 5219 64 2645 1699 4126 783 5538 6708 2219 5135 8971 7178 7685 8709 2569 7685 8971 2219 6725 6708 783 1699 64
22 65 1134 1881 9522 6341 4943 2085 657 1138 2085 6341 1881 65 169 4687 2463 7536 344 2463 7706 4687 65
25 66 2642 3676 628 5809 7689 2956 2137 7049 2694 7656 7049 6182 2137 7689 628 3610 3676 66 9987 2425 5149 9987 8886 66
25 67 2370 2218 5074 2370 2928 925 6217 8701 8452 8943 4288 4218 8922 7731 7477 8922 9582 4218 8943 8701 925 160 2928 67
13 68 1105 6466 68 8868 7897 993 7427 7475 3075 7427 7897 68
13 69 2753 7567 6973 2222 4903 726 2222 663 6973 8011 7567 69
16 70 1349 1513 8500 3422 8466 8500 8636 1513 70 5313 9971 6170 5313 5957 70
10 71 485 8854 71 9759 2450 8611 5209 2450 71
13 72 525 6430 6164 7758 9010 6164 2466 6430 5552 525 4916 72
22 73 4192 3428 7713 154 3428 73 1743 9087 4779 4527 96 7149 1974 96 4779 6674 9087 6871 1743 9862 73
22 74 8739 2670 74 9154 3879 7214 3047 3392 2668 3933 7670 8005 3880 3369 8005 3933 3392 1331 3047 3879 74
19 75 8274 1461 1956 9181 9553 1956 8274 9204 5203 8041 4692 5129 5107 4692 5203 9627 9204 75
7 76 9992 2548 5572 9992 9807 76
28 78 1372 4300 9328 7998 2756 4892 7998 4300 78 1443 4470 4521 6305 2534 5285 6700 642 5212 6700 270 5285 1806 2534 4521 7834 4470 78
7 79 1498 6886 3762 6629 6886 79
13 80 293 9662 1754 4359 184 5644 4359 4170 1754 6796 9662 80
22 81 9209 7690 4677 9209 122 7970 644 7612 1003 2743 7110 7835 863 231 7835 2743 7612 3729 644 122 81
16 82 1240 8066 4155 1291 8066 82 3949 5068 1977 7902 2731 1977 3949 9721 82
22 83 6370 718 5794 6370 1309 5849 6791 3070 2048 8571 7553 3947 7807 8362 3213 7807 7553 2048 6791 1309 83
43 84 5743 7933 5423 2779 6440 2741 3155 5420 3986 4381 7949 4036 3910 8350 6713 9818 3934 7137 9034 1398 7942 9034 3934 6713 3910 716 4036 4381 7559 3986 3155 6440 5423 5743 9510 2130 3252 410 9306 3252 9510 84
22 85 5662 9604 85 7069 1912 3355 867 1890 7353 1106 6696 1750 1576 6696 5898 1106 1890 3355 2511 1912 85
25 86 6537 531 4236 2457 4534 5264 480 7266 5264 2457 9185 4236 4673 531 86 7750 3035 1446 5730 9922 1446 7750 8077 86
19 87 5448 5712 5009 6802 9110 6361 6802 5712 87 7564 2499 4963 385 4839 4963 7564 5551 87
19 88 5485 4232 3339 5485 8961 1328 3430 8392 6077 3684 9965 6077 3430 1634 1328 4949 8961 88
19 89 4444 4931 152 4444 1645 89 4430 2240 5350 6410 90 9014 3360 2940 9014 6410 2240 89
22 91 2759 909 6816 8622 909 8160 2759 3806 8102 7600 6155 8023 9050 4457 3173 9050 6155 8102 4096 3806 91
10 92 7833 5880 92 135 6382 7573 183 6382 92
46 93 6394 3932 8121 7341 7857 8238 9825 6165 8238 7341 3932 93 495 8464 114 4668 2891 4810 3679 5362 2332 1979 4883 5077 2381 9930 571 9474 2234 4933 9474 4528 571 2381 4883 2332 842 5362 1466 3679 2891 114 5858 8464 93
55 94 8692 8612 9239 4546 8559 1057 3405 4113 4044 5878 9783 5703 9113 4353 573 4136 3127 5614 4136 4353 7357 9113 9783 8558 5878 4113 446 3405 9395 1057 9004 8559 9239 8692 5665 5630 9681 8357 6388 2121 9344 6827 6471 5697 5246 6471 9344 6388 7818 8357 8477 9681 5665 94
7 95 7636 4385 6847 4652 4385 95
13 97 7159 314 3867 457 5048 1546 1208 5048 3867 7159 4426 97
7 98 6958 6268 98 3303 9431 98
7 99 463 9054 8890 463 5449 99
13 100 4985 1311 100 4266 1454 7439 7459 4161 3279 7459 1454 100
25 101 7707 1764 7028 6818 1764 101 1276 7396 1770 8473 539 1958 9550 8963 9734 5998 8963 1958 8473 7396 8370 1276 8998 101
4 102 4480 9549 102
37 104 336 5585 4309 1386 8132 5764 2778 2252 6517 5134 1827 5328 3002 6117 7107 7391 6117 4660 3002 2469 5328 5134 3167 6517 5714 2252 5764 1961 8132 4309 336 9595 5492 1694 9595 104
19 105 782 9966 3980 1065 140 3707 4166 4834 3707 1065 9966 9250 782 391 3860 5954 391 105
22 106 4496 273 9294 9747 2040 4452 6864 2739 1851 4982 6199 1851 6864 2040 9294 4496 8220 106 4853 5877 106
22 107 2484 9677 4061 5270 5239 4061 2484 3289 5374 4248 3238 1749 157 4015 3195 157 3238 5374 569 3289 107
10 108 2883 8668 108 1055 9289 2045 7715 9289 108
31 109 8116 2556 5320 2144 4175 3734 7453 5131 1053 5401 3028 6268 5401 5131 3734 2144 2556 6327 8116 1873 109 3485 7494 4788 7415 2879 4788 7867 7494 109
10 110 723 8702 1957 1112 2074 1957 9928 8702 110
22 111 3954 1197 3505 3721 196 3505 6036 1197 111 3462 7418 1803 9568 8156 7360 4972 6246 7360 9568 7418 111
22 112 758 9726 5311 758 1945 112 6448 3564 576 840 8494 9717 2377 8494 9524 840 636 576 7884 3564 112
10 113 3937 5604 2131 8503 8579 9736 8503 5604 113
31 115 6021 5589 4156 5238 5943 4582 8459 4493 5506 323 1504 5934 323 4493 4582 5238 5589 1955 6021 6835 115 7187 6681 2902 6929 6681 8504 7187 2479 115
16 116 8488 363 9244 3056 363 7310 8488 3106 4685 7465 3502 4685 6052 3106 116
19 117 3825 834 8545 2382 6472 7011 2382 1552 8545 3825 2610 9591 9616 7950 2952 9616 2610 117
10 118 9935 2279 8775 4414 3349 8775 8552 2279 118
22 119 803 6652 3202 5540 9576 9652 5540 6486 3202 803 9484 4442 5924 1387 3486 6396 5873 3486 5924 9484 119
31 120 3783 8157 9799 1968 5051 8270 3212 4354 5654 1747 6744 1705 6969 4465 1705 5711 6744 5654 4860 4354 9921 3212 5051 9799 3783 6264 120 1023 500 120
22 121 8908 8232 1643 5307 4633 6540 1039 6576 1897 3445 8356 5776 3445 6576 8122 1039 4633 1643 1558 8232 121
16 123 6055 2354 4982 2785 2354 1370 6055 3189 7793 1084 2210 7270 1084 3189 123
16 124 7229 2698 9977 7229 3781 124 1456 2375 8670 4795 936 8670 6121 2375 124
19 125 6853 4649 2957 5978 6129 2957 5165 4649 3606 6853 1519 1238 9190 1143 2887 9190 1519 125
7 127 2360 2191 5510 7270 2191 127
16 129 3135 9699 9936 678 1872 9936 8805 9699 129 2128 5450 8419 5921 5450 129
37 130 7501 9621 2338 8960 9271 421 7988 8327 3067 7988 654 421 8960 9621 5248 7501 685 1312 1709 8449 2304 2798 3421 2847 8162 2557 2847 8490 3421 2304 4290 8449 1312 6648 685 130
19 131 8104 8197 9851 692 5507 775 692 1917 9851 2970 8197 4864 8104 356 6809 6768 356 131
40 132 8948 7627 1933 6633 2038 2127 6315 4328 6416 5428 2007 5793 879 3390 4996 7921 6256 4996 9242 3390 5793 3668 2007 4663 5428 4328 2127 8109 2038 1933 1207 7627 2186 8948 2781 2760 6538 2781 132
16 133 627 9800 133 9612 9697 1366 3576 1659 515 7470 8389 515 3576 9697 133
10 134 4283 1318 4259 4283 6496 134 6373 2320 134
19 136 1514 5333 6136 1514 5397 136 7529 8271 9948 9381 8582 8310 9008 5463 8310 9381 8271 136
19 137 3091 7610 237 4118 7610 8953 3091 9098 970 4104 8661 8791 4104 9536 970 5089 9098 137
10 138 2526 7649 3113 5503 7649 138 7775 190 138
25 139 3480 2145 139 606 8248 1762 3706 6649 1703 8946 1860 5762 3030 3448 9889 2676 3448 5762 8946 6649 1762 606 2858 139
13 142 8920 7140 7319 6621 7140 142 1538 9175 5894 9574 9175 142
13 143 4644 2821 7622 4257 2821 1218 4644 9737 3391 8806 9737 143
34 144 7207 3659 9256 7505 8006 9256 7207 4215 7060 5749 4952 9062 2301 1712 4253 9623 9159 2454 7348 1899 6346 7348 8404 2454 9623 1712 5716 2301 6090 9062 5749 4215 144
10 145 8284 4352 145 7710 1282 1831 7710 7109 145
28 146 9003 856 674 2652 856 146 5469 1887 3411 5912 513 3797 6742 6203 9897 1017 6560 4220 1017 6203 3797 2960 513 3411 2848 1887 146
4 148 9661 9449 148
16 149 4732 7519 2927 6503 8260 1680 706 179 4807 7302 179 1680 6503 7519 149
13 150 7232 4837 150 9285 6615 3170 1916 6615 3912 9285 588 150
40 151 7643 5660 4863 2788 345 7468 4727 216 2573 6641 4347 8694 9632 9738 791 9632 4347 2573 4727 345 4863 7643 5349 151 3632 7041 7784 1627 2495 8001 6490 2495 7784 9470 7041 5340 3632 2708 151
43 153 6360 5057 1120 9647 5315 1120 6360 1798 7997 8813 4645 7297 9890 6403 8131 4816 617 6897 1721 9511 6099 8513 6526 1426 7428 4737 1426 188 6526 6099 8705 9511 6897 4816 6403 2217 9890 9693 7297 8813 1798 153
52 156 3649 6160 3476 3649 3364 156 9822 9462 6863 1995 3811 2269 9369 3884 5210 5174 5371 7540 258 7201 2190 2080 2335 6622 1948 7317 4589 9459 1825 5694 2777 1825 4589 5290 7317 6622 2080 7201 6075 258 5371 3274 5174 1470 5210 9369 3811 6863 2108 9462 156
19 158 6183 3016 6401 6183 9806 158 2682 1018 1029 1431 8729 1029 2578 1018 2580 2682 9334 158
28 159 4262 6574 5429 3823 8676 1269 2044 6481 8907 6762 5961 9367 6762 6481 8360 2044 8676 5429 4262 5621 159 8727 6426 6247 8727 6617 159
28 161 7875 2804 9437 5918 1936 6568 827 5025 6572 3995 5882 7080 2683 651 7080 2813 5882 6572 827 2436 6568 1611 1936 6386 5918 2804 161
58 162 3855 1319 9031 1166 4801 7343 1166 2916 9031 2802 1319 162 6029 7623 8069 8533 9041 6570 373 1348 6869 2340 4926 2449 9622 4227 3861 7633 6819 6413 4362 4335 5808 5629 5730 5808 4362 6819 738 7633 4227 2449 2340 9225 6869 373 4711 6570 8533 406 8069 763 7623 695 6029 9475 162
10 163 6839 2751 9940 2949 2751 873 6839 4596 163
16 164 5675 7909 2274 1021 281 1642 3683 5095 1642 7375 281 2274 779 7909 164
16 166 735 341 4886 735 9129 656 9847 1753 1320 9847 698 656 9045 9129 166
49 167 7433 449 8603 5486 5700 1561 6451 7111 195 9690 9986 6238 8263 8617 6238 9690 7111 7429 6451 1969 1561 6154 5700 366 5486 449 1739 7433 4861 3045 1894 8405 7062 7078 3164 4486 1473 3164 3061 7078 8876 7062 3034 8405 1603 1894 4861 167
4 168 3509 9162 168
19 170 7318 1618 6851 3997 9374 6851 7779 1618 542 7318 3095 170 4725 2784 6521 4725 2246 170
19 172 1740 1488 2220 1740 451 4093 8756 4177 330 1177 9685 3117 1177 4177 4093 6354 451 172
34 174 7824 5146 852 5375 8036 852 8351 5146 174 3225 8241 3970 1590 3817 4798 1548 6225 3955 3902 5765 3955 8343 6225 4133 1548 5859 4798 1590 5560 3970 3878 8241 174
16 176 9551 8750 342 9669 8164 5192 1730 6364 2893 1730 8164 1064 9669 8750 176
10 177 2016 4146 4953 2016 6445 6948 9364 6445 177
16 178 1043 9436 7747 1043 6843 1863 9530 7724 6313 5086 7724 5587 9530 6843 178
19 180 2974 2349 677 6262 9702 3887 6262 7719 677 9794 2349 180 2604 3444 9518 5902 3444 180
10 181 9282 4103 8797 4369 3415 8797 6059 4103 181
10 182 2243 544 934 9659 544 4254 2243 7251 182
10 183 7969 3792 8713 6045 4185 9141 6045 3792 183
4 184 2401 7579 184
4 185 2489 9589 185
28 186 9048 6549 8084 4144 851 847 8139 541 847 6063 851 8084 9048 7936 1405 3496 6417 6943 5141 1485 6943 5832 6417 5222 3496 7936 186
7 187 4931 388 9177 4484 388 187
25 189 6881 2236 2081 6967 2878 8180 9335 6254 858 7721 9251 9774 7721 6254 9820 9335 2878 2081 4970 2236 6033 6881 4512 189
13 191 6399 6105 1557 6399 1160 191 4356 7751 9811 8412 7751 191
7 192 9858 1477 192 6759 7713 192
16 193 194 1006 5452 8623 5999 5452 890 1006 193 4626 1455 6345 9641 1455 193
4 196 2984 1297 196
22 197 5826 1710 6977 5826 5261 197 8334 3278 1423 9455 1824 3452 8993 7915 5022 8993 4777 3452 9455 3278 197
19 198 8328 6578 8760 2547 9006 5402 7872 5330 5402 5738 9006 8760 9314 6578 8764 8328 1105 198
13 199 4035 861 3380 4035 1324 199 3387 2248 3318 3387 4165 199
16 200 1239 504 7162 4971 504 8990 1239 6880 200 6991 6157 8597 6991 7956 200
16 201 5981 4977 1878 4812 4292 1878 5981 3628 201 9142 1342 9203 9142 8448 201
37 202 5927 7444 202 5302 7570 6985 8217 2305 3935 7866 9913 9590 9236 6865 2564 4249 4885 4878 8841 257 9907 9022 257 5693 8841 4885 787 4249 6865 9590 7866 2305 9713 8217 7570 202
13 203 352 7495 9375 8632 8017 9375 352 3062 203 614 8413 203
22 204 3143 7782 6798 2058 3134 2671 5672 2918 8735 8807 2748 7279 8912 2748 8735 5672 1840 2671 2058 7782 204
4 206 996 6901 206
13 207 1540 5923 2843 3429 5345 9931 3429 5923 624 1540 6498 207
13 208 9852 1163 6087 7848 1163 3769 9852 8834 208 5479 9466 208
13 209 1246 8309 4747 6745 8792 6443 2208 3258 6443 6745 8309 209
16 210 9509 9523 753 4958 8158 4078 5034 1453 5227 9998 1453 4078 4958 9523 210
25 211 8479 5784 5979 9808 8199 1850 714 6766 6894 3209 6766 5900 714 5579 1850 518 8199 5979 8479 1070 5456 4217 1070 211
58 212 1347 8769 1647 3515 9731 2832 9138 765 1037 2402 5122 7974 302 8184 8984 1191 3004 6767 3936 6784 250 4159 8794 3565 2244 5372 8209 4461 5372 3565 7016 8794 250 3936 3004 5163 1191 8184 7974 2720 5122 1037 3184 765 2832 3515 8769 2551 1347 8437 5059 3915 7420 5059 4541 8437 212
25 213 4715 2958 4348 4715 7948 213 5415 8994 4238 1151 223 3499 3585 3757 1434 3585 5173 3499 3044 223 4238 228 8994 213
19 214 5780 6311 8028 5780 3504 5369 4824 3760 4200 6383 3963 4200 4824 2090 5369 4920 3504 214
4 215 642 1823 215
19 217 2929 3299 4983 4214 3321 5119 4378 7775 5119 4214 3299 217 7021 8061 8330 7021 8698 217
13 218 2342 946 8664 9001 946 218 5124 9396 574 5124 6319 218
10 219 6653 7260 219 1209 553 3161 3328 553 219
28 220 9066 6821 5358 307 3010 3551 8276 3010 5358 8175 6821 798 9066 4027 4635 7373 921 2019 1586 7702 9255 1586 921 8063 7373 4027 220
13 221 8700 6695 9215 9635 6695 5757 8700 4049 6750 4304 4049 221
10 222 7733 8940 7139 9934 8940 222 5820 665 222
7 224 7414 7446 327 8365 7446 224
19 225 6385 9446 5096 1532 7146 1229 1532 9446 225 4513 4508 9247 4850 4006 3837 4850 4508 225
43 226 9327 3206 6019 3920 2590 8290 7460 4400 8843 1796 5442 5946 6890 4664 1858 4608 9019 1858 6890 5442 8843 5590 4400 9238 7460 8956 8290 4293 2590 4549 3920 3206 5039 9327 2972 5897 3745 3725 5897 9637 2972 226
40 227 8345 2396 8411 5701 5378 7083 7355 2136 7860 7355 4679 7083 5701 7012 8411 5440 2396 5583 8345 6686 242 7932 794 8937 286 1802 6624 3751 7351 2364 3751 1802 8937 7932 6349 242 1186 6686 227
16 229 9782 9206 7516 9782 5539 3120 4909 6411 3570 1973 8439 3570 4909 5539 229
10 230 5697 3660 230 358 9853 3724 358 9750 230
4 231 9410 5184 231
40 232 8022 8995 8521 2228 8995 232 6689 5405 8566 6654 9023 4230 8155 3701 937 1837 8969 4768 7677 3154 7276 3885 1445 4538 1515 1445 7276 7677 2611 4768 1837 456 937 8155 9023 8566 2462 5405 232
10 233 673 6334 233 2917 962 7251 2097 962 233
13 234 5123 7595 234 5433 3516 4397 3536 4473 4397 5433 597 234
25 235 5035 6197 8537 8809 9599 4997 6522 8815 1073 3022 8815 4997 8809 6197 875 5035 6178 387 6043 433 6790 6043 6178 235
22 236 8827 529 6817 5675 529 236 2414 2008 7129 6525 4979 8489 1497 4979 9837 6525 8991 7129 9307 2008 236
7 238 7486 4969 238 3476 7274 238
16 239 5406 4320 2762 3023 5185 7177 5127 5185 2762 5406 7675 2904 7518 7675 239
4 240 6643 3604 240
10 241 8086 2567 2001 9606 2567 5136 8086 3847 241
22 243 5175 365 5756 4207 2253 5756 5175 9149 243 2963 666 9104 5098 7243 5467 1184 7243 9104 5036 666 243
16 244 9386 9079 9973 3839 2984 9973 9386 7701 444 2022 2201 2617 2022 7701 244
7 245 1444 2066 7735 1444 6048 245
28 246 5414 8996 478 9756 971 4246 7836 971 2132 9756 4270 478 5414 2357 7939 9061 4936 8499 4629 4936 1480 9061 2116 7939 2025 2357 246
13 247 9646 4794 7825 9646 4123 9044 9816 8666 2661 9816 4123 247
28 248 7876 5013 5015 9575 5013 4001 7876 8120 248 8686 929 2638 3116 8788 8216 411 5645 3105 1900 6333 1865 1900 5645 8216 3116 929 248
34 249 8016 560 249 2297 3041 7038 2630 5853 2814 7500 4854 8487 7170 3685 9438 4467 7632 9438 3638 3685 8487 7326 4854 2814 2503 5853 7038 2622 3041 3255 2297 7481 249
19 252 1185 4475 8839 3325 4475 7014 1185 6265 9997 5549 416 3203 4509 416 9997 6034 6265 252
16 253 7426 3361 9270 904 6026 2624 9492 6026 7849 904 3361 253 7034 845 253
16 255 6460 2986 4684 3865 8072 4684 6460 524 255 2403 6286 1986 2403 2482 255
7 256 6697 3111 575 8353 3111 256
13 259 8796 5518 697 8355 5518 259 3266 3634 1592 4975 3634 259
37 260 1768 9561 9021 8707 4980 7651 8707 6331 9021 9631 9561 260 7193 3341 9545 2516 2391 2221 2532 4068 7714 5777 4068 3533 2532 3853 2221 1662 2391 4738 2516 3341 392 7193 343 260
10 261 745 3417 261 7679 5484 9425 9052 5484 261
40 262 4578 7344 5287 5620 5151 7676 1472 2977 6004 9563 9326 7096 9762 9326 6004 5031 2977 7676 2295 5151 2328 5620 5062 5287 7657 7344 2914 4578 1965 262 5419 5159 3066 8129 4029 3066 5930 5159 262
28 263 2227 5253 3388 1265 5253 5195 2227 9678 6577 3882 379 3432 5117 5690 1210 4813 788 1210 4481 5690 2648 5117 379 9689 3882 9678 263
22 264 4205 3475 8032 8000 3828 3868 2932 6937 3868 7361 3828 8032 4205 5791 8446 3802 2881 8446 6896 5791 264
10 265 4890 9964 5181 8516 9802 5181 555 9964 265
16 266 6531 2810 9059 3314 9834 4330 1167 1462 891 1167 9834 7755 3314 2810 266
7 267 6607 8127 6395 6607 8581 267
22 269 5211 6023 9850 5211 9144 269 6193 1260 3705 3704 5950 2070 9287 4894 7672 9723 4894 2070 3704 1260 269
19 271 5056 497 3407 5676 5462 2009 5945 8279 1921 5945 5462 8753 5676 568 3407 5056 3847 271
16 272 7483 4922 5477 9259 7116 8454 9259 4922 988 7483 3366 272 5483 2838 272
16 274 3336 4393 274 3523 3024 8910 1130 8486 7744 8379 8486 8910 4323 3024 274
22 275 5692 3527 5075 8863 9624 1365 4901 6392 3538 2628 6392 1365 8863 7694 5075 5692 4669 275 4365 9769 275
28 276 5884 7946 4434 331 9710 5108 7800 1970 2467 7800 9101 5108 9796 9710 3616 331 7946 8840 5884 6235 5103 4955 7197 5103 2182 6235 276
13 277 1820 2853 277 5855 7242 7511 3740 8639 7511 3569 7242 277
28 278 6721 699 8233 4191 2776 4102 1397 2776 3791 4191 699 278 2142 2011 3308 9498 1235 5806 5831 7488 8908 5831 1235 3308 2142 7422 278
10 279 1708 5404 9945 1708 8052 1173 7369 8052 279
13 280 9424 9032 5130 6794 9385 5130 9424 309 4317 932 309 280
13 282 1345 471 282 3440 9158 1030 5430 9158 1187 3440 7406 282
28 283 8318 2947 1341 2054 6317 3461 2845 6964 7717 7172 8860 7580 7172 6964 3461 9785 6317 1341 8318 2441 4532 7205 5499 8691 7205 2441 283
22 284 9280 6278 732 9280 1068 284 8659 8338 1300 6861 3103 9202 7543 5827 9202 6290 3103 1300 7376 8338 284
7 285 7419 1971 285 7802 4081 285
4 288 3156 1344 288
22 289 4007 4171 289 1025 4814 7052 5688 6103 3813 6174 684 295 5055 684 3813 5688 8034 7052 1025 6694 289
13 291 3064 5766 5533 5886 5766 8224 3064 1572 755 771 1572 291
19 292 7278 4373 868 7699 2265 3060 6157 2265 868 1316 4373 292 2572 7333 5194 2572 5017 292
13 293 1124 1746 1940 2151 6376 9463 6082 6376 1940 2677 1746 293
19 294 8654 6737 4805 6347 5933 8424 4891 7209 8424 7161 5933 4805 4832 6737 5973 8654 7668 294
25 295 4383 4823 4024 8091 7293 2104 8159 4614 4728 1219 1717 2884 2214 1290 2980 2214 1717 8850 1219 4614 2104 8091 4823 295
25 296 9323 2363 296 2981 6425 3500 3123 1357 3261 6519 9435 615 2797 9319 615 4086 9435 5524 6519 1357 3500 5145 6425 296
34 297 346 7705 2165 9957 4099 2805 454 5180 4973 9090 5180 9795 454 4099 2165 346 5508 9481 3275 6770 1729 4345 3296 5274 4345 7210 1729 7905 6770 9200 3275 5508 297
22 298 3487 1002 2895 4880 1551 7342 7033 8870 7077 7033 1007 7342 4880 8564 2895 3487 8396 8935 2789 8396 298
16 299 1758 8078 8585 743 3960 6932 743 1994 8585 1758 9407 299 6007 776 299
40 300 5723 6381 6933 3833 4699 8962 3107 5393 5609 3662 2433 377 3822 3315 5396 3822 2433 8738 3662 5393 8962 3833 6381 300 2656 2799 4425 1898 7367 2846 6126 7367 8161 1898 8914 4425 2656 7228 300
7 301 7879 4956 3562 6651 4956 301
7 303 9641 8630 4418 2872 8630 303
25 304 5498 9097 3770 2308 728 6902 7412 2088 4631 6616 5846 4631 7412 3286 6902 424 728 2292 2308 9946 3770 5498 8293 304
4 305 1304 3343 305
19 306 3181 9975 6626 5729 1281 460 1846 3512 460 4477 1281 1004 5729 9975 306 9439 8080 306
31 308 7530 9411 2238 5613 9182 8380 5613 7625 2238 7530 2488 5361 593 4968 1664 4008 4566 4154 796 723 5681 796 7703 4154 4008 7603 1664 593 2488 308
22 311 2675 2129 1385 8118 7241 2614 8543 2846 2614 854 7241 6825 8118 2129 1862 2675 8243 311 6215 9068 311
19 312 3733 6138 4443 4586 7191 4443 3733 3012 6657 2368 9645 4480 2368 3211 6657 6822 3012 312
7 313 5983 6213 1273 3710 6213 313
22 316 9809 9703 316 8231 1088 4819 5600 5277 9401 3468 8663 9029 9746 8663 1371 3468 5277 4819 3340 1088 316
10 317 376 2595 4499 1483 9555 4499 2312 2595 317
28 319 4882 8421 2954 7321 1409 1396 9668 4536 6760 9668 1409 2954 4882 6470 319 8967 6269 4676 9471 8536 5787 4697 8536 4676 8967 4847 319
13 320 7509 7746 320 3901 2855 1819 6651 2855 1807 3901 786 320
7 322 1410 8201 429 1410 1342 322
46 324 4987 7143 3624 7027 8928 7234 6846 7007 9585 6502 6143 4595 8770 1223 7754 3142 7894 5263 3852 6159 8819 3633 9951 7871 6299 9951 8819 3852 7894 572 3142 1223 6747 8770 4543 4595 3243 6143 9585 6846 8928 4564 7027 7143 324
34 325 5909 7560 325 368 3042 9686 2912 1258 7863 8228 8650 871 4653 2017 8044 8012 9234 9219 1299 354 9219 8012 4881 8044 4653 5403 871 8228 1258 4889 2912 3042 325
13 326 6132 4992 1626 8384 6060 1626 6402 4992 326 7927 5325 326
25 328 1836 2447 328 1114 6706 5770 5439 8719 2678 9542 1776 8781 7101 1271 8781 9542 8719 5770 7669 6706 1654 1114 7601 328
55 329 2281 9900 3594 2319 5568 3748 2339 3317 5683 2147 7211 7548 1774 5521 4696 8123 6711 5879 7334 7208 7918 6720 6553 935 4226 6553 7918 7334 6711 4696 1154 5521 4524 1774 7211 1361 2147 3317 3748 2319 9900 7967 2281 5659 4358 2316 2836 6728 2316 5803 4358 1821 5659 329
25 332 1571 6082 332 2303 3297 8410 3985 1009 2937 4751 9139 8704 693 8866 4019 693 9139 2937 462 1009 8135 3985 3297 332
28 333 682 3682 2939 3385 8363 3492 4273 5453 8068 5305 5453 3492 3385 6783 2939 3739 3682 333 8331 2890 1161 6038 2890 8578 8331 5573 333
10 334 2394 6734 2772 2394 7810 9587 8407 7810 334
16 335 731 8425 9980 1016 8425 335 2833 2965 9331 8125 6630 5494 8125 2965 335
16 337 6259 357 2950 3827 432 2950 6259 9978 1502 9240 5610 1502 7947 9978 337
40 339 599 646 2641 1102 8605 3874 5176 6757 2780 5274 6757 1251 5176 4792 3874 769 8605 6208 1102 6000 2641 4384 646 339 1439 7073 7562 8614 9472 1766 2180 9993 1766 8614 7073 8491 1439 5152 339
43 340 1632 8836 3011 6322 8173 5571 7808 5881 9683 2152 5674 9214 1058 7502 8079 1617 2327 2955 2898 2327 2102 1617 7502 9214 2152 2687 9683 7890 5881 5571 6322 8836 1427 1632 2378 8787 4334 6856 5528 4334 2378 340
7 341 556 4540 3007 3581 4540 341
13 344 916 2470 3958 4569 6575 5275 2583 6575 3958 916 2204 344
25 347 5327 5611 2197 6733 5476 9778 2628 5476 8021 6733 3694 2197 9072 5611 9857 5327 9447 4428 4574 9168 4088 4574 9447 347
4 348 1076 1431 348
31 349 688 5244 8620 8244 5244 349 6508 2185 8245 7403 6507 9580 5080 8852 9325 3872 9319 9325 5080 408 9580 7403 4734 8245 9943 2185 9729 6508 4859 349
28 350 1535 6917 6408 6983 6005 8142 4904 1702 4690 6404 1702 3845 4904 7133 8142 6983 6917 350 4478 9476 1035 1067 9476 1383 4478 2525 350
13 351 6895 9009 8010 6895 7394 6122 2774 3197 6122 4286 7394 351
7 353 7395 546 2864 7395 2286 353
13 355 2588 6342 4429 7244 6805 4429 2588 1338 3221 8031 1338 355
25 359 7323 3567 3814 966 3567 7067 7323 8911 359 5365 4730 9843 2985 1339 5813 5137 7781 6667 5137 1484 5813 2985 4730 359
25 361 4833 4787 7569 4453 7008 7104 1759 751 6801 5084 7653 4995 6573 7653 2691 5084 9844 6801 1759 7008 7569 7934 4787 361
25 362 2540 820 7931 2540 8798 7320 9147 9100 8278 1633 6280 9133 5856 8461 1959 8757 8461 9133 1633 9100 1094 9147 8798 362
4 364 6893 1172 364
10 367 9480 4193 864 9573 4193 367 6777 8871 367
13 370 5115 7363 6133 5115 4583 2507 6321 2105 3481 6321 4583 370
10 371 7434 9227 371 690 1847 5272 9121 1847 371
16 372 2502 6080 6718 9914 6080 4961 2502 6298 7399 1363 7688 7399 6984 6298 372
22 374 3121 5037 5038 4519 2160 5038 8844 5037 6288 3121 2953 374 7711 2103 8393 3019 2103 9196 7711 5468 374
22 375 2983 3483 3966 6013 2397 4655 431 2975 4655 6013 3483 375 3631 702 7796 4656 3963 7796 3631 773 375
10 376 4945 6258 2230 6101 8706 2230 4100 6258 376
4 378 7716 9640 378
10 380 1042 8320 7141 950 5455 844 950 8320 380
25 381 3097 9508 7121 7815 1005 8364 1783 1674 6582 6455 1674 2109 1783 1005 7121 3097 8793 3112 2530 1672 4143 2530 8793 381
22 382 1133 3695 1536 2911 1737 1536 1133 3065 382 6149 3644 9630 855 8801 1206 6919 1135 1206 855 3644 382
16 383 4622 4333 2086 3263 8510 4518 8872 8510 2086 7485 4333 383 6483 1040 383
28 384 4216 2350 1692 2834 3247 6098 9768 8646 1733 9768 9195 6098 1904 3247 4181 2834 1284 1692 3478 2350 384 589 8129 6632 589 9298 384
22 386 4988 1911 8780 8511 4691 6994 7070 4691 3648 8511 6123 8780 4988 3311 4483 6643 2811 4483 4862 3311 386
7 389 955 4367 7825 955 2371 389
10 390 2028 1345 390 2825 8042 866 2825 3386 390
22 393 4446 2859 8186 9810 2043 1259 2991 6096 1720 3962 7292 9251 3962 1815 1720 2991 2043 8186 9434 2859 393
28 394 7734 3556 5642 1202 3556 6908 7734 9949 394 3013 3672 8576 1044 2042 4637 997 9814 8508 8514 9814 4637 1044 9176 8576 8218 3672 394
22 395 5023 2538 1286 7313 708 4107 6475 3794 4671 6249 3794 4107 3768 708 1286 5023 9467 3573 4363 9467 395
19 396 730 8025 6266 1509 6191 1901 5148 2598 1901 2865 6191 6266 730 3109 4858 4398 3109 396
25 397 1722 4188 4749 3092 6384 4147 7823 4849 6047 2910 4908 6047 1809 4849 6285 7823 7174 4147 5041 6384 6776 3092 4188 397
34 398 3459 8997 8744 1199 3774 8933 1199 4479 8744 6743 8997 398 9349 9164 7100 2256 4243 3488 6920 6807 5948 2135 6807 3488 6091 4243 9687 2256 9164 6773 9349 8710 398
7 399 6456 4118 399 5531 9604 399
7 400 2942 3251 6261 2942 3174 400
31 401 9292 1099 5457 4939 9773 9990 1422 6025 4439 4941 3513 3234 7646 1530 8577 7330 4837 6273 7330 1530 3234 4941 6025 7388 1422 7130 9990 4939 1099 401
13 403 6832 8213 981 1450 8213 403 6687 8008 1526 6687 2117 403
46 404 1593 2161 2549 5747 8200 2258 8884 1380 9672 6906 7896 1190 2216 1852 9173 3100 5578 1853 594 3108 9886 594 5578 9173 2216 7896 4617 6906 2533 9672 8884 8095 2258 9813 8200 2549 7440 2161 1268 1593 1951 404 1116 6538 404
13 405 5695 7957 4446 3144 7957 8442 5695 7761 5382 9704 7761 405
31 407 7977 3176 4207 7977 7709 9557 9944 7017 5454 4395 2306 1614 581 9117 9067 3577 9866 6221 6750 9866 9067 581 1428 1614 884 2306 5454 9944 7709 407
13 409 5818 7950 409 3909 9875 3595 4662 5857 3595 3909 4420 409
4 410 6635 2437 410
40 412 2318 6823 2107 435 2600 7605 4067 5750 1595 4067 2640 7605 435 3780 2107 6611 6823 3911 2318 5863 3873 8845 8820 9329 770 4139 5087 510 5072 3397 510 4139 9329 1412 8820 2006 8845 5863 412
7 413 1949 2049 413 2800 3543 413
13 414 9392 1459 9801 4077 9198 2971 8315 3005 2971 4077 1459 414
82 415 6530 6765 5443 9275 5536 7619 2643 2967 9324 608 2658 5530 2726 6740 3242 1414 5447 1563 7839 4022 5002 4269 6830 1976 1658 4085 1976 4269 3150 5002 2229 4022 3753 7839 2369 1563 1669 5447 3242 6993 6740 8235 2726 2658 8643 608 2967 9233 2643 2092 7619 9275 4183 5443 6530 4279 6904 2990 5592 2353 538 9096 1379 1655 3623 4341 532 3623 1379 1639 9096 8182 538 9505 2353 6989 5592 3597 2990 4279 415
16 418 3118 1447 8929 566 2504 8929 7959 1447 418 9312 1321 4321 9312 5548 418
16 419 6214 926 1925 5935 7015 3636 7138 7416 7816 7138 7015 1925 8515 926 419
22 420 8881 8878 7935 5989 9295 1864 4770 6293 9417 4770 9295 3993 5989 3907 7935 8881 2419 420 5497 5495 420
13 422 7345 2031 5099 7790 2031 8193 7345 4408 2155 9692 4408 422
16 423 5643 8528 423 5422 5356 512 6593 1652 512 2868 5356 3697 5422 5557 423
7 425 4332 4501 4374 4332 9679 425
13 426 1504 5817 8257 9093 9140 4675 5045 9140 7976 9093 5817 426
13 428 3928 7652 5278 5567 7652 5547 3928 5618 428 9110 5727 428
4 429 3339 7378 429
19 430 8002 9775 979 9007 1077 1408 3357 4842 1117 4884 4842 7906 3357 1077 979 3931 9775 430
4 432 1488 3498 432
7 433 2966 8126 8570 2966 6795 433
13 434 915 3344 6497 4912 3344 434 1952 9656 1367 5782 9656 434
10 437 8261 2948 9598 5431 2948 437 2062 6921 437
19 438 7855 8723 3467 2148 8723 438 3563 6162 8251 9057 6965 3603 9057 4776 8251 3563 9832 438
10 439 4488 5231 2994 3542 5231 439 2619 9235 439
7 440 2608 4500 440 9183 1527 440
10 441 3617 6489 5010 5069 1282 5010 3617 5790 441
22 442 8413 5425 3778 9099 2237 450 2157 985 519 6137 3409 519 5913 985 2421 2157 2237 2324 9099 5425 442
34 443 1787 8658 6981 6452 4720 4311 4058 3652 7527 2071 8926 5104 2571 8926 7527 6542 3652 4311 2794 4720 4723 6452 9037 6981 1924 8658 6097 1787 5802 9272 8016 5802 443
19 447 9116 1253 4164 1700 8606 3026 1700 1253 447 2069 3554 1520 466 3470 1520 2069 523 447
16 453 2195 4802 8292 8957 4802 5256 2195 3967 3049 9321 9864 4427 9321 3967 453
13 455 1772 6924 6234 1767 8944 5522 1767 6924 5966 1772 3605 455
22 458 7462 5220 1292 5847 835 5556 3871 892 1963 5513 7647 1963 2091 892 3482 3871 1479 5556 5847 5220 458
7 459 6040 5196 5509 2911 5196 459
16 461 8896 3677 461 2464 1565 2944 1693 6862 7802 7036 6862 9953 1693 1565 461
55 464 7566 1417 9065 2809 6628 9525 9193 3801 7497 9108 1027 2818 3287 6241 9877 3043 8613 5436 7009 1978 6523 2620 1834 9860 9985 508 8628 9985 9708 9860 5651 1834 6523 4150 1978 5840 7009 8613 9877 3287 1027 7497 9193 9619 9525 5347 6628 6252 2809 1417 8167 7566 3663 464
16 465 9790 8748 9283 3237 4648 2903 4756 1354 7773 5666 1354 2903 3237 8748 465
7 466 8803 4178 3675 6670 4178 466
13 467 7346 4237 5887 7346 7498 9882 7886 2459 2034 7886 7498 467
25 468 4755 1938 1353 9397 2013 9905 887 9846 9905 9397 5335 1353 1543 1938 468 4097 652 6874 5345 9191 6874 1989 652 468
13 469 8900 7284 3140 6677 7284 8847 8900 713 469 1999 8169 469
10 470 5599 4201 3231 5599 7827 470 1071 8592 470
7 472 489 5805 472 5387 1635 472
31 473 4898 6613 8529 9025 2344 3403 4492 2344 4870 9025 6613 473 6951 2816 3532 8354 6946 9419 4826 3579 9458 4826 6946 5652 8354 2749 3532 6406 2816 473
7 474 6372 2706 4522 5470 2706 474
7 475 5114 7315 8281 5114 6509 475
37 476 5139 8696 9798 816 3443 1200 4934 5242 2629 7804 4575 1392 3818 2680 9976 1250 2680 2299 3818 1014 1392 2138 4575 3453 7804 5242 4600 4934 3443 6715 816 1646 9798 5139 1226 476
22 477 7554 1594 3899 9169 1594 1476 7554 7112 2603 1390 9428 6209 3309 612 6209 9901 9428 4415 1390 7112 477
13 479 4709 5207 5416 8356 5207 6799 4709 6883 6158 7484 6883 479
10 481 7655 9519 7953 934 9519 481 1097 7791 481
25 482 9033 3558 4399 3646 5839 9266 3824 8679 1022 4581 2888 7624 6369 2888 1022 3824 3687 9266 3646 6022 4399 9033 5355 482
31 483 831 5875 4877 5168 9842 2795 2689 3561 2795 5726 9842 4877 831 4865 7882 9013 8089 7379 9673 9881 1675 9183 9881 3929 9673 2842 7379 9013 4865 483
25 484 3539 9184 1451 6173 5728 9674 6962 7254 1318 7654 7254 6546 6962 5728 1451 3539 6144 484 4075 1020 5348 4075 2257 484
10 485 8875 5691 1942 8075 8401 1942 8875 5160 485
25 486 2594 9454 487 5088 6845 2634 4419 5815 4138 4419 6146 2634 5088 2926 487 2594 535 8367 9081 9292 8367 7237 535 486
10 490 2606 9859 7217 5864 4856 5601 5864 9859 490
46 491 8802 4112 7617 3253 4112 4158 8802 4005 491 1648 8436 7903 8007 6292 2817 3464 1430 2899 5942 5166 8498 2284 5066 7079 6793 7108 5904 6690 1637 5904 6793 6849 7079 8165 5066 2440 2284 5166 2899 3464 6292 7903 2553 8436 491
7 492 9180 6610 492 2964 7842 492
10 493 9358 9739 8611 9358 9770 5063 9553 9770 493
7 496 3233 6605 496 1441 4031 496
4 498 2563 9970 498
34 502 7739 719 7691 5861 9469 8954 3086 1464 5737 5844 6309 5737 4325 1464 8954 5861 7267 7691 1175 719 7152 7739 1529 2647 6108 2962 5161 3031 4913 5161 6108 1529 502
7 503 8219 3530 503 6610 3172 503
19 505 8288 4350 1121 1047 7135 8081 2155 7135 1121 8288 1724 5720 2030 6306 4313 2030 1724 505
10 506 4346 7831 8740 800 7831 6693 4346 6023 506
10 507 757 1494 507 928 2300 3579 8829 2300 507
13 509 6873 8934 5100 2585 7030 7512 9667 4251 7512 2585 8934 509
10 511 4247 1842 2175 9984 4245 4239 9984 1842 511
13 514 5822 9742 514 5761 7438 5569 944 687 3684 944 7438 514
10 516 9670 8814 2169 9670 7134 516 5641 9940 516
13 517 6788 8685 3942 3029 6358 578 3029 8174 3942 6683 8685 517
10 520 1892 8889 520 3922 5315 3904 3922 3052 520
37 521 795 4561 2906 3365 8441 7472 9281 8277 4264 8987 1075 670 5615 1738 7926 3630 1738 2167 5615 1075 4264 9281 8441 9903 3365 8004 2906 795 9924 521 6186 4775 2032 6186 9767 521
22 522 3840 4437 7803 3840 9981 9199 4039 4108 4071 7700 2472 6343 8959 8734 6343 3110 2472 4071 4039 9981 522
22 526 8427 5888 2266 1542 3854 2194 1544 2636 5789 7787 2636 2591 1544 3854 1507 1542 5888 5807 8427 8375 526
13 527 5643 9955 527 9761 2653 1793 7000 1908 7582 7000 2653 527
10 532 3782 3194 2471 2577 2796 6642 2577 3194 532
16 533 2100 9918 7968 704 6769 7196 4557 2657 7196 6064 6769 7968 6812 9918 533
10 534 3560 5391 1438 3560 1841 4141 760 1841 534
13 536 4063 1778 6172 5275 1778 7664 4063 1103 3627 6304 1103 536
10 537 2919 1381 7329 9410 1381 537 5387 3057 537
4 540 1492 9509 540
25 541 5266 7671 6579 5709 982 1650 1221 7852 1619 9489 3674 812 9589 3674 4838 9489 9531 1619 1221 7925 1650 5709 7671 541
10 543 764 8751 543 9758 9051 2250 9758 6068 543
4 545 4769 6396 545
19 546 4412 6911 3009 3643 5178 9318 9002 5616 1656 2527 5616 5936 9002 5178 2857 3643 6911 546
19 547 5189 6344 9896 2702 8267 9896 3246 6344 547 2725 8580 1373 1052 3802 6219 1052 8580 547
13 548 6012 3216 4458 3098 8873 4458 6012 8096 9652 7076 8096 548
7 549 3881 4491 549 3388 829 549
10 550 610 6673 1937 5992 6673 550 8842 1920 550
10 552 7797 4070 3762 7797 4263 2231 4813 4263 552
31 557 7774 1613 5271 7665 5268 7981 2707 4174 1489 1845 6901 1489 2707 5268 5271 8557 1613 557 6112 3727 561 5607 8434 4829 5607 3273 561 9954 3727 557
19 558 8939 2581 3712 1165 9855 3712 5417 2581 558 4069 8869 6263 6465 7190 6263 7718 8869 558
22 559 5740 8641 2713 5740 4438 7325 9075 5891 7362 1799 1079 4623 4449 1079 1224 1799 1902 7362 9075 4438 559
13 563 5298 3132 6216 5298 2664 563 5343 8584 4917 5534 8584 563
13 564 9790 3816 564 1481 6457 8853 2662 6457 4056 1481 5603 564
19 565 9409 8974 7929 1458 843 1066 2113 9355 5525 6787 9355 1066 7005 843 7929 1285 8974 565
16 567 5294 9704 4406 5294 2537 567 8229 8919 2432 5689 4919 2432 8229 5608 567
4 570 4804 2698 570
22 574 8383 3889 1325 5460 6562 2492 2426 8418 4396 7778 3831 2849 4557 3831 4396 2426 6562 7995 5460 3889 574
7 575 8774 7695 3937 8774 8249 575
7 577 1036 9073 3439 1036 9549 577
7 579 630 7729 8146 4011 7729 579
13 580 8397 5744 7352 7441 5744 580 9444 4336 2003 3207 4336 580
10 582 2909 6231 582 6584 8655 5959 2670 8655 582
4 583 9182 7283 583
10 584 4153 2033 584 2654 7401 8259 9426 7401 584
31 585 3008 1140 4322 2518 4021 9643 3507 3742 1578 3481 3742 5670 3507 7551 9643 2518 7541 4322 3008 5054 585 3732 2801 4621 3566 1492 4621 781 2801 585
13 586 4843 6598 586 1315 5197 4416 9301 9390 960 9301 5197 586
16 587 4921 4459 1943 8192 4551 1943 4921 9596 587 1735 5250 9638 9091 5250 587
22 590 9400 3356 3420 4391 4252 4746 8037 2330 4746 4391 8941 3420 8649 3356 590 5434 5734 4868 8210 5734 590
10 591 1092 4082 591 7452 8239 6948 1420 8239 591
16 592 742 2728 4062 7696 3826 9506 7385 3826 4062 742 9870 3803 6606 9870 592
22 595 5563 6930 2535 838 6930 595 9102 5380 4642 5157 2055 7094 8255 5753 7094 1147 2055 7667 5157 5380 595
10 596 8616 8003 5546 9748 3969 5546 4693 8003 596
13 598 4106 8607 2392 4106 2550 1081 802 6072 1081 8067 2550 598
22 600 8771 3642 8372 8759 1993 8372 8771 9735 4743 1019 4548 8833 2701 3666 7277 2701 4548 9658 1019 9735 600
16 601 1493 5223 7780 1188 5223 9053 1493 9684 601 859 5000 3997 1868 5000 601
7 602 4835 3720 4927 6777 3720 602
43 603 7910 1752 3608 6752 1638 3137 6752 1752 8681 7910 8831 603 9529 9348 4489 9797 9372 8183 6294 2673 2968 8391 1375 2968 6480 2673 7092 6294 9537 8183 9565 9372 3310 9797 8346 4489 6655 9348 4587 9529 605 603
7 604 3744 2699 604 5262 2909 604
37 607 2065 5834 2288 1178 5336 3859 4913 5336 2288 2065 6095 607 8212 4196 869 5520 8983 1056 6200 2544 2723 5410 7964 1262 5410 1919 2723 4130 2544 2822 6200 8983 869 8212 6074 607
7 609 3526 3040 2448 2713 3040 609
31 611 3408 3943 611 2311 6623 5474 7550 3506 1867 8204 3454 2945 7858 7273 1636 7065 4822 1722 7065 7273 8468 7858 3454 2163 8204 3506 907 7550 6623 611
13 612 5637 6786 8653 6814 6044 5800 6814 8858 8653 2783 6786 612
16 613 6248 8225 9999 1731 7730 7989 5517 5696 7989 3975 7730 7937 1731 8225 613
16 616 6528 3708 7043 4601 5991 4032 9192 5991 7043 2126 3708 7051 6528 2241 616
22 618 2512 8457 5217 3312 2561 5217 2512 7365 7760 1169 9544 3713 7347 6990 914 7347 9544 7156 1169 7365 618
10 619 9597 1861 619 4221 3102 4739 5359 3102 619
25 620 1048 4115 1797 5870 1539 6703 3270 1508 6703 3952 1539 1500 5870 9253 1797 1048 8282 5754 7563 3639 7687 7563 8282 620
19 621 1790 8789 7155 1946 4766 7155 3032 8789 6987 1790 6276 621 8981 6050 2999 5110 6050 621
7 622 5640 2226 6707 5640 3683 622
4 623 4168 7430 623
7 625 9572 931 3589 8303 931 625
16 626 2705 9230 3917 6236 7093 8968 9499 4707 6377 7904 4707 8968 6236 9230 626
22 627 3998 9950 801 6081 4424 7050 7914 9780 2393 9132 755 1581 9132 9780 7050 6081 9950 1501 3998 5471 627
28 629 8178 4137 9741 7269 4765 4280 5258 6187 7180 7648 8221 2592 4267 8952 2592 7648 6328 7180 5258 5519 4280 7269 6746 9741 1072 4137 629
10 630 1400 8644 5169 2120 1713 5169 1400 1531 630
7 631 9880 4623 5236 9880 3290 631
10 632 5011 5815 632 3208 1511 7812 8126 1511 632
19 633 3282 5638 4537 5154 8703 3749 1822 7698 6601 1822 9763 3749 1585 8703 4537 3149 5638 633
7 634 1059 2051 5158 6251 2051 634
22 635 7332 7963 762 7332 5125 9803 4654 2771 2026 8417 7058 9772 1127 9996 9772 8417 7303 2026 4654 5125 635
7 637 1615 4129 637 3000 8902 637
13 639 877 5314 9165 7838 7531 9165 877 8062 2345 3345 8062 639
10 640 4748 6663 640 9018 2869 6405 9018 8594 640
10 641 1612 4907 7598 6888 4907 6671 1612 4482 641
16 648 2509 9286 1264 4168 9286 648 2941 7856 8223 2373 7314 8223 902 7856 648
4 650 5664 6498 650
13 653 6518 1311 653 7404 7182 9600 7533 4009 4210 7533 7182 653
7 655 2407 8607 655 5713 4195 655
22 658 8887 6779 5836 8887 2506 959 7158 4422 3893 8838 2861 3893 4204 4422 6922 7158 2029 959 1711 2506 658
4 659 7952 7744 659
16 661 4148 6049 8669 4148 683 986 3079 3976 711 7126 9012 711 3079 683 661
40 662 5829 2015 8315 5829 4224 6872 3085 3596 5866 8786 6042 9170 9728 4151 7637 8388 5193 2404 2874 7103 5886 5843 7103 7081 2874 5193 7082 8388 7282 7637 9728 6042 9388 8786 3596 6872 3077 4224 662
28 664 6672 5252 2665 9378 6459 4040 4928 3329 7253 1440 5823 7253 7075 3329 7847 4928 6459 2665 7124 5252 664 3395 9150 2750 3395 4780 664
10 667 2615 8040 667 5303 811 7841 887 811 667
7 668 9070 1496 5109 9070 4032 668
16 669 1350 9788 3080 8573 865 1222 3156 865 3080 5581 9788 6970 1350 3604 669
19 671 4324 4786 7106 8332 6412 7798 768 6660 1949 768 9152 7798 5976 6412 7106 4324 3810 671
13 672 2988 8236 2059 8888 3717 2371 2744 3717 9766 8888 8236 672
4 673 5985 8740 673
7 674 7578 8505 7996 7578 2322 674
13 675 7040 7359 885 6054 2524 885 7040 9552 9146 8905 9552 675
13 676 4556 935 676 9020 1150 2276 4467 1150 6678 9020 5854 676
4 678 8273 9148 678
25 679 4570 9107 8149 3905 9305 8149 4964 9107 1685 4570 7930 3599 4604 4560 9274 5082 7577 9112 5082 4560 3599 9056 7930 679
10 680 4495 1929 680 5199 5182 3017 5199 1875 680
19 681 4370 923 4222 814 3413 4222 2337 923 681 1104 7572 1148 9027 3251 1148 7057 7572 681
10 686 6478 939 6350 6478 9718 3537 3641 9718 686
10 689 5167 1054 4433 5167 3053 689 7951 7160 689
4 694 7120 6300 694
7 696 7295 7032 7411 7295 6631 696
4 697 9879 2050 697
13 700 6477 4116 4331 6477 7480 700 793 9520 3914 5925 9520 700
13 701 6520 7574 7045 6520 5504 701 8975 8492 7149 8975 4750 701
4 703 8811 4512 703
28 707 9371 7640 3692 3479 4761 8300 3229 9906 8978 8429 9906 8092 3229 4761 3692 4572 7640 4057 9371 3245 707 4351 4002 5708 4351 5354 707
10 709 4387 1844 1333 7819 1844 709 8439 4828 709
22 710 9012 1425 4142 9260 6166 2763 9399 7861 8476 3472 4476 4292 3472 9421 8476 3222 7861 2763 9260 1425 710
10 712 5120 740 4833 5120 7692 7660 6735 7692 712
13 715 3518 2651 3894 4825 1575 3894 3518 9701 715 2876 999 715
10 717 2099 5493 2141 3168 3511 8790 3168 5493 717
4 718 4804 9279 718
19 720 5646 6242 8523 7068 5404 6928 7068 7594 8523 5646 5671 6272 6892 4753 3457 6892 5671 720
7 721 2020 2358 721 4461 9366 721
7 722 6998 2997 722 1367 849 722
7 724 2715 1660 8765 2715 5305 724
10 725 8144 3288 1998 7738 3288 725 7731 1211 725
7 729 820 2291 5954 2428 2291 729
13 733 1562 3892 7765 3166 3996 8143 9597 3996 7908 3166 3892 733
7 734 4129 9151 6462 8074 9151 734
4 736 9078 3771 736
4 737 6418 6447 737
34 739 9719 1885 9744 9464 1244 3611 4593 7508 3158 4625 9146 8050 4625 7508 3611 9464 7487 9744 7923 1885 7854 9719 9613 8195 9618 6432 2023 9389 8947 2023 9618 9613 739
7 741 7549 1227 1310 7549 9527 741
10 744 6873 5156 744 9682 8307 2521 3132 8307 744
4 745 7712 7629 745
7 746 2411 8208 7061 6240 8208 746
7 748 6323 5965 6950 8485 5965 748
7 750 8883 9452 750 8527 9655 750
25 752 5177 1181 2451 6887 3104 2508 8291 3862 3764 2268 9688 2198 2268 2149 3764 8291 6330 2508 7231 3104 2451 5177 4028 752
16 754 9207 7221 9695 9207 6504 754 817 7515 2263 1330 5170 2125 1330 7515 754
13 756 4003 5312 9541 8279 8548 9541 4003 4974 6860 7448 4974 756
22 759 3374 6608 5188 9898 8846 9606 9898 6608 759 4683 8864 2005 5321 6139 8305 5321 7555 2005 9263 8864 759
7 761 8054 1246 761 8600 5804 761
10 762 3219 3165 1996 8958 9831 1996 9620 3165 762
4 764 6316 784 764
13 766 4233 8422 3285 2359 8422 7792 4233 8782 5865 9828 8782 766
7 767 930 4135 767 7542 8146 767
16 772 3400 1541 772 1232 4209 3302 3157 8865 5490 6127 8865 3302 3055 4209 772
49 774 1287 2416 7962 9757 4182 6018 6804 1418 9429 9370 2632 2262 8269 9237 9649 6151 9071 4529 7557 2372 3650 1132 2372 4529 3719 9071 908 6151 6949 9649 1289 9237 7409 8269 2632 9429 6804 4182 2164 9757 2416 5147 1287 8642 3842 5384 8642 774
7 775 4417 8575 8949 4417 5324 775
4 776 9229 4390 776
28 777 1257 8590 4597 2828 1119 8916 1327 3549 7115 2685 2415 5781 8848 3326 3858 7681 1323 3858 8848 2415 7115 1327 6748 8916 2828 8590 777
31 780 4315 4355 8019 4152 3841 5698 3254 3147 5698 6947 3841 1460 4152 4355 780 9887 2921 4932 5101 5673 3946 8101 5673 1769 5101 4454 4932 830 2921 780
22 785 5833 1886 6179 4682 862 2943 838 862 6676 4682 1886 5952 5833 5868 9043 4208 2045 9043 7164 5868 785
13 789 8517 7408 789 8897 2084 5046 5269 2084 7013 8897 2233 789
13 790 7154 8530 790 4735 2146 3808 1967 8219 3808 4735 8761 790
7 792 9603 2037 2660 9603 2750 792
7 797 4043 6437 797 3179 8094 797
19 799 3359 2341 799 2863 4991 4533 7442 9039 2177 7216 2747 2177 7442 3175 4533 2863 2052 799
16 802 6289 3693 9380 2505 3709 6447 874 3709 9380 6644 3693 5661 6289 3466 802
13 804 3779 9345 9554 1469 9345 8550 3779 7354 7122 8512 7354 804
34 805 1661 7749 6620 8619 1051 5006 1034 4149 5281 6270 2486 5281 1034 9415 5006 3848 1051 6620 2546 7749 6110 1661 3367 4083 6963 9823 3580 6963 3501 4083 4162 3367 805
7 806 8883 9680 7574 5079 9680 806
16 807 8481 7405 1213 8481 4879 4966 6995 3330 9267 9969 3330 5732 6995 4879 807
10 808 2522 8633 808 5752 7450 5725 5752 7387 808
31 810 6658 9503 810 1429 1193 1549 8226 8892 9874 1435 3331 5235 8972 5228 1399 4275 5228 5235 1789 3331 9874 3025 8892 6587 8226 1193 3844 1429 4616 810
16 819 1791 7118 1854 9495 9696 8838 9495 5622 1854 1791 9617 819 7144 9040 819
10 821 8137 9611 4042 8137 9826 6536 6894 9826 821
7 822 8134 1205 7034 3921 1205 822
7 823 8728 2261 823 6256 1008 823
10 824 8349 2606 8308 8349 3071 6016 2596 3071 824
13 825 2336 4366 1697 2336 2119 3293 6979 8055 3293 6665 2119 825
16 826 9089 7799 3923 1714 8966 7656 1714 7799 1616 9089 9420 1915 5623 9420 826
22 833 2823 4012 3438 8652 3282 8818 8652 9217 3438 2823 7324 8188 1623 3805 8265 1462 5386 8265 1623 7324 833
28 836 4717 2325 905 942 9136 5773 7544 9136 7832 942 6500 905 4497 2325 836 3491 3450 6581 9588 7822 4094 7837 7822 6581 3491 5257 836
25 837 4897 2703 9243 7289 6971 1848 4830 7620 8921 4830 6971 1245 7289 7248 9243 4897 2427 837 3979 8254 4748 3979 3886 837
10 839 5332 4809 3372 5332 6484 839 9733 4729 839
4 841 9879 4161 841
10 848 9245 7072 8185 2037 7072 848 8745 8746 848
13 850 9092 2321 3084 2148 8341 3084 9092 8083 6820 7042 8083 850
13 853 3637 6808 5333 3637 9840 853 3280 7176 6697 3280 4487 853
31 857 5962 8749 4030 2613 5627 9155 6934 965 6596 2924 8313 5339 2924 965 2987 6934 7658 9155 2613 8749 8326 5962 6476 9915 3777 3319 5366 3777 6476 857
10 860 7226 2695 6340 6329 7773 6340 2388 2695 860
7 861 9461 8985 8973 9461 1732 861
4 864 6065 9640 864
10 870 9602 6418 4256 9602 9760 870 5529 8008 870
13 872 8715 8112 3494 2485 3046 3494 8715 8115 1726 2710 8115 872
10 876 3404 7001 7236 7419 7001 7393 3404 3589 876
4 878 2579 7327 878
19 880 2271 4558 5132 4059 4764 1589 6602 1687 7728 9651 7163 7728 6602 4764 5132 2271 1658 880
7 881 5835 1820 881 7300 6083 881
4 882 2856 5668 882
7 883 9539 9297 4295 9539 9261 883
10 886 4667 5724 886 8455 8222 7166 2679 8222 886
7 888 1127 9592 5396 3191 9592 888
16 889 4688 5204 2490 5326 5005 2574 6083 5005 2490 963 5204 8572 4688 5384 889
7 893 9727 1340 1630 9727 7430 893
16 894 6010 9793 9521 4421 9827 1384 7218 6227 1384 3015 9827 9521 6010 3148 894
7 895 2207 8253 895 9512 3724 895
25 896 8462 8119 7901 8111 4887 6516 2089 2483 7018 7704 6094 5364 2074 6094 7018 1038 2483 6516 7127 4887 8542 8111 8119 896
28 897 9095 5994 4759 7290 8857 9211 6067 1145 5502 3800 8726 9865 9365 3262 9131 9365 7913 9865 3800 1145 9211 7290 5994 897 1653 2039 897
19 898 8758 4559 1010 8618 4967 1010 8368 4559 898 9224 3036 7756 7351 3036 5951 9224 2442 898
7 899 3248 6490 899 5202 989 899
7 900 8627 4398 900 3663 9526 900
10 901 2938 2860 4120 1638 2860 901 6073 6544 901
13 906 5938 1883 2700 8638 1883 906 4781 7356 1448 4781 1395 906
16 910 6580 2317 7384 3272 4485 9145 3555 4485 3284 3272 2317 910 3605 3153 910
4 913 7154 7035 913
34 917 8812 2235 3180 9791 1983 1095 7125 4375 2519 6876 8176 3856 3327 7638 6176 5308 8826 6176 4563 7638 7975 3327 8176 7167 6876 8832 2519 7125 1983 3180 8812 7277 917
19 919 4698 5742 3772 3520 2514 3415 3520 4757 3772 4698 2313 919 9258 8207 3723 9258 9208 919
7 920 3228 5206 5642 3228 8419 920
43 922 3186 4041 3375 4010 9187 5353 8742 1843 9960 7528 1843 5353 7820 9187 2844 4010 4041 922 9351 2625 4944 7674 4050 9963 3863 4790 2765 2475 1780 2765 5990 4790 6148 3863 4050 3913 7674 2625 8625 9351 1812 922
13 924 9456 5685 6952 6205 9252 3117 6205 1267 6952 991 5685 924
4 930 1929 3925 930
4 933 7628 5535 933
13 938 3541 3394 1785 3541 9488 1801 9291 975 7364 9291 9488 938
4 939 1937 3517 939
7 940 8588 1744 1382 8588 4201 940
10 943 7294 4242 943 1157 5153 7662 1157 3038 943
13 945 2456 2073 7809 2456 5133 945 6662 8561 8717 1879 8561 945
22 949 5543 8059 9465 5543 2674 2717 1816 9194 4754 9835 5218 5759 6196 6751 4694 6196 5218 4754 1816 2674 949
16 951 7102 6831 2166 7420 6831 951 4851 6914 2669 3534 1839 7491 3534 6914 951
19 953 1818 9722 9570 6529 6524 9570 7245 9722 953 6996 5094 5755 1388 3139 5755 6996 5597 953
13 954 6889 1136 4630 5441 8882 6313 7912 8882 4630 4276 1136 954
7 956 6491 9226 8909 2154 9226 956
7 958 2866 3099 8287 9249 3099 958
16 961 3875 3094 5030 3875 8133 961 3241 9118 7151 7892 1358 6133 7892 9118 961
7 967 3362 1393 1516 2618 1393 967
13 968 4905 8768 6616 4905 3938 1149 5065 3435 1352 5065 3938 968
19 969 1748 8938 6669 8867 9995 1302 3094 9995 7883 8867 6736 6669 1748 6310 9235 7478 6310 969
43 972 2334 1164 5473 1279 1707 5825 3540 8823 5719 9958 7090 8403 8859 8474 4240 6856 8474 8403 9958 1277 5719 1234 8823 4132 3540 1707 5473 2334 5249 972 2333 5885 4202 6351 6363 2225 6351 6442 4202 1534 5885 972
7 973 4539 1753 973 5708 6554 973
10 974 8106 2239 5905 8898 6286 8671 8898 2239 974
16 977 3765 6867 2168 3765 8105 2249 3145 1629 7919 3145 2383 2249 3264 8105 977
16 980 8130 6185 3050 6243 6233 5118 3171 6233 3050 8130 3787 1725 4778 3787 980
7 981 5972 7965 5467 3798 7965 981
16 992 4296 7020 9017 5580 1601 7806 1153 7123 7806 3503 1601 6583 5580 7020 992
7 994 4436 2400 8639 4436 6921 994
16 995 9478 8525 2686 6274 4891 2686 4820 8525 995 9340 4547 1990 9340 2213 995
16 996 9937 2646 1078 3972 6353 9908 1683 6248 9908 3972 4435 1078 8399 2646 996
16 998 2806 2245 6318 2806 5769 2736 7443 5143 7307 2359 5143 2736 2905 5769 998
4 999 5876 5033 999
16 1000 2389 1326 1525 2389 6107 7366 7960 5318 7961 1394 6397 7961 7960 6107 1000
19 1001 1144 3381 2764 4989 2718 2764 1144 2934 2792 9060 3869 3974 8790 3869 2792 5669 2934 1001
19 1011 2920 6837 7097 3083 1950 2200 9831 2655 2200 3354 1950 7097 2920 6960 6303 8358 6960 1011
10 1012 7987 9714 6338 2275 3905 6338 4017 9714 1012
10 1013 6267 7581 1013 8465 2552 2076 4268 2552 1013
10 1015 7169 6571 9000 7169 3379 3396 3383 3379 1015
16 1020 9586 4326 7039 7535 8816 7280 6959 6582 7280 7535 9005 7039 6555 4326 1020
13 1023 7003 9700 1041 7597 8294 1176 7597 5706 1041 5319 9700 1023
22 1024 6454 6761 6735 3982 6761 1024 3785 1101 1560 4339 1122 6230 7787 1122 1560 9486 1101 3335 3785 2346 1024
13 1026 7340 7900 1359 9212 8546 1359 1266 7900 1026 8942 7868 1026
7 1028 4745 7416 7402 4745 5628 1028
4 1030 4911 9423 1030
10 1031 4303 5316 9664 6240 5316 1031 5684 6716 1031
22 1032 1641 4186 1736 3480 4186 8057 1641 4808 9919 9362 2293 8205 8151 5574 8205 1061 2293 9919 7862 4808 1032
7 1042 2697 3162 2248 2697 4197 1042
16 1045 2211 8110 7928 8258 1407 9359 8258 8110 1045 5852 7584 6569 6278 7584 1045
4 1046 1980 4733 1046
10 1050 4386 3307 1391 1779 7732 1391 8593 3307 1050
13 1054 3227 7589 4718 8783 6768 6685 8783 4169 4718 1471 7589 1054
4 1059 1622 1814 1059
22 1060 3670 7994 9451 8316 9257 2041 4431 9346 8773 3406 4187 2866 4672 4187 8773 4431 9257 4413 8316 7994 1060
13 1062 8460 5788 1062 7010 6566 8240 2786 4530 8240 7010 1665 1062
10 1063 3756 5018 9028 5357 5018 1063 8196 8527 1063
4 1067 8925 7116 1067
7 1069 3857 7503 1069 9939 9502 1069
10 1071 6619 1784 8689 8333 6717 8689 7479 1784 1071
10 1074 6437 1695 1074 3136 9532 7448 4646 9532 1074
4 1076 8741 8645 1076
10 1082 8304 6729 5582 6296 2251 5582 7552 6729 1082
10 1083 7737 2559 5632 7737 6051 7720 4615 6051 1083
7 1085 8450 9337 9350 3657 9337 1085
7 1086 6510 2277 3224 8075 2277 1086
7 1089 9551 7924 9412 2452 7924 1089
22 1091 3169 3334 3750 3169 8107 1091 7306 9967 6547 5071 5916 4095 8563 8632 4095 5071 4689 6547 7306 4713 1091
13 1093 6625 8502 3971 3619 4184 2287 4636 4184 5792 3619 8502 1093
31 1096 1591 2758 3703 8371 3989 3187 2773 5953 3402 3376 4357 1671 5775 7458 2224 5775 4357 6163 3376 4544 3402 8214 5953 3187 8371 2758 1096 3161 1332 1096
4 1097 2608 3426 1097
10 1098 3876 5655 9558 8393 5655 1098 1756 3651 1098
7 1100 7264 5162 9654 7264 3744 1100
25 1107 6031 5956 2562 4744 8808 1364 3553 9941 2854 8601 5893 4591 1934 9991 4591 8601 9941 1364 4744 5956 1107 8447 9063 1107
10 1108 4893 8136 4506 2473 8136 1108 1117 9490 1108
13 1110 1559 8970 4228 1559 6312 1110 4213 3951 1468 3681 3951 1110
7 1111 8909 3609 1111 5797 4618 1111
19 1113 6482 9246 7203 9587 9246 1113 6647 7117 6084 6661 1382 6084 8519 7117 2724 6647 7335 1113
16 1115 6763 6371 9341 3810 6371 1351 6763 9103 5309 3350 6557 5309 2871 9103 1115
4 1118 5044 3018 1118
10 1123 9402 4906 7608 6820 4906 1123 6158 6389 1123
16 1125 9483 2633 6215 9483 5183 1125 2098 2973 4535 8163 3082 4535 2098 5944 1125
10 1128 1719 4811 1128 1437 6556 7752 3655 6556 1128
16 1129 2756 6086 7499 5872 3790 8064 5718 5383 6101 5718 3199 8064 5872 6086 1129
31 1131 6599 1688 3691 9377 8234 1907 2439 8234 3691 6599 7944 1131 1599 3465 2712 4503 1771 5073 5078 1566 6604 5162 1566 2951 5078 3442 5073 4503 3465 1131
7 1137 9073 9353 3621 4955 9353 1137
19 1139 4234 9594 1741 6875 9594 1139 2650 3250 2417 7091 4712 5182 3759 4712 6774 7091 3250 1139
13 1141 6287 5748 5412 5911 5748 1141 6030 5565 7410 3170 5565 1141
10 1143 5488 1788 9398 4185 7776 9398 1679 1788 1143
4 1146 5765 8042 1146
13 1153 2331 6474 5388 2545 2153 2500 4903 2153 5388 3423 6474 1153
10 1155 9408 8374 8520 1295 1419 2066 1295 8374 1155
4 1156 3349 2683 1156
25 1158 7165 1874 4954 9712 8634 6797 5432 9869 7194 8402 1436 3414 5053 1436 6414 8402 9869 6797 9712 1874 1158 4520 9702 1158
4 1159 6548 5111 1159
4 1161 1449 4596 1161
19 1162 2343 5678 1162 8951 9771 9711 5940 5026 2444 4472 2465 2444 5940 9771 1742 8951 4841 1162
4 1165 5127 4571 1165
7 1168 5799 6501 5016 5799 6548 1168
13 1172 9047 6407 6968 8747 2886 6965 8747 9878 6968 6374 6407 1172
13 1173 9038 9694 3151 1415 7338 6224 9657 7338 8672 1415 9694 1173
31 1174 9626 9515 5491 1792 9361 1982 5745 4302 7148 5745 9361 5491 7740 9515 1944 9626 6284 1174 8610 1179 8675 4299 8097 5969 5060 4550 5969 4299 1179 1174
16 1180 3990 8482 3368 8895 2254 6816 8895 9222 3368 3990 3096 1180 7845 4753 1180
16 1182 8906 5586 3305 3804 3686 5983 3804 5586 6194 8906 5042 4568 3108 5042 1182
16 1183 5656 8923 5001 8894 7829 9188 8894 8283 5001 6359 8923 8211 5656 3773 1183
19 1189 7464 4703 1189 5901 5786 3916 6131 9058 1495 9891 9873 7509 9891 5626 1495 6131 5786 1189
10 1192 3223 2374 7305 3223 6429 2406 2498 6429 1192
10 1195 7024 2757 5594 6792 2757 1195 3200 3400 1195
25 1196 3829 2497 4265 9354 9333 4265 9725 2497 8386 3829 8824 4940 5501 4014 2978 6980 4237 7864 6980 6314 2978 5501 8824 1196
25 1198 6400 1992 9625 6539 2110 3159 1567 3221 3159 6539 1992 8551 6400 9876 8339 1355 7047 2289 2543 7615 2289 1355 9876 1198
7 1201 6239 8752 3201 5015 8752 1201
13 1203 4128 3895 8445 8058 3346 5505 8058 9373 8445 4440 3895 1203
7 1204 6565 8178 1204 4506 3635 1204
4 1208 1939 2543 1208
25 1212 2101 2935 3260 2101 2205 6900 1914 9938 6961 5029 6461 4410 2793 6573 4410 5029 2072 6961 1914 3572 6900 4092 2205 1212
10 1214 5707 1741 1214 9123 4382 9223 9123 2183 1214
25 1216 8390 4045 4602 5344 3456 1777 3292 1553 9422 1254 4117 3301 3836 1496 3301 1254 1553 5851 3292 3456 4602 8390 3152 1216
22 1217 2215 2384 5767 2215 8298 1217 9221 7766 1486 3073 1935 4701 5399 4157 5259 5399 1935 1486 4567 7766 1217
10 1225 9872 7288 9633 2558 7098 8431 2558 7288 1225
10 1226 8667 9482 6190 7513 9482 7456 8667 7745 1226
4 1227 3345 8099 1227
13 1228 7592 5368 9273 7547 2709 9080 7547 5368 1228 7425 9738 1228
4 1229 8821 1438 1229
19 1230 2867 9932 9743 6109 2605 7850 5860 4809 1855 5860 8266 7850 2111 2605 9743 5679 9932 1230
13 1231 3835 6089 1487 7432 5511 4491 6147 5511 1487 6220 6089 1231
25 1241 6541 2188 5342 2808 9082 5342 9172 2188 4783 6541 4836 8117 3114 7565 4619 7641 4474 5632 7641 7565 1596 3114 4836 1241
10 1243 8030 8029 2964 8030 9477 1243 1403 7871 1243
13 1247 4821 5121 6169 9024 4247 8695 9024 5121 3433 4821 3865 1247
13 1248 2852 5576 8755 8877 6142 2688 8877 5576 1248 1644 8691 1248
19 1249 4641 7286 4584 6532 4742 2082 3618 8053 2082 6532 7286 1249 6092 9427 7634 4229 9427 1249
7 1250 3718 5785 8082 2135 5785 1250
10 1252 2999 5105 1252 8804 1913 1884 5819 1913 1252
7 1256 1457 6664 2898 1457 8772 1256
7 1257 3021 3667 6468 7139 3667 1257
4 1261 4509 6701 1261
4 1262 9220 1557 1262
7 1263 8002 6229 9829 4639 6229 1263
13 1270 8495 9119 4052 7726 7983 7661 7726 9119 4789 8495 2100 1270
4 1272 4736 6758 1272
10 1273 4603 9671 2740 7522 4018 2740 4338 9671 1273
10 1274 4555 6488 1274 7517 8453 8763 4319 8453 1274
19 1275 2418 9189 4681 6277 9189 4405 2418 5438 1275 7331 2582 6140 7561 5824 6140 7331 3715 1275
13 1278 4340 2399 6156 4340 3451 4285 3815 5746 4285 8565 3451 1278
16 1280 1682 3514 8778 8722 6184 9970 8722 3514 6884 1682 6003 4494 1779 6003 1280
10 1283 6423 2734 1498 6982 2734 3832 6423 1494 1283
22 1288 2481 4659 3484 4306 3924 8693 1710 8153 8693 6999 3924 3484 2481 5379 2004 5512 6941 2627 5512 5379 1288
10 1290 8344 7587 4231 7471 6640 4231 3358 7587 1290
7 1293 9956 7520 2223 5070 7520 1293
10 1294 7435 2565 7186 7521 4074 7186 6675 2565 1294
25 1296 4638 6024 5221 4098 7680 1600 4695 7222 9885 1363 5424 9885 4695 7680 5221 4638 4704 5741 3198 9284 8546 3198 4704 1296
13 1298 5993 9781 7954 5286 6239 7954 5993 4502 1298 1817 8677 1298
16 1299 7382 2601 3006 2446 7224 4815 5505 7224 4613 2446 5958 3006 4962 2601 1299
10 1301 7055 3352 1920 7055 4255 1301 4914 4141 1301
7 1304 2077 1314 8730 7893 1314 1304
16 1305 2171 8456 3196 2455 4946 3196 6939 8456 3126 2171 4959 2663 4171 4959 1305
7 1306 4223 1368 1306 8762 1344 1306
28 1308 9691 8444 8113 9500 6326 9607 1528 2820 8317 2290 2820 9607 9500 8444 1833 9691 4937 1308 7147 1667 6232 5385 5892 6232 7147 3961 1308
4 1313 3382 3944 1313
13 1317 2083 9749 3508 3968 4784 2122 3968 9749 3738 2083 3542 1317
4 1321 2998 5667 1321
4 1326 3645 4657 1326
4 1333 6028 5725 1333
7 1334 3647 2411 1334 2504 8497 1334
7 1336 9408 8147 1336 8237 4317 1336
4 1337 1394 4629 1337
10 1343 9288 4250 9120 8070 4250 1343 2836 6281 1343
4 1346 7122 2827 1346
4 1352 1889 8814 1352
16 1360 4855 8541 7668 6177 8541 5715 4855 1832 1360 2989 4194 1896 2989 5702 1360
16 1362 4624 7507 2280 7132 7223 6782 7132 7507 1362 2767 2824 3090 6300 2824 1362
16 1368 7980 4714 9752 5076 9135 6069 8870 3547 6069 6189 9135 5545 5076 4714 1368
13 1369 8376 3471 8385 4650 8306 8385 2730 3471 1369 8811 9268 1369
13 1374 2982 2061 5908 7105 2061 1374 2014 5482 6363 2014 9277 1374
16 1378 1972 5060 1378 3473 6206 4700 4403 4284 8901 4403 4562 4700 1718 6206 1378
10 1388 4545 9179 2187 5265 9179 2420 4545 6609 1388
13 1389 7458 5596 1389 5910 7631 4016 8134 5418 4016 1975 7631 1389
7 1397 4628 1773 1899 4298 1773 1397
13 1398 7599 4938 8931 3447 4314 7788 6428 8638 7788 3447 4938 1398
22 1401 5841 7504 1964 9912 1499 6557 9912 7504 7240 5841 3469 1401 6857 2840 7993 3244 6918 7993 6180 2840 1401
10 1402 9111 1602 3129 9201 2704 8047 9201 1602 1402
28 1406 2496 2839 1597 6125 5768 2831 9968 5768 5682 6125 3177 1597 2496 3673 6559 5475 2314 1727 7064 6838 1727 5475 9732 6559 6357 3673 1406
10 1407 6764 6380 4716 5187 9161 4716 9127 6380 1407
25 1413 8140 9566 5717 2894 2616 5717 8140 4594 8724 1870 2140 6120 7263 3956 6824 9779 3956 3304 7263 2140 8724 2493 4594 1413
13 1416 2693 2272 8431 2693 4763 2766 4219 5016 9416 4219 4763 1416
16 1433 9296 9304 5895 2387 4984 3522 2150 5721 3522 1997 4984 5895 9296 9367 1433
7 1440 4432 7769 6585 4432 3775 1440
4 1441 8321 8772 1441
13 1442 8324 9927 4101 3743 9927 1442 2106 4287 4084 2106 4553 1442
7 1452 1757 2692 1452 7230 4817 1452
7 1463 3593 1849 9090 1610 1849 1463
13 1465 1998 5200 1465 6195 5907 8272 9657 5907 6910 6195 3699 1465
28 1467 1876 6756 8621 6854 2563 8621 1876 2782 4577 4055 8148 5487 6409 4665 9833 8779 1962 8014 5366 1962 9833 4610 4665 5487 4055 2782 1467
7 1468 5680 8776 3747 9487 8776 1468
22 1474 2178 6514 2039 3897 6514 2255 2178 7261 9709 4510 7626 3210 3133 6316 3210 8678 7626 9445 4510 7261 1474
13 1475 6061 1704 1483 6061 2597 1475 2711 9902 7838 6379 9902 1475
7 1477 3332 8076 9022 8314 8076 1477
16 1478 8330 8927 6431 6207 9577 3081 6308 9554 9911 6308 9577 7463 6207 8927 1478
16 1490 7337 2959 4918 8443 2285 6048 8443 2599 4918 4034 2959 1490 8623 9069 1490
7 1491 3919 6780 7678 3919 9383 1491
4 1497 5232 4732 1497
4 1503 4554 9786 1503
7 1506 1523 5837 7221 1523 8162 1506
4 1508 2615 8522 1508
10 1512 7613 7611 6998 7613 8472 2529 8683 8472 1512
10 1515 4456 8366 2385 8263 8366 7510 4456 8524 1515
19 1517 5092 3283 8409 5092 5542 2742 7813 9493 6362 5003 3640 3295 5003 9493 9166 7813 5542 1517
10 1522 5040 8534 2494 2056 4650 2494 9516 8534 1522
10 1524 3888 1677 1524 7291 3449 6320 7783 3449 1524
7 1533 3809 3519 8684 3809 6551 1533
19 1550 7192 5713 1550 3614 7911 7336 6975 9868 3333 2539 9868 2124 6975 2474 7336 3614 4025 1550
13 1554 4924 9213 8913 8899 4257 9856 8899 9213 6704 4924 7283 1554
10 1555 5128 4079 1555 9730 5021 7618 9730 4773 1555
4 1556 8311 7859 1556
19 1575 9676 8637 5213 4573 3160 8885 5537 9322 7524 4308 5844 7524 5537 3160 4661 4573 8637 1575
10 1579 9615 1757 4670 9615 1606 1579 3803 5322 1579
22 1582 4380 8861 5739 8721 5988 8323 5421 6730 8323 4852 5988 2635 8721 8861 7246 4380 6545 5960 3072 6545 1582
10 1583 9143 6512 6495 1628 3900 6062 1628 6512 1583
4 1584 5686 4463 1584
13 1588 7546 5449 1588 3726 2424 4721 2347 5760 2869 2347 2424 1588
10 1595 2395 2607 8862 8141 2607 3291 2395 9473 1595
4 1598 3000 6888 1598
4 1605 6070 7054 1605
4 1608 2399 7465 1608
13 1609 4947 5922 2189 5104 5984 2189 3918 5922 1609 1745 9276 1609
10 1620 8539 6111 9163 3598 2218 9163 8539 4515 1620
10 1621 8250 1697 1621 7596 4950 2431 7596 2159 1621
4 1622 9748 4404 1622
19 1624 5172 1987 8714 9497 7255 5214 5337 7522 5214 3866 7255 8955 9497 1987 9313 5172 3148 1624
13 1625 4199 9724 5500 9088 2729 7907 9088 3078 5500 4199 2208 1625
7 1630 2536 7215 1932 2536 3265 1630
7 1631 9077 7809 1631 8304 5602 1631
4 1637 4372 5998 1637
4 1649 8428 7747 1649
4 1652 3771 5795 1652
7 1657 3259 8666 5408 3259 6076 1657
4 1660 7258 4554 1660
25 1666 4455 2542 3786 5300 2542 1666 7828 5997 9559 4606 9391 4740 8980 4157 4740 2690 9391 5289 4606 5997 5113 7828 9338 1666
34 1668 5810 6124 6916 7684 2376 8150 6953 2259 6352 6257 7087 9861 6618 3398 7239 5796 2993 7239 6618 7087 5282 6257 4565 6352 9432 2259 8150 7684 6124 1668 7992 8035 1668
13 1670 3612 5845 1828 9765 4194 2775 9765 2468 1828 3612 3725 1670
10 1673 2112 1910 4515 2112 7938 9824 4647 7938 1673
7 1676 6473 8493 1676 6772 9354 1676
4 1677 5591 2838 1677
10 1678 7166 6093 1678 2587 7386 9026 3195 7386 1678
7 1681 7352 7059 1681 7054 7880 1681
13 1684 8009 8026 9533 9983 7475 9533 8009 8114 1684 9914 3688 1684
13 1686 5967 2930 6691 8352 5963 9177 8352 2930 1686 8085 6529 1686
16 1690 2870 9916 6879 7881 8128 4511 9161 8128 5032 7881 9916 1690 2476 8949 1690
28 1698 4585 4179 5733 2560 8171 8483 9660 1760 3981 9660 8171 5733 4507 4179 1698 2184 3629 9961 9819 2363 9961 1880 3629 6976 2184 9974 1698
10 1701 4379 9264 1701 4060 5149 4271 4060 9134 1701
10 1706 3626 7757 5594 3626 8930 8268 2935 8930 1706
7 1725 7686 9232 7617 9379 9232 1725
16 1726 1984 3458 5929 9343 3898 7762 8166 3898 5929 7056 3458 6046 1984 6840 1726
10 1728 6927 6567 4426 6927 5273 8273 4281 5273 1728
4 1733 6505 5570 1733
4 1751 4703 9019 1751
19 1755 2264 3524 5351 4212 8256 3991 6293 8256 5351 7025 3524 1755 1829 7415 2841 1829 6719 1755
22 1756 6464 5553 3371 5648 5437 5778 7473 9849 7742 4490 2489 7742 3323 9849 5778 1810 5437 3371 6464 2443 1756
4 1760 9845 3639 1760
28 1761 7991 3843 5090 3378 2531 9205 5279 2531 5090 7991 8242 6135 7493 3474 6834 6128 8851 2179 9867 8198 9753 9867 8851 6834 7493 8242 1761
10 1765 3076 5535 1765 8682 6699 9409 8682 3389 1765
19 1775 3552 1877 8048 8060 6336 8517 5451 6336 8986 8060 4999 8048 3552 5081 1775 6152 6668 1775
10 1782 4127 7153 1782 7328 4686 4268 7328 3437 1782
19 1786 9360 8191 3088 9360 8554 1786 8904 9074 7099 8737 9979 3650 8737 9094 7099 5605 9074 1786
13 1794 5526 2893 3298 5526 2307 4377 5624 3054 9120 5624 2307 1794
7 1800 2455 7168 1800 5960 9895 1800
4 1804 2187 7712 1804
10 1808 3446 4291 3267 6365 4316 3267 3446 3528 1808
7 1811 6833 3702 1811 5007 3039 1811
4 1817 9507 7538 1817
4 1823 5190 2176 1823
7 1826 5444 3455 1826 3324 7071 1826
13 1835 7982 6637 5363 7982 8335 8033 6104 9115 6318 6104 8335 1835
4 1838 8275 6302 1838
4 1846 8989 3283 1846
13 1859 2181 2095 9433 6635 2095 1859 8795 9352 7333 9650 9352 1859
4 1865 9011 3056 1865
7 1866 7188 2461 5398 2162 2461 1866
10 1869 4640 9628 8395 3422 9628 1869 6855 5689 1869
4 1871 9614 2408 1871
4 1884 7002 6304 1884
4 1892 3131 4785 1892
7 1893 7826 6056 5376 2718 6056 1893
10 1895 8936 7454 4895 6253 5171 4895 8936 5186 1895
10 1903 4915 1981 8163 4915 9648 1903 9457 2529 1903
13 1905 8046 2355 6487 8046 8056 6634 7945 3152 6634 6506 8056 1905
10 1906 8556 5562 8480 9815 5562 1906 6535 9124 1906
4 1907 4382 3027 1907
10 1908 9479 7575 3058 7621 4868 3058 9479 5838 1908
4 1909 3731 3680 1909
7 1915 9583 5996 6275 4066 5996 1915
10 1923 4845 7678 1923 5304 3607 6453 8947 3607 1923
10 1926 9137 3743 2513 9137 4441 1926 4082 9210 1926
31 1928 2412 3001 6377 2412 7275 4203 8451 5389 2079 5830 4876 5532 3658 7853 6348 9197 5381 8281 9197 7853 3322 3658 4876 7639 5830 5389 4203 3063 7275 1928
10 1946 7888 6058 8608 9910 6291 8608 7888 2584 1946
13 1954 2046 7179 9311 3864 7179 1954 6836 9517 7545 9667 9517 1954
7 1959 5093 5412 3521 5093 9556 1959
13 1966 4514 6926 7213 9507 6926 1966 6115 6866 6779 6115 9460 1966
7 1970 8301 9491 5385 7171 9491 1970
4 1980 7768 8362 1980
13 1988 9494 9376 7898 6612 4835 7898 9494 6118 1988 6730 2659 1988
7 1990 9584 7645 8604 9584 7368 1990
10 2000 8822 2356 2000 5649 7767 2408 2721 7767 2000
7 2002 5588 2405 2002 8583 5317 2002
4 2003 8434 2602 2003
22 2024 4394 6698 4289 4423 8484 5612 2716 8484 4258 4423 9926 4289 7250 6698 2024 6100 8697 4896 4486 8697 2024
7 2032 5331 2315 6627 3394 2315 2032
7 2035 7084 6509 2035 9383 3220 2035
13 2047 5687 9893 8020 7070 9893 2047 6552 4080 4310 7927 4080 2047
10 2053 8855 6955 3093 2933 9786 3093 8855 3408 2053
7 2057 8391 9821 3391 7682 9821 2057
13 2063 7206 4167 6446 5024 2320 5890 5024 4167 2063 3835 5926 2063
4 2067 5724 5805 2067
7 2075 9784 3003 2429 9784 8860 2075
7 2078 9169 5705 9707 8673 5705 2078
7 2094 8305 6722 2094 7385 9496 2094
4 2099 7952 6390 2099
31 2114 4935 2298 5975 8835 2134 4899 8501 9442 6561 8830 2413 3755 6560 9156 3755 8215 2413 7233 8830 9442 3941 8501 2134 5975 4935 6479 4607 2727 6479 2114
7 2118 3557 2374 2118 7095 5558 2118
4 2120 5126 4612 2120
4 2136 5710 8327 2136
7 2139 6903 7212 8394 8664 7212 2139
7 2150 9453 2365 9982 5352 2365 2150
7 2156 7697 7482 9527 3939 7482 2156
7 2168 9805 6141 9593 7951 6141 2168
7 2170 8496 2885 2170 3690 8244 2170
4 2173 3179 3174 2173
13 2174 6785 8602 3463 9705 5704 3463 6785 5663 5928 3680 5663 2174
4 2180 8375 7772 2180
16 2192 9636 3799 8586 8181 8408 8791 2979 8408 8586 2386 3799 2192 4418 4402 2192
7 2196 8230 2486 2196 2931 4967 2196
13 2203 4241 4445 3561 4241 8406 2586 3351 5091 3815 3351 8406 2203
13 2209 2768 8043 6882 4160 8043 6435 2768 2897 2209 4460 6601 2209
7 2212 4047 5359 2212 9991 4840 2212
10 2223 6972 5461 8073 6071 8342 8073 6972 8152 2223
7 2228 3784 6614 3343 3784 9644 2228
7 2232 3586 6600 5150 8187 6600 2232
4 2241 6079 4246 2241
7 2247 9638 6467 3306 7645 6467 2247
16 2250 6387 6226 2326 7874 5472 7423 8932 9815 7423 3602 5472 2326 6387 9543 2250
4 2251 5628 2626 2251
28 2260 5658 8322 9030 9839 4307 5937 9440 7865 5574 9440 4307 4180 9839 5027 9030 5783 8322 2260 9382 9989 3146 6950 2458 3146 7736 9989 2260
7 2270 5293 9571 3735 6062 9571 2270
4 2273 7434 4155 2273
10 2278 8311 6682 2570 8615 7163 2570 9899 6682 2278
10 2282 4072 5612 2282 6739 6868 4457 6739 6771 2282
4 2287 2904 9642 2287
4 2294 3409 9311 2294
10 2296 5044 3215 9716 8347 5896 6893 8347 3215 2296
16 2329 3761 6114 5636 4089 6037 7374 7312 3373 5503 7312 6037 6815 4089 6114 2329
4 2330 8668 5061 2330
7 2343 3728 5906 6210 6637 5906 2343
10 2348 2791 5400 5908 2791 6810 2348 7878 3587 2348
31 2351 9675 9854 9178 8837 6829 8924 7616 4525 6915 4590 3964 4109 9406 4552 4900 7247 4552 4109 4799 3964 6915 4609 4525 8924 8837 9854 7785 9675 8203 2351
10 2352 4519 3793 7771 5299 4160 6250 5299 3793 2352
4 2360 3880 6175 2360
4 2361 7727 3987 2361
16 2366 7296 8732 4000 3857 8732 2366 5306 6499 8382 8616 6499 6355 5306 3497 2366
10 2367 3489 7741 6974 4091 7741 2367 7074 7220 2367
4 2373 5267 3531 2373
4 2379 3645 2704 2379
7 2380 9755 5634 6510 9755 4871 2380
10 2384 8381 9534 6438 6988 8430 8299 6988 9534 2384
13 2398 3820 7666 4522 3820 3661 7873 7200 8509 7521 7200 3661 2398
7 2405 7571 6727 4890 9942 6727 2405
7 2410 6833 9929 2410 9241 7525 2410
13 2422 3601 3906 4140 3574 8463 7869 5978 8463 4140 3601 9754 2422
13 2423 7066 9418 6192 9754 9418 2423 3578 7114 2566 5021 7114 2423
4 2429 7770 4275 2429
10 2430 5310 3896 7268 3584 5558 7268 5310 9261 2430
4 2431 4994 5276 2431
4 2445 3119 2579 2445
7 2447 8103 8982 9309 8103 3477 2447
13 2453 7789 3714 9572 7789 6020 5427 3217 9665 3509 3217 6020 2453
10 2459 4305 8227 8599 2819 9888 9293 2819 8227 2459
4 2475 7271 9829 2475
10 2485 4466 7591 2539 4190 7591 6912 4466 9884 2485
31 2491 8433 9300 3239 7663 7131 4125 9393 4450 9988 8609 5112 2738 7299 5112 9988 9393 7131 8626 7663 7400 3239 8433 6712 4294 5554 4087 5227 5554 6712 2491
4 2498 3403 7830 2498
7 2501 8540 2681 2501 3401 5824 2501
7 2510 9308 6717 3776 9308 6788 2510
19 2517 5292 6427 6533 2714 5995 8285 2714 6427 2517 3188 4447 6513 2815 8656 4516 2815 4447 2517
7 2520 8712 5970 8532 8712 9290 2520
4 2522 6171 9838 2522
13 2523 9787 6751 2523 6789 5413 3877 9143 5413 8045 6789 3204 2523
4 2527 2722 7875 2527
7 2548 6130 7590 6646 5804 7590 2548
7 2554 6679 8711 9174 5360 8711 2554
13 2555 6511 3531 2555 6113 9892 2649 8262 4517 3039 8262 9892 2555
4 2561 7872 7985 2561
4 2575 6372 8825 2575
7 2576 5297 5394 8660 5297 8516 2576
7 2589 5555 2925 5028 6903 2925 2589
7 2593 3230 6653 2593 4343 9206 2593
4 2612 8106 3098 2612
7 2616 4831 7887 8596 3977 7887 2616
4 2618 7759 4245 2618
10 2631 2644 8038 5635 2644 7786 2631 5158 2769 2631
10 2639 4172 6463 4531 5920 8890 4531 4172 8839 2639
4 2662 6907 8287 2662
7 2666 6237 9609 7716 6237 6218 2666
4 2676 8730 9320 2676
4 2681 3269 9174 2681
4 2696 3731 5995 2696
10 2702 8100 5050 8292 8547 5050 7922 8100 3583 2702
28 2719 6006 8799 4235 3214 8977 6666 6899 8784 6002 3338 7644 8435 3338 8784 6666 3214 8799 2719 3698 4364 4923 4153 4364 5224 3698 4327 2719
7 2737 9971 6992 4782 6631 6992 2737
4 2754 8514 8192 2754
4 2755 8725 6658 2755
7 2761 6253 7588 2761 9363 3761 2761
16 2770 3399 7534 3582 2913 4020 9124 2913 7534 9228 3399 7183 4908 6595 7183 2770
4 2772 9969 8297 2772
7 2786 6945 9128 4131 9666 9128 2786
4 2796 6152 7392 2796
16 2803 4542 4111 9448 4206 4986 6726 4206 4111 2803 7840 8879 8568 7417 8879 2803
10 2807 6426 7370 3767 4741 5455 6636 4741 7370 2807
7 2808 9745 9538 7202 6465 9538 2808
13 2826 3495 9336 6441 8743 7107 9106 8743 9336 6211 3495 5865 2826
4 2827 6813 4128 2827
16 2829 3850 9036 8903 8458 8549 7380 8699 8935 7380 8458 7006 8903 5225 9036 2829
10 2831 3700 5155 6656 3178 8469 9956 3178 5155 2831
4 2837 3590 8065 2837
4 2856 8275 6731 2856
4 2867 4632 4287 2867
16 2873 3363 6640 5229 3363 4342 2873 8361 7227 9830 7175 4163 9830 8361 5883 2873
4 2885 5296 8299 2885
7 2896 3571 9653 2896 4004 9282 2896
7 2901 9085 3960 2901 3183 8970 2901
4 2902 6645 9982 2902
10 2908 4051 6167 3535 5233 6167 6391 4051 8359 2908
7 2915 6852 2996 9635 6852 3018 2915
13 2922 4708 7523 8918 5496 5931 8734 5496 7523 8426 4708 9726 2922
7 2923 4869 4599 3940 7650 4599 2923
7 2936 5722 6106 8872 9925 6106 2936
4 2958 6497 8071 2958
10 2961 4498 3048 4301 6898 3946 4301 3883 3048 2961
13 2975 8736 6398 9218 6419 9122 7455 8874 6303 7455 6419 6398 2975
4 2988 4736 8168 2988
7 2992 5619 9917 2992 9605 9823 2992
4 3016 6531 6424 3016
13 3022 5049 8098 3320 4576 3730 9528 4472 3730 7390 4576 8098 3022
4 3033 8295 5735 3033
7 3037 7322 4523 8384 6014 4523 3037
13 3051 9871 6150 5226 9084 5097 4379 9084 6150 5650 9871 3362 3051
4 3069 5555 3254 3069
7 3088 7920 7469 6395 7920 6053 3088
7 3089 3834 3788 6332 3834 4143 3089
4 3119 9639 8505 3119
4 3130 3544 8313 3130
4 3131 9688 7445 3131
7 3138 9125 3754 8336 4229 3754 3138
4 3143 8828 7026 3143
4 3163 8253 7790 3163
7 3185 9080 6692 6434 6936 6692 3185
7 3193 8662 5251 5301 3548 5251 3193
4 3226 9078 4869 3226
10 3235 9601 4090 6969 9601 6938 7022 5239 6938 3235
4 3236 8400 5141 3236
7 3240 7697 6469 3240 7681 7851 3240
4 3257 9733 5107 3257
4 3262 7257 6919 3262
16 3268 6534 8538 3427 6605 8538 5255 6534 5541 3268 9317 3891 6571 9317 4993 3268
4 3271 9431 7777 3271
4 3277 5635 4365 3277
10 3300 3696 8589 5625 6245 7505 5625 9608 8589 3300
7 3313 4774 6680 4028 4774 9290 3313
7 3324 8302 4110 6214 8302 9384 3324
4 3336 4872 9736 3336
25 3348 7966 3746 6368 4615 3746 7089 7966 5639 3377 7272 7795 5019 3736 4448 5987 4902 7803 5987 9167 4448 5019 7272 5639 3348
7 3359 9153 7019 8656 9368 7019 3359
4 3360 9303 7371 3360
7 3382 4948 7470 5772 4948 5606 3382
4 3396 4297 3999 3396
4 3413 8942 4318 3413
7 3414 7256 4702 8606 3821 4702 3414
13 3431 7451 5523 8745 7451 3591 5411 7048 6337 6087 7048 3591 3431
7 3490 9231 8055 7811 9231 4733 3490
4 3526 6306 7157 3526
4 3528 4643 6758 3528
4 3536 5974 4784 3536
4 3544 6701 5140 3544
10 3546 6723 7372 6040 6723 7249 6521 6367 7249 3546
7 3550 5426 9035 4389 5426 6828 3550
10 3568 5980 5123 7023 5980 9387 5067 4677 9387 3568
4 3571 4037 6227 3571
4 3573 8921 7031 3573
7 3590 6116 4464 7844 4980 4464 3590
4 3593 7725 7581 3593
4 3600 6134 6181 3600
4 3613 5004 4981 3613
4 3618 4146 5850 3618
4 3622 6944 7979 3622
4 3630 8365 3950 3630
4 3640 8945 7723 3640
10 3654 7635 8312 4797 5046 8312 7046 7635 7506 3654
4 3655 7301 7319 3655
7 3665 3689 5796 7891 3689 8169 3665
7 3671 7486 4462 3671 4019 6039 3671
4 3675 5567 5464 3675
4 3678 5525 5128 3678
4 3696 4244 6885 3696
13 3711 8470 4274 5254 3830 4929 4302 3830 4274 3711 9205 5338 3711
13 3716 6732 5004 3716 5577 4925 9894 8189 9405 8276 8189 4925 3716
4 3723 4607 8665 3723
7 3737 9836 8647 4612 9836 5619 3737
13 3741 5085 6594 4848 4296 5751 4848 8964 6594 7252 5085 5977 3741
10 3747 8415 9278 9804 8531 7829 9804 8415 6145 3747
10 3752 4930 4119 9535 4930 7899 7999 8428 7899 3752
4 3757 6847 4803 3757
7 3758 3870 8945 3758 4662 3959 3758
7 3766 8544 9229 3766 7349 5375 3766
10 3773 8587 5043 8088 5247 8507 3948 5247 5043 3773
4 3786 6589 6941 3786
7 3795 5848 5516 6974 5848 4987 3795
7 3814 6803 6850 4295 6803 5480 3814
4 3849 7878 9111 3849
4 3850 4337 9904 3850
4 3851 6049 8154 3851
7 3914 4469 8767 5686 9848 8767 3914
4 3926 9112 7902 3926
4 3940 8999 7356 3940
7 3948 8562 7029 9413 8880 7029 3948
4 3965 9392 7702 3965
4 3983 6937 5148 3983
4 3984 6320 6487 3984
4 3987 4971 7466 3987
10 3988 9723 6009 3988 4731 7088 5237 5234 7088 3988
4 4006 4124 9824 4006
10 4009 7358 6001 4026 7230 6420 4026 6057 6001 4009
4 4033 7513 7226 4033
10 4053 5566 7576 4053 8264 5919 7064 9513 5919 4053
4 4064 9753 9939 4064
4 4105 4116 4871 4105
7 4114 7150 6688 5323 7150 5233 4114
7 4119 6558 4767 8567 6558 7467 4119
13 4121 6782 7971 9357 8414 5968 8535 6188 9777 8535 8414 7971 4121
4 4127 9811 5544 4127
4 4134 9610 8317 4134
4 4163 9441 5971 4163
4 4176 4267 5610 4176
7 4211 9909 5407 4917 9909 6650 4211
4 4242 8467 7628 4242
10 4260 6550 8518 6073 6550 8856 4260 8087 4834 4260
7 4319 4666 6563 4344 9888 6563 4319
4 4329 6223 4427 4329
7 4386 6709 7973 6667 8145 7973 4386
4 4392 7560 5664 4392
4 4401 6811 7444 4401
4 4463 4994 4978 4463
4 4468 9960 7915 4468
7 4471 9920 7405 4471 7431 6889 4471
4 4498 6366 8294 4498
4 4501 6307 7371 4501
4 4536 4758 6954 4536
4 4586 9740 8591 4586
7 4588 7145 5301 4588 8400 8206 4588
7 4634 6905 5771 8450 5914 5771 4634
4 4671 7490 6705 4671
4 4675 5939 6944 4675
10 4678 7457 8555 8640 4690 5842 8640 7457 7044 4678
7 4680 4827 6877 5668 4827 5515 4680
4 4681 4796 6279 4681
4 4722 5272 9910 4722
10 4726 5014 9157 8718 7053 5481 8718 5014 8203 4726
7 4737 7593 4853 7189 7593 9548 4737
4 4758 7086 7979 4758
7 4769 9634 8325 6585 9634 8024 4769
4 4771 8493 8342 4771
7 4791 9315 9598 4791 9029 9342 4791
4 4795 9009 7398 4795
4 4796 7492 9935 4796
4 4801 9614 5801 4801
4 4807 6444 7244 4807
4 4866 9035 7299 4866
7 4867 5153 5390 6032 4975 5390 4867
4 4873 7435 6677 4873
4 4874 9740 4981 4874
7 4910 8731 8018 7188 8731 9008 4910
4 4911 9414 7462 4911
4 4916 7383 8373 4916
4 4933 7266 8438 4933
4 4951 6794 8901 4951
7 4976 9105 8252 6551 9105 6070 4976
4 4986 9299 7053 4986
4 5052 9390 7096 5052
4 5072 8179 7644 5072
4 5138 8912 7101 5138
10 5144 7184 8917 5144 7496 7474 5889 8447 7474 5144
4 5150 7955 5862 5150
4 5198 7987 9661 5198
4 5291 5684 7986 5291
4 5293 7247 8893 5293
7 5329 7543 7311 9168 8108 7311 5329
4 5367 5722 6016 5367
4 5394 6781 7383 5394
7 5478 5821 9717 5478 7826 6201 5478
7 5479 6590 8506 8849 8369 8506 5479
4 5495 6339 8059 5495
4 5514 6527 6630 5514
4 5515 9439 7607 5515
7 5559 5874 6598 5559 7381 8944 5559
4 5561 6705 9707 5561
7 5584 8177 9581 6564 8759 9581 5584
7 5614 7708 5903 9567 7074 5903 5614
4 5633 7011 7917 5633
7 5657 8950 9162 6035 8950 9611 5657
4 5753 7026 8777 5753
4 5773 6134 7990 5773
4 5797 9186 7044 5797
4 5876 6422 9145 5876
10 5880 6011 6925 7624 9792 6925 8979 6011 6603 5880
4 5894 8684 6702 5894
4 5970 7558 6707 5970
4 6044 9441 7281 6044
4 6054 8568 8013 6054
4 6142 6212 9254 6142
4 6161 8709 7322 6161
4 6168 9579 8826 6168
10 6171 8124 9629 9404 8051 6806 8628 8051 9629 6171
7 6181 6842 9430 9705 6842 9952 6181
4 6223 8284 6335 6223
4 6323 6332 6597 6323
4 6458 9872 6824 6458
4 6483 6828 6659 6483
4 6491 9703 8289 6491
4 6493 6936 9309 6493
4 6527 7763 8720 6527
4 6588 8896 7727 6588
4 6625 8822 7916 6625
4 6639 9425 7364 6639
4 6841 7215 7714 6841
4 6918 8065 9972 6918
4 6956 7576 8166 6956
4 7142 7907 8028 7142
4 7216 9706 9456 7216
4 7397 8985 9086 7397
4 7414 9426 8475 7414
4 7630 9807 8728 7630
4 7780 8717 9046 7780
4 7801 9518 8293 7801
4 8429 9413 9789 8429
