10000 1196
22 1 5950 522 1 9863 1792 4786 290 7596 4449 7504 8757 5338 3223 8757 8438 7504 299 4449 290 1792 1
22 2 5391 6655 6803 5391 6806 2 2607 8283 7518 683 135 3319 2302 5658 5155 2302 135 7518 2607 2744 2
34 3 79 5319 2790 9453 1499 6454 890 5020 1920 158 5231 9910 5047 2017 7325 5242 7820 5892 5242 2017 2955 5047 5231 1920 890 1499 2790 79 8276 8763 141 8276 3
19 4 375 5313 5594 4504 5370 5594 9476 5313 5333 375 3541 7192 5935 1693 7192 131 3541 4
16 5 165 1656 5417 165 4904 5 2173 3286 5069 9207 4605 5069 7790 3286 5
13 6 6317 7536 6 8686 9724 8189 4413 5961 9061 4413 9724 6
10 7 7187 9191 1597 3212 9191 1176 7187 7764 7
19 8 9980 9687 7000 1566 3739 6443 7129 8425 7205 7129 5666 6443 1566 9687 7191 9980 3599 8
16 9 9175 9120 5431 9175 5194 4394 9256 7748 373 9256 3973 4394 8607 5194 9
52 10 7298 3144 6429 22 5748 1658 22 5304 6429 7298 2089 7028 6620 1494 3899 3353 2476 6254 1731 5018 144 3275 4473 176 1886 9635 1411 8346 6184 2836 9215 6184 1411 1886 4473 1113 3275 5018 6254 1504 2476 3899 4773 1494 4214 6620 2256 7028 404 2089 10
31 11 8060 1111 4422 4642 7407 1830 2870 2608 1830 4642 1111 11 7402 3337 6395 150 966 9089 1803 3798 3586 6110 3798 9089 9412 966 6395 7402 6499 11
13 12 8233 7003 7002 6980 7003 12 9198 3563 5287 9198 6448 12
109 13 4067 7435 3867 2227 8379 6274 3170 2388 7230 2640 8186 9065 1007 6797 1284 672 8275 377 1289 6625 3694 1223 4913 5784 4574 7991 5481 4072 1784 6428 505 3754 9273 3249 838 6433 1138 1421 7762 7658 4777 6890 4001 4777 7762 1138 838 9273 935 3754 8940 505 1784 2467 4072 6132 5481 4574 6263 5784 1223 626 3694 701 6625 377 8106 8275 4731 672 6104 1284 9357 6797 9065 2640 2388 3412 3170 8379 3867 4067 4855 1057 6162 9824 5438 2982 4178 8984 6394 6549 4034 231 4616 4034 6394 4178 7139 2982 4111 5438 6162 174 1057 4167 4855 13
73 14 5787 4104 2146 6112 3100 1137 9396 9561 3647 3244 1362 3880 3149 1362 3647 9396 3825 1137 7611 3100 2146 8975 4104 4373 5787 7512 6823 9557 1673 5314 8486 6478 8256 606 5469 8420 2651 510 2591 1035 8160 3050 6040 9151 718 9158 8417 1781 113 5143 6886 113 8417 718 6040 6216 3050 1035 3340 2591 2651 5469 8256 2996 6478 7366 8486 1673 2023 9557 7512 14
4 15 5749 977 15
10 16 2531 9162 5995 2531 3646 381 6056 3646 16
16 17 1951 2847 4100 3334 3186 3430 2135 4264 8291 2135 3962 3430 3334 2847 17
25 18 2213 9373 9690 7109 4919 4665 8422 4358 2786 1272 2902 3351 1496 95 3351 1272 4358 4665 7109 9373 18 8817 3830 18
31 19 6877 6934 2383 9893 3360 550 2113 4762 550 9893 6934 4811 6877 4483 3923 5073 8053 6111 199 6353 5046 199 8053 6679 5073 7724 3923 1376 4483 19
58 20 6999 4736 5399 8179 5765 5474 1398 2636 5158 7413 2770 4578 458 6348 7677 6250 3597 269 1802 9854 269 6250 6348 4578 7413 2636 5474 2876 5765 5399 6999 2962 20 1953 7509 1923 8453 880 8631 1891 8495 5901 6712 3297 2578 3860 3297 4547 6712 2763 5901 1891 1871 8631 8453 7509 20
67 21 9649 353 6569 4656 494 981 7343 1924 981 4656 353 21 7546 2199 5535 7909 7328 2573 8759 6249 6543 7534 9462 3934 8640 1415 7195 2720 6403 8431 5703 8009 3635 1226 9016 7688 4094 806 9011 9350 2372 9011 4116 806 4087 4094 9016 3635 5703 6403 341 2720 1415 3934 9351 9462 3310 7534 6249 7266 8759 1749 2573 7909 2199 21
7 23 2350 9548 7131 1471 9548 23
25 24 2828 126 991 7911 5019 991 8774 126 24 2479 7165 6486 4567 1782 314 4835 6981 314 4567 7165 6786 2479 9326 24
22 25 7696 4950 9388 3669 5097 6977 6665 5031 6165 8710 5031 6977 3669 4950 145 7696 7803 25 7073 6798 25
10 26 6146 575 9426 1091 399 3302 1091 575 26
16 27 6972 5341 8760 4107 7390 8760 1961 5341 4166 6972 5081 4070 8613 5081 27
13 28 8073 2175 28 3642 2673 5201 6768 3044 5201 2750 2673 28
13 29 999 7470 5496 6480 8695 4996 3399 8695 5496 5000 7470 29
61 30 4600 5186 6343 6248 307 5735 4815 4206 4248 4815 1321 5735 6248 8274 6343 4600 9875 30 4245 7070 7867 7567 4039 8169 9622 7709 8288 7040 7203 8679 5579 9597 9471 636 7162 4942 172 7380 3172 8467 9278 8326 8467 7380 4942 6831 7162 9471 5579 7203 8288 8081 7709 8169 7567 3547 7867 3763 7070 30
94 31 9409 3606 5353 1049 4799 7708 6153 9542 5400 4989 9704 7012 8262 1170 2409 3254 1228 6388 6855 7953 3998 9950 7880 3952 5674 2753 8565 275 6761 1913 4033 7799 4299 426 3315 7894 3277 3173 2552 5198 7863 1761 6524 7863 2552 3277 3315 1050 426 7799 1913 275 2753 3952 4832 7880 3998 6855 8227 6388 3254 3805 2409 6390 1170 7406 8262 2865 7012 2411 9704 5400 9439 9542 7795 6153 4799 5353 5741 3606 31 6696 1165 4182 542 3492 4182 7747 1165 6444 6696 8634 31
10 32 1774 9755 7094 4015 9696 1976 4015 9755 32
13 33 3545 1838 7303 1689 6615 2634 1689 7220 7303 9463 1838 33
76 34 2952 8860 9330 2952 1297 4647 4911 7371 7592 567 282 9732 9356 8049 2886 7035 5675 7440 9331 4985 5577 1384 531 6100 5679 7482 4991 6171 2315 8067 4016 2057 5440 2857 5628 8154 7634 8543 7776 3232 2664 3427 2279 2664 6071 3232 8543 6769 7634 3450 8154 2857 2057 1005 4016 2315 4991 5679 531 5577 8511 4985 2196 9331 5675 2886 9356 282 7592 4911 49 4647 7871 1297 34
7 35 2890 6680 35 4823 5187 35
37 36 5259 8339 3551 7824 7056 2132 9427 9621 8082 648 8381 533 7783 6083 533 2351 8381 8082 9427 7056 2209 7824 2441 3551 5471 8339 8399 5259 1893 6531 3932 7019 6531 8162 1893 36
43 37 3364 2737 4981 1156 6013 5871 795 4368 9085 7212 9925 4563 8889 1034 6363 9814 229 9447 8001 9348 6576 5294 4669 6576 5617 9348 9447 9814 1034 7138 8889 3509 4563 7212 4368 9763 795 6013 4981 3364 8882 37
22 38 611 7112 6809 4256 9662 6424 7941 9986 1036 9748 9986 1462 7941 1402 6424 4256 8612 6809 85 7112 38
22 39 2139 3743 120 7197 3743 2240 2139 5271 2235 2493 9154 615 9224 7752 615 2493 4263 2235 3466 5271 39
7 40 9155 8734 762 9155 2747 40
19 41 7300 5260 3402 2898 8547 3216 632 8547 3402 7300 9003 41 2687 4803 1203 2687 8020 41
19 42 4454 5042 9654 8437 5724 552 57 2556 552 8437 5042 42 6970 6878 1551 134 6878 42
34 43 9097 864 250 2100 7574 3300 2622 5421 2254 7382 6219 5985 975 3801 5985 7382 5421 3300 2100 8076 250 9097 442 43 7291 2914 7608 7600 2242 7608 7291 2272 43
10 44 8687 2984 8845 2925 2984 44 1902 6400 44
7 45 156 745 3794 7293 745 45
25 46 8704 1640 5898 2551 6784 5991 5861 242 5936 9169 242 4196 5861 8826 5991 2551 1640 1828 8704 8556 2327 6613 8556 46
31 47 7904 8950 6468 898 1918 5520 8621 1016 2250 9630 2268 7961 9407 2909 8232 9407 2268 6257 9630 1016 5520 898 1981 6468 7904 3373 47 7951 5246 47
25 48 2097 3331 440 4946 3142 8209 5357 3142 440 1512 3331 48 8477 4270 3901 7374 4933 74 7374 8497 3901 8477 3663 48
28 50 6421 7966 6993 5083 5888 5749 5083 3629 6993 6421 343 9803 2029 5638 2679 3677 9424 2619 3677 173 2679 7784 5638 9464 2029 343 50
13 51 9843 7932 6676 3444 7932 5473 9843 5080 51 1774 1140 51
10 52 5445 1155 52 3076 2103 3201 4838 2103 52
13 53 6555 3096 9247 6555 820 9281 5945 3296 5127 5945 820 53
31 54 5206 6964 4517 4690 6834 917 9601 5611 1144 6004 7015 7907 3781 7015 1144 9601 7022 917 4690 3032 4517 2587 6964 54 3656 7351 8636 645 7351 54
22 55 2767 609 6022 7827 3184 2114 8990 7704 271 8990 4732 2114 7827 609 7746 2767 7448 7778 7459 7448 55
13 56 6652 949 56 1742 1008 7988 5963 4980 7184 5963 1008 56
4 57 4524 8170 57
16 58 9665 4264 6591 9665 4376 9378 1762 9377 8973 4266 1925 8973 1762 4376 58
16 59 400 410 6205 5771 4468 7528 4308 2842 4109 2373 2842 7528 5771 410 59
31 60 415 5032 1798 2222 6527 3675 3002 5135 6234 9125 9648 6234 3002 6527 1798 9565 5032 675 415 1692 60 9361 638 7383 6365 7388 7383 5660 638 60
85 61 3789 2087 4800 4007 2277 8195 6846 8506 454 6235 5640 1193 812 9907 5616 1305 1094 7432 1760 8138 3476 9143 7960 4585 7568 2755 7450 9421 4336 262 5392 6320 4549 5856 3609 3109 5856 9210 4549 5392 7759 262 2061 4336 7450 6005 2755 5960 7568 7398 4585 9143 1287 3476 1760 1094 5616 7711 9907 1193 6235 8506 8195 4007 2416 4800 3789 2576 6325 4931 1262 8044 2004 6551 7468 5557 6551 518 2004 1262 6325 71 2576 61
7 62 7185 9483 62 477 8819 62
37 63 4097 7569 2668 4097 986 7986 919 7251 6178 765 9135 5516 5621 6045 1709 9519 3090 9781 4213 1841 4295 4213 185 9781 6384 3090 1709 5621 5348 5516 765 7251 3248 919 986 63
16 64 7345 7278 64 7492 1054 7886 7590 4559 5526 1410 2981 5526 7590 1054 64
13 65 4993 261 8892 4993 4943 7537 1997 5773 7537 7164 4943 65
16 66 5511 8647 9869 5511 8979 2821 5267 5768 903 9769 5768 8457 5267 8979 66
19 67 6041 7982 7264 2232 4758 7264 6041 2184 67 88 4770 1307 7189 3408 1307 9676 4770 67
25 68 9659 7148 3861 6074 4098 3792 7994 895 3792 6074 7148 68 8184 1129 8745 2149 2861 1485 2149 7105 8745 8184 7689 68
43 69 4973 7766 1211 346 1500 249 8085 7922 8133 4764 1734 8614 6498 9574 8614 4764 7922 3462 8085 1500 1211 5854 7766 69 5974 434 8533 2561 9418 8560 7338 9436 7681 6713 9436 6143 7338 8541 8560 2561 434 69
13 70 331 5204 395 2535 1578 395 331 1596 7836 3548 1596 70
13 72 7299 781 4727 732 781 1328 7299 1135 5587 5244 1135 72
10 73 5022 9192 73 456 4026 8337 6166 4026 73
16 75 2336 300 5212 1954 6078 5477 1954 300 6398 2336 3848 2266 5924 3848 75
61 76 7976 1274 6340 323 6737 8021 2784 3572 5258 2784 6737 6340 169 1274 2098 7976 702 76 9701 6893 4583 580 3238 6199 6695 3726 2896 1904 6570 1804 670 9964 3128 6159 2742 252 8765 152 252 9734 2742 5733 6159 7037 3128 8383 9964 1804 382 6570 2896 7541 3726 6718 6695 3238 9914 580 6893 76
10 77 8462 2091 2858 8462 5669 2708 7172 5669 77
19 78 1063 2999 9523 3343 9938 9937 3343 2999 7161 1063 1728 7792 8430 9250 5772 8430 1728 78
34 80 1149 4215 796 1739 4348 7627 951 140 3499 3752 4324 1560 3752 140 3935 951 4957 7627 1739 4215 4023 1149 1750 80 5891 6410 5367 1725 9540 5367 5891 2718 80
19 81 3776 8175 81 177 3872 3660 4696 1281 7694 7149 720 9808 7149 1281 4793 4696 3872 81
22 82 4591 6094 3052 3393 8584 4019 3393 6094 2532 4591 2648 82 6732 1617 9165 6969 488 4701 6969 1617 82
19 83 3447 5990 9797 1967 7601 9797 1756 5990 2846 3447 2339 83 9141 8384 5706 1741 8384 83
25 84 2853 7540 3163 2853 3458 3409 7903 1439 6919 721 1465 4289 3395 8279 8812 3926 8279 237 3395 1465 6919 7903 3458 84
16 86 7086 6382 974 7086 8617 2675 5096 684 9184 6572 684 2675 532 8617 86
10 87 8741 9638 3375 8741 2340 5568 9368 2340 87
13 89 5137 9712 7519 6152 9712 89 369 544 133 369 799 89
7 90 102 9038 3631 4322 9038 90
13 91 4285 5927 5791 9508 6025 5426 9508 5927 91 624 5354 91
61 92 3141 4371 386 4489 9107 4687 6645 9569 1780 7753 3047 4947 4867 6185 1757 8363 3012 1572 3706 3012 1757 4458 6185 4947 8302 3047 2164 7753 9569 4687 4489 4371 6023 3141 7243 4184 1341 8393 5268 4011 7637 1733 3135 6002 5972 3135 3583 1733 7815 7637 2751 4011 7531 5268 1341 8938 4184 7666 7243 92
16 93 6985 5369 8988 8441 5280 8988 6985 3709 6435 982 6992 1240 982 3709 93
4 94 5712 2809 94
31 96 2970 3959 6477 6619 5541 5623 6203 7565 4760 9229 230 4760 6203 9349 5623 6619 9829 6477 4860 3959 98 2970 9505 9595 7111 2529 9595 2521 9505 96
10 97 9536 6330 4318 9438 8864 4318 9536 2130 97
46 99 819 3435 3782 9335 8987 9126 6978 7275 538 8470 9095 947 9197 1558 6329 3582 3088 711 4959 5456 4529 4159 5456 711 5224 3088 9784 3582 1558 7850 9197 2421 947 8470 7275 9126 9335 3435 9537 819 3874 1793 7249 3874 99
19 100 5305 2814 9852 3713 2814 1714 5305 4135 4620 7793 4941 5190 4771 8114 5190 7793 4135 100
22 101 2075 3459 3940 2704 3459 101 695 3525 2011 8287 4716 5593 8573 4716 6967 8287 3525 6140 695 651 101
25 102 8353 2390 9008 5676 2487 9929 3442 5179 7561 9928 3565 2096 7463 3365 2096 9928 5179 6667 3442 2487 9008 5750 2390 102
16 103 6302 1073 4099 8178 1073 1747 6302 7060 2483 2462 1924 4928 2462 7060 103
13 104 9261 8260 1118 9031 6512 1118 9261 1101 1748 5810 1101 104
13 105 5489 926 5710 9978 8132 5710 5489 178 105 1320 4756 105
37 106 2145 7872 1212 8119 2121 6945 2069 1391 6186 8418 2616 3219 6268 378 9958 8917 8205 5598 8917 378 3219 9582 2616 6186 2069 2121 1212 1060 7872 106 7929 9478 6976 9116 9478 106
16 107 9148 4315 5591 4169 4315 107 4677 2144 5254 5699 9530 5254 4677 2035 107
13 108 973 4241 4037 9415 4241 108 4409 4711 5170 9098 4711 108
19 109 279 5707 907 4635 7898 4550 3855 6671 4550 4635 5707 9178 279 9546 109 5241 7379 109
37 110 6241 1861 4480 7305 2887 9475 7305 4212 4480 8206 1861 7560 6241 5910 110 7439 4419 677 8570 1153 2294 5004 9991 2707 578 4306 2707 5004 2095 2294 2730 1153 677 7439 183 110
13 111 6364 1669 5572 2653 1669 111 2363 1895 3013 2363 6375 111
16 112 4525 3183 5191 4525 5867 1396 6020 7549 4339 1637 7549 1396 6422 5867 112
16 114 7745 4410 9474 7745 5906 114 2658 7050 7081 5540 7050 4876 2658 451 114
37 115 3411 7607 9842 9856 9150 4346 5808 5841 6490 8663 523 2177 8663 5841 9489 5808 9150 9842 7381 7607 115 6128 9425 4226 7735 1770 5263 2352 8729 5263 7735 9425 5967 6128 8875 115
28 116 7835 8960 1491 7393 6637 486 2613 5885 4450 1164 5885 428 2613 4024 486 4601 6637 5895 7393 8960 116 7327 6457 465 2115 6457 116
58 117 604 5374 117 3470 780 9823 3400 5656 6914 4105 8553 2661 6373 2669 7719 7891 4870 4603 3751 8075 8003 3443 899 6634 3422 4400 534 4683 4240 7497 9798 9921 7497 4683 4400 6634 2859 899 8003 3751 2603 4603 7891 9416 7719 6373 2754 2661 4596 8553 6914 5144 5656 9823 6742 780 117
25 118 4436 2295 1085 1122 2644 7036 4284 1080 7036 3490 2644 1085 4436 2748 8538 6614 8204 5131 921 5995 5131 6614 2748 118
49 119 4675 3795 5272 3971 9469 608 6085 4968 9721 2094 6788 398 9496 6788 9721 6085 9469 5272 4675 9322 1914 2957 5671 1269 8306 7656 8282 1267 6271 7282 7458 1690 7874 7458 6271 4512 1267 7656 3857 8306 4937 1269 1869 5671 6386 2957 9322 119
28 121 7516 1460 2685 6269 9538 8579 9023 6014 633 3423 5523 3967 700 5523 633 7691 6014 8579 6269 1460 3993 7516 2366 121 7201 656 121
19 122 5043 2775 9959 2974 870 1959 9301 6019 7286 1487 3108 7286 9301 870 9959 8693 2775 122
40 123 9822 6168 3387 1585 2670 5331 8716 6958 6379 7675 4995 7609 344 7578 3729 7293 1928 3729 5140 7578 7609 2793 4995 6379 8716 2670 3387 9822 1218 9731 3954 6510 6852 7309 6510 5141 3954 1218 123
37 124 7029 1614 8718 2593 9882 6698 7527 5202 2006 401 2124 6691 443 1302 3814 5561 2575 6113 9387 2575 3814 3451 1302 6691 401 647 2006 7527 9882 1194 2593 7181 8718 6891 1614 124
7 125 936 1379 5796 2355 1379 125
34 127 9211 7861 2203 4093 1196 9517 7285 4287 9517 5226 1196 8181 4093 8512 2203 163 7861 127 7692 7772 3053 9535 4766 4614 8231 9189 7881 8231 4766 3053 1275 7772 127
28 128 7399 7416 1548 200 2261 2471 526 7315 2820 8229 5637 9525 6467 3121 9525 6697 5637 2820 526 4676 2471 200 7416 128 1607 1181 128
25 129 5360 6725 4700 1567 9740 4700 5360 2178 1383 1201 6371 9220 841 2364 7061 8714 5180 7061 841 6371 7671 1201 2178 129
25 130 6396 8454 1537 4790 8688 7715 5849 6436 8111 2106 1459 1956 8616 1459 8111 3496 6436 2134 5849 8688 8606 4790 8454 130
31 132 9819 2787 3438 3270 195 1100 588 6602 1100 1206 195 3438 5899 2787 132 1759 460 9555 7625 4035 3977 8230 7223 1853 8230 4035 9555 2969 460 132
19 136 7348 6794 3890 5716 5670 3890 7348 6439 3550 5195 9992 7641 5195 2800 3550 6884 6439 136
10 137 8908 842 9827 8908 6323 5909 1481 6323 137
25 138 663 5626 6021 663 6789 9444 5925 9672 6584 4807 4653 3225 7091 3897 3225 4807 9820 6584 5925 7958 9444 6518 6789 138
28 139 5349 394 4333 2036 7130 5147 3695 9103 9752 3695 7603 5147 2036 9815 4333 5349 2936 5705 7456 9488 3071 7456 9954 5705 7421 2936 139
10 142 6426 642 142 504 3104 4667 5253 3104 142
28 143 4775 8029 5893 1482 9684 5554 9317 4050 3981 6771 1710 8414 6261 5964 8414 6771 4050 5554 1482 9080 5893 5300 8029 143 4681 9020 143
46 146 763 3626 8943 7418 6465 4511 3139 6122 6545 4180 8018 6466 4291 1675 481 8215 6922 5813 9229 6922 8194 8215 1675 558 4291 3816 6466 8678 8018 6545 3139 6465 3640 7418 3626 146 6349 2330 9289 7150 2871 3914 7150 2330 146
22 147 4355 1794 3966 1843 1794 147 3289 2450 3920 3429 8057 5129 1239 4359 5129 3429 9974 3920 3289 3262 147
40 148 2897 4401 3503 7996 4652 8213 9492 8787 6207 697 3003 9728 5672 8190 9728 1142 3003 3602 697 8787 8213 4372 4652 3900 7996 5328 3503 8019 4401 148 9746 3686 413 9276 4047 413 9746 5133 148
22 149 3110 4717 8392 9183 7687 8080 3069 1681 7999 9674 4387 7999 3069 7687 8392 3110 5795 862 6092 5795 149
10 151 4930 3876 151 6966 430 7257 6966 4779 151
7 152 5479 7156 4159 5479 7828 152
13 153 1785 997 798 8271 7685 798 1210 997 6539 1785 1428 153
28 154 5120 2584 655 4809 2539 7312 6289 2539 655 7033 2584 6275 5120 7822 154 3133 4848 3380 5566 8846 5326 9230 8846 5336 5566 4848 154
19 155 1290 7983 5176 8315 7080 3269 4012 306 3269 4203 7080 3951 8315 6636 5176 1290 9304 155
25 156 1065 3384 4571 5492 7606 9692 7868 3577 3241 5491 6709 4644 8050 6709 4560 5491 7307 3241 4239 3577 9692 5492 3384 156
22 157 6523 9924 4437 6158 9793 7905 536 7706 6990 1686 7706 6538 536 9793 4437 7175 9924 157 1559 3120 157
52 159 407 6419 7589 4573 2620 4604 1833 6161 7847 6441 5874 3453 9430 385 3639 3972 1453 9932 1308 6581 398 1308 5881 9932 3972 385 7271 9430 1852 3453 7587 5874 171 6441 6161 4604 937 2620 7589 407 4715 3791 2994 5625 3712 1124 5625 9969 2994 4715 159
13 160 4343 3149 160 8002 9708 8582 4802 9708 6682 8002 285 160
10 161 9293 2988 3281 9293 9218 8208 8171 9218 161
13 162 1809 4497 5567 7030 5711 5567 1809 7452 162 9588 5019 162
40 164 4501 2129 2335 2394 4508 9936 3291 2617 5921 5794 3916 9600 4841 6913 1128 520 6913 1831 4841 3916 9327 5794 2617 9936 2394 2129 7471 4501 5889 7974 2126 6378 4611 2357 6378 725 2126 5889 164
16 166 6796 3336 6273 2088 3336 166 6350 5413 316 9336 2703 1525 9336 5413 166
19 167 7267 4323 5931 3403 5720 227 6138 6721 6447 1654 3992 6447 770 6721 227 3403 4323 167
4 168 7889 2401 168
10 170 8829 3658 4453 5923 5914 4453 5390 3658 170
31 175 2180 1808 993 7811 4587 5831 7811 7779 993 1191 1808 6573 2180 6805 7258 825 3413 8926 4428 2862 5689 4428 3413 4496 825 775 7258 6600 6805 175
10 179 5459 2276 4994 7190 1814 3524 7190 2276 179
31 180 389 1532 8633 6068 2611 3288 7277 4492 6717 3200 2217 4688 3979 9286 3700 3979 9012 4688 1474 2217 6717 7277 2611 8633 389 3850 7244 2434 3850 180
28 181 2545 2443 2037 1657 479 6076 1385 4971 5138 7011 390 8622 1727 390 5138 1385 2993 6076 1657 2443 6779 2545 9706 2702 3461 9706 181
16 182 4010 6141 2469 4351 1183 7859 1575 1183 2469 4010 2815 182 3643 3167 182
10 184 5929 7582 184 2408 1834 6530 9648 1834 184
37 186 355 7756 4036 9996 2461 9762 9727 3266 8546 3913 3266 6726 9727 2461 5289 9996 3117 4036 355 5432 278 7297 5006 8371 6309 9115 1445 8591 9115 7222 6309 9858 8371 7297 5432 186
34 187 7558 202 5573 815 202 187 8466 8038 4045 5860 8460 827 1451 4186 2241 6575 8818 6000 9782 7329 3978 9782 8818 5634 6575 4186 4234 1451 8460 4884 5860 8038 187
31 188 3991 1092 8912 1434 313 3045 309 8777 6514 5701 8777 3045 1434 267 8912 3991 1295 188 3746 613 9353 1431 8572 3472 7883 8572 9353 3746 9545 188
7 189 8798 8281 9479 8980 8281 189
4 190 6455 5406 190
16 191 691 8904 3263 6900 8108 7908 5034 6509 1595 5034 3682 7908 6900 8904 191
10 192 6647 8136 9280 6647 5269 2850 4106 5269 192
37 193 9287 9375 7788 1130 9375 9939 9287 7443 193 511 9970 3077 4427 694 4541 3852 7563 414 2772 2012 4707 5576 5178 9366 5576 2012 414 3251 7563 4541 5600 694 3077 511 3622 193
49 194 1866 1216 8910 8032 2020 247 809 9051 9061 809 2020 8910 3074 1216 194 1687 3528 4004 6853 3844 2880 7182 4899 8827 6318 6335 2550 913 1855 9203 4998 6046 9670 4998 1874 9203 913 8902 2550 7247 6335 8827 8914 4899 2880 6853 3528 194
55 196 4862 5337 987 8455 5106 5730 9470 6863 4082 3573 5248 9821 7396 7602 7235 8347 2798 4885 4671 4304 4689 6200 4304 4885 1510 2798 6931 8347 1306 7235 2979 7602 9821 4238 5248 5329 3573 6863 2910 9470 3810 5730 8455 5337 196 5008 3352 1440 6876 895 1440 5008 5002 196
7 197 1754 2623 8177 6021 2623 197
19 198 4158 6776 5200 4158 2176 1601 4932 2624 8219 1096 1288 4542 1096 2002 8219 4932 2176 198
22 201 402 6692 8650 402 9014 8791 4153 4353 9888 3085 4630 6259 8128 4630 3815 3085 4353 8791 1878 9014 201
25 203 5752 1901 9164 6684 8928 2627 4466 2329 3116 5433 5562 8779 5433 5553 3116 4466 8928 1058 6684 4086 9164 5752 5316 203
34 204 4692 4088 4185 7635 1769 4814 7635 4088 204 2198 6063 2526 1683 6631 4143 2273 786 4929 3637 6077 3112 3839 2157 3112 8557 6077 7481 3637 786 4143 1683 6063 204
25 205 8985 7394 1375 9698 9272 5209 9698 7394 3761 8985 8527 205 1651 6226 2562 6012 4903 5162 6953 4903 2562 4194 6226 205
25 206 8712 4746 6888 1744 7653 2054 1975 8094 2054 2700 7653 6888 8712 2689 5651 5529 8933 759 5529 657 5651 5742 2689 206
13 207 4352 627 356 3807 6238 7884 3807 4828 356 4352 2401 207
16 208 8491 7007 5187 8491 5654 1334 2792 9007 4092 7257 9007 1334 4432 5654 208
16 209 9845 4300 2760 8443 6787 2760 6842 4300 3659 9845 2976 209 8562 7332 209
7 210 7519 5149 8472 8059 5149 210
25 211 6139 6326 1374 8604 9167 4131 2929 5643 3068 9596 2082 8250 9596 4977 3068 2929 9167 1374 3849 6326 2813 6139 1908 211
16 212 7417 7042 4464 1055 5244 4464 7417 5415 212 6923 9313 1214 5607 9313 212
7 213 3038 5760 1716 7214 5760 213
19 214 2926 2912 3405 9310 5293 1623 9310 2912 4117 2926 3478 411 232 824 411 3049 3478 214
25 215 320 8041 4114 409 800 2111 2347 800 1044 409 7454 4114 320 4889 215 2448 7140 439 2882 7140 5101 2448 1317 215
10 216 4133 960 7319 2341 960 216 4808 1009 216
13 217 2631 6192 9850 9200 6192 8865 2631 7204 4294 668 7204 217
22 218 1340 1511 6425 6765 4236 8143 9735 6520 4187 9735 4236 6425 1340 3061 6705 1495 8715 6705 5057 3061 218
13 219 3803 2950 9999 3494 8873 3859 8627 8873 9999 4435 2950 219
31 220 9363 7654 2221 4452 6610 9006 312 6642 4255 2025 9855 2592 1685 8913 7842 1685 9166 2592 2025 3903 4255 9108 6642 4030 312 6610 2221 9363 2642 220
28 221 1093 797 2892 2904 4272 1533 3287 4272 2892 1093 370 4678 5443 971 1570 3379 2840 303 3379 541 1570 3957 971 4678 6851 370 221
16 222 2581 8924 3102 3809 6941 2085 2776 2457 2085 3809 8924 222 9268 3160 222
31 223 5984 6338 8311 7178 1857 3562 3318 8970 2612 1536 8970 7114 3318 5040 3562 7495 1857 8311 5984 8705 3317 6735 6407 8173 327 9628 8173 6735 8705 223
22 224 4810 6176 8487 6563 6176 4148 4810 3338 3856 4312 5153 652 5309 423 652 4312 5315 3856 4670 3338 224
7 225 4063 6982 8599 4063 3941 225
13 226 2639 4393 6746 2971 7077 6746 2639 3698 8066 4118 3698 226
7 228 3204 2078 2872 8937 2078 228
10 232 7812 3019 9683 2081 3034 635 2081 3019 232
28 233 5798 8976 2018 1292 8694 4722 1292 8976 7068 5798 8702 9133 3042 1263 8409 7225 3250 1067 322 2844 1067 7225 1263 9133 433 8702 233
22 234 7855 3661 234 7838 8355 4613 4416 830 4713 4631 2484 4713 6590 830 9212 4416 8355 1323 7838 6306 234
16 235 1652 3066 2571 1162 3420 2571 4243 3066 235 7152 8957 4110 7152 2463 235
37 236 3512 3332 8061 5381 2945 3772 8047 3911 7480 8930 3911 3772 1862 2945 3388 5381 3332 432 3512 9047 1892 5590 2940 9604 1389 5117 2499 1389 2940 3871 5590 4280 1892 3774 9047 236
10 238 8732 326 6856 4718 326 238 9636 5283 238
28 239 9608 7475 3386 5288 8176 576 1790 7103 9513 1217 2810 2774 7854 8834 2774 1217 2160 9513 4500 7103 576 5288 1705 3386 9608 7420 239
25 240 6460 4850 922 9062 9296 2331 9062 1159 922 9246 4850 3764 6460 1863 8927 1259 5897 7818 4838 5897 8927 3987 1863 240
13 241 8390 2181 1773 803 7623 1364 1097 7623 1773 8390 9934 241
10 243 6858 5478 243 6799 2586 5581 6799 9473 243
19 244 2717 7977 4259 5708 4268 4259 2717 9577 3730 4908 7830 7294 1028 6595 7294 4908 9577 244
10 245 4138 9556 245 3111 4342 8814 4797 4342 245
16 246 7644 3696 2559 2034 5966 2559 7644 1543 5437 5425 7167 2270 5425 1543 246
4 248 1424 1535 248
22 251 7532 8320 891 1811 8410 1501 6912 7455 8238 6912 3398 1501 1811 8320 251 4195 9680 5423 9773 9680 251
16 253 5642 9584 985 4474 8637 4997 8126 8637 985 5642 5571 253 9760 3312 253
16 254 640 3517 254 5873 4347 5519 2734 3155 7316 4017 3707 7316 2734 4347 254
7 255 4338 7224 3280 5416 7224 255
22 256 7234 9112 1546 420 9112 2387 7234 4918 1061 787 9553 383 8480 6095 2439 8480 9553 1198 787 4918 256
13 257 3259 2726 8024 6174 1978 8024 1081 2726 257 4325 9957 257
28 258 6774 8174 7283 6451 9262 3928 2519 8909 3303 2942 929 7717 3535 4542 7717 7817 929 3303 2519 9262 7283 6817 8174 1947 6774 9277 258
10 259 4303 6957 5164 4316 4727 5164 8590 6957 259
10 260 2693 9318 2954 9802 1853 692 9802 9318 260
19 263 1720 1547 9136 2869 2791 2906 5208 5207 2906 7503 2791 9136 1047 1547 263 2091 4136 263
16 264 5612 2924 4923 4636 7131 4923 605 2924 264 2182 1441 8063 2182 2582 264
19 265 6334 4641 4546 3989 4901 4546 6334 4974 265 884 1277 773 7593 8107 900 7593 1277 265
16 266 612 723 1542 1430 3151 2062 1430 723 266 1326 5183 3486 1326 5389 266
10 268 2447 334 4191 2447 972 7569 7716 972 268
13 270 4706 715 5343 6204 715 8996 4706 6522 5609 6165 6522 270
31 272 7132 8113 7870 5872 2048 6346 1688 3179 553 1419 2635 4586 2424 7358 4586 1419 2249 553 5965 3179 6346 2626 2048 9110 5872 8113 272 1628 860 272
31 273 5757 3967 273 6198 8896 2937 4145 5829 8212 4201 4757 1636 7067 5937 8701 8696 3217 7819 4380 3217 8701 7067 4805 1636 4042 4757 8212 4145 8896 273
10 274 587 7741 3589 587 4831 277 7864 4831 274
22 276 6018 5167 276 9159 7703 6871 9904 8421 3581 496 1969 2480 6286 4826 2480 496 8421 6871 9159 3368 276
10 280 5188 1905 280 5845 9086 9241 6194 9086 280
7 281 3902 9340 281 920 387 281
7 283 9609 6722 283 7111 3527 283
19 284 8004 5736 2659 6482 288 8185 8340 1807 4127 8340 288 2659 9329 5736 284 2407 1237 284
22 286 4510 3029 5395 4510 2560 286 3542 1797 6031 2237 2486 6616 5879 1974 2189 5879 2486 6031 2696 1797 286
46 287 8738 4921 4360 6434 6032 5488 1243 8977 6247 7888 2478 1777 2286 2596 6080 9043 9612 6080 5786 2596 6284 2286 2490 1777 7888 738 6247 3827 8977 6949 1243 6032 4360 8738 5071 1026 9398 6177 1173 1806 6177 6285 9398 5071 287
7 289 388 4251 6532 8900 4251 289
16 291 1810 4328 8152 9839 9653 5999 9839 4328 7170 1810 3446 291 7900 4311 291
16 292 2549 8249 4650 2239 3191 3919 3347 9239 3919 359 3191 4650 1994 8249 292
7 293 6567 4763 293 2953 441 293
16 294 9265 818 2418 6681 9370 3802 6681 818 294 5466 3193 1697 3755 3193 294
16 295 6540 8907 9339 2000 1987 8290 7457 9861 8290 2000 6926 9339 3363 8907 295
10 296 6714 4475 2818 1816 4475 296 9324 5645 296
10 297 3382 6294 1405 3151 6294 297 5723 9636 297
7 298 9543 8528 4825 5779 8528 298
34 301 7375 1205 8515 8458 9512 5113 6829 5777 6739 2468 5777 5113 8458 3820 8515 7375 6727 301 7263 2656 2841 1207 8744 5938 8043 1030 5938 1207 5470 2841 9743 2656 301
7 302 637 957 3847 2482 957 302
34 304 9163 512 5043 9163 2916 4569 4392 7446 4257 622 9422 6951 5826 2252 419 7363 5665 6445 9813 5665 7336 7363 9414 419 5826 1304 6951 622 7446 4569 9778 2916 304
10 305 5694 5754 7749 7690 5754 305 2099 4418 305
28 308 7014 1258 4426 8667 1758 5767 4654 3604 7064 5954 9592 9054 4414 9607 9054 2306 9592 6483 5954 3604 4041 4654 1758 4426 7014 842 308
10 310 5844 7744 3183 1815 7744 310 4743 1209 310
10 311 4783 2601 5868 4079 2385 744 4079 2601 311
16 315 455 9260 3005 455 9186 315 5604 3651 7128 9748 3651 2508 5604 6948 315
16 317 6835 4112 1447 7550 8374 9892 7550 4112 8948 6835 726 317 3146 8726 317
7 318 4337 7078 9431 439 7078 318
49 319 4357 1392 7800 4247 9833 1064 8801 1970 2590 3885 482 3767 8406 8514 6700 8992 2009 4821 9450 4199 4821 2494 2009 6700 8406 482 7031 3885 881 2590 8801 9833 7800 2497 1392 3418 4357 3969 319 2185 9015 8656 3436 4866 8656 2185 5236 319
55 321 5033 7355 3833 3189 1157 8248 3790 1629 8589 3790 1157 9967 3189 7355 321 1192 6820 7664 4065 5668 7585 5858 2369 6686 7535 1072 2650 7506 6360 7289 2719 945 8401 7330 586 7576 1950 5307 6826 1950 586 8401 2719 6360 2650 7535 2369 7585 4305 5668 7664 1192 6183 321
19 322 6862 4576 509 6504 2614 1608 8350 3107 2801 6055 1476 2801 8350 7844 1608 6504 4576 322
7 324 6144 7314 324 5060 5173 324
37 325 1772 8137 6955 1366 5090 3309 8360 7751 2752 6232 3041 8922 1324 3041 2752 4367 7751 3309 1872 5090 1711 1366 8137 325 9567 1238 8400 4505 3569 8668 7624 3569 8400 4062 1238 325
13 328 654 9847 9944 5054 7168 9944 654 5494 1662 2704 5494 328
16 329 1286 8403 8764 1349 5449 709 4868 2843 5424 2045 2843 709 1349 8403 329
13 330 3441 7721 6579 6319 9233 6579 2022 7721 330 1588 9785 330
10 332 872 5286 3051 930 5286 4021 872 1697 332
25 333 9526 2123 2811 3008 1824 1197 3008 2123 333 6209 6755 1070 8681 858 1958 1052 6942 1958 8681 7122 1070 6209 2374 333
16 335 1325 758 3178 3182 5583 3178 1325 7913 4331 9632 9043 4331 3168 7913 335
16 336 1244 7975 4013 1244 1527 336 4124 7352 2092 1344 424 8993 1344 7352 336
19 337 9697 8682 337 6702 7805 2378 4755 8070 772 6738 5082 8289 6738 8070 6442 4755 7805 337
19 338 6450 6894 338 9147 4438 2602 7154 9602 750 5684 7046 3556 5684 9602 2794 7154 4438 338
13 339 6745 979 339 4972 1653 6102 5118 1653 9664 4972 7488 339
10 340 9989 8147 9397 9989 3367 340 4414 2005 340
28 342 7680 8042 2533 3235 5692 714 9149 2694 7794 7622 7533 7794 9149 1529 714 3235 9180 2533 5172 8042 342 5465 9393 9554 3383 9393 342
40 345 9315 4894 7349 9573 9691 9253 3137 5324 6740 368 1581 4843 2946 6156 1991 2946 4329 4843 3166 1581 6213 368 5324 8525 3137 7517 9253 9699 9691 678 9573 503 7349 9315 8513 345 5072 5217 345
40 347 5515 9181 6048 4090 3617 8577 6277 3617 6048 9516 9181 347 5592 5971 2328 813 7876 9096 6987 3091 1549 6267 6270 3390 1418 7821 3130 1418 6270 1549 6987 6995 9096 5453 7876 2328 5592 9237 347
4 348 6196 3679 348
13 349 3909 1919 1621 3909 7441 349 6417 7833 3358 6417 8158 349
7 350 1993 4074 4806 1993 7356 350
67 351 2288 6440 9742 4909 5442 2766 4909 6440 1077 2288 6780 7710 1436 5112 1363 735 8115 3298 4278 8519 5698 1989 9066 8156 7945 4003 8055 3113 5393 7923 7581 5094 6775 5983 2101 1174 625 4484 1174 8516 2101 3055 5983 5094 4990 7581 5467 7923 3113 2690 8055 7945 6084 8156 1989 8519 7526 4278 8115 1363 2724 5112 5624 1436 6780 351
19 352 3215 7557 4055 6915 2567 4055 3215 2299 352 1420 6303 7473 4403 5325 7473 1420 9613 352
16 354 1053 3775 9609 6283 3775 3735 1053 3502 1472 8660 4979 4864 8660 3502 354
28 357 8450 6736 5266 8450 3645 7231 4200 1665 1347 8496 6629 848 7544 6095 848 8700 6629 1347 4589 1665 4593 4200 2509 7231 5321 3645 357
16 358 5508 2547 1977 8243 4537 4490 5362 2518 9405 5362 9432 4490 8243 2547 358
16 360 1108 3879 5110 8095 1967 5110 1108 448 360 7683 8333 8545 7683 2205 360
40 361 1602 2511 4152 3853 6305 9776 5533 2152 4827 8147 2606 4827 5533 6305 2128 3853 8867 4152 1602 4020 8767 9626 3616 9002 1350 767 5667 680 490 642 680 767 5726 1350 3616 8767 450 4020 361
19 362 5347 7092 8642 6920 901 710 946 901 8211 6920 7092 8318 5347 2823 791 8092 2823 362
13 363 7874 7758 3894 4544 1975 2046 4544 3202 3894 955 7758 363
10 364 7262 8727 4070 7262 4250 364 1010 4220 364
16 365 4819 4073 3396 8447 5613 4861 8447 4073 5102 4819 3285 365 6298 2099 365
67 366 5278 1573 1230 8789 6163 4745 9826 7804 1463 616 7771 8385 6469 7771 2168 616 1592 1463 9826 6163 4076 8789 1573 366 1873 7362 1106 9359 3153 2632 8112 8886 676 5358 3784 2706 7924 3905 5818 5574 5233 6229 3230 5056 9521 8737 7508 6729 8737 5056 6229 2454 5233 5818 7924 3784 3520 5358 8886 2632 9359 6399 1106 1873 9976 366
25 367 7600 7055 3714 8052 9717 5690 8499 7564 5087 3680 8251 620 8319 8235 4420 8319 8251 5087 6560 7564 5690 8052 7055 367
22 371 6627 1724 5691 3986 3770 1586 8144 5335 7444 8144 3770 5691 6627 2538 371 8571 4192 3865 8571 2725 371
16 372 9828 8587 372 9514 8676 1327 6393 1960 3150 8632 1960 1327 9514 9678 372
13 374 8821 5503 374 1999 4332 6892 1102 7389 6892 1999 3668 374
19 376 4824 1089 384 5827 1089 1580 4824 8221 7968 6687 5139 2747 6687 4964 7968 2860 8221 376
31 379 6766 8456 379 9269 6114 7780 9838 8807 1898 923 7887 9282 1921 5546 5852 8605 1480 5852 9836 5546 9282 988 7887 1898 9171 8807 7780 5203 6114 379
28 380 3930 4662 8218 1521 8037 2428 717 3966 2428 1521 429 8218 3930 3612 380 1957 4061 9101 3605 1271 9101 3140 4061 9552 1957 5171 380
4 381 7833 4209 381
16 388 2354 2837 914 5306 4536 2212 9479 4536 914 8026 2837 5372 2354 7774 388
10 391 8635 3851 1505 4866 3043 1505 8635 7296 391
10 392 1964 7118 392 8566 9064 4780 9603 9064 392
10 393 9777 1056 3937 7201 1056 393 5067 459 393
13 396 7107 5569 7900 8412 5569 396 2477 6974 7821 2477 2170 396
10 397 9092 2553 8549 9458 2553 397 8537 2111 397
4 400 3878 4825 400
25 403 8097 7043 9346 2905 7043 1127 8097 7674 6420 4175 6449 9894 3842 3636 1247 3054 6873 1247 2995 3636 9894 4175 7674 403
16 405 9589 1533 405 3590 1456 3780 9835 9652 9222 5161 9652 3780 3590 5394 405
22 406 3915 4408 3214 7442 8286 3214 3915 703 406 4258 7136 6586 2086 594 6002 2086 599 6586 4258 5076 406
13 408 9527 1014 741 5544 1014 1934 9527 1517 5223 9759 1517 408
34 412 8887 3348 8356 5980 9661 8356 8887 9900 412 4834 3424 9873 1139 1120 7629 6578 8602 2998 5837 3407 2998 6578 2255 7629 6062 1120 4471 1139 6099 9873 3711 3424 412
13 416 8799 7642 3410 8641 1059 7570 8561 1059 3410 8799 4006 416
19 417 1319 7039 8755 4753 8040 4484 5498 8040 6266 4753 3211 8755 9232 7039 5463 1319 9299 417
4 418 6932 7124 418
22 420 5295 1990 4917 5825 2665 1589 8551 9619 4744 9812 9619 1589 5825 3526 4917 9566 1990 1273 5295 5812 420
7 421 3323 5830 4922 3323 8146 421
22 422 9624 6751 8880 8644 8033 5597 6870 2495 2831 6870 8033 3933 8644 6751 422 5955 9195 5721 8770 9195 422
7 424 3797 7465 5552 3797 6887 424
22 425 4321 6621 4521 2676 4103 9018 6374 9131 9898 6374 4103 1121 2676 5256 4521 9558 6621 425 1204 2431 425
22 427 3938 9871 1812 1743 3615 1812 3938 962 7322 2348 8261 1493 8567 8090 5228 8567 9853 1493 2348 962 427
19 431 6547 6253 8391 9216 3672 3508 1489 9460 3756 1489 3672 8391 6547 9564 2191 5538 9564 431
13 435 688 4682 1338 3245 1919 9866 3245 4682 2588 688 5178 435
7 436 5100 6536 499 7169 6536 436
16 437 1726 3421 437 7281 7228 9468 6459 1607 4545 6459 2053 9468 7281 5234 437
16 438 3889 4083 9703 2956 9903 3268 4962 8448 4646 7199 8448 3268 2956 4083 438
16 444 6221 5630 2883 9228 5630 7765 6221 1888 444 2705 3333 3992 2705 4523 444
19 445 5038 3758 3216 5038 1556 740 9702 3705 9160 9264 2464 2318 1414 2464 9160 9702 1556 445
19 446 5218 6311 4748 9554 6311 446 3015 5507 9946 1248 5221 771 2287 5221 1000 1248 5507 446
7 447 736 8172 1324 8893 8172 447
22 449 2019 2716 1778 7233 3759 8657 8289 3759 3221 7233 2716 934 2019 7701 7679 6662 9943 7679 6843 7701 449
7 452 6661 9494 452 5216 4869 452
7 453 1791 7632 2337 8149 7632 453
10 457 4074 6337 1208 2372 7066 1208 8925 6337 457
7 459 3866 8858 1885 4774 8858 459
7 461 6734 2074 1832 6734 2642 461
10 462 5232 3924 5855 5232 7646 462 9231 9451 462
19 463 4816 4925 601 9994 3516 8806 2799 3516 601 4816 2501 463 8165 2382 6567 8165 2919 463
16 464 5585 6461 8655 8419 6461 1381 5585 7786 5673 3567 8719 5673 469 7786 464
7 466 4830 9666 466 7736 1407 466
7 467 3161 5205 2578 3161 7051 467
25 468 9637 6874 7360 4228 7712 7176 9506 5407 3922 4702 3667 5827 4702 5407 7176 4228 8257 7360 6991 6874 468 1233 1200 468
10 470 7781 5064 7422 7781 4948 2805 4244 4948 470
40 471 7742 548 2031 9783 9906 4486 7755 9251 4219 7848 1821 6654 1303 4568 1261 2424 4568 6654 4651 1821 1110 7848 742 4219 7755 2397 4486 2038 9906 8039 9783 548 7013 7742 1929 6719 3576 1929 471
7 472 6915 8439 472 2681 1369 472
10 473 928 3083 7791 2634 3083 473 2756 5143 473
10 474 6976 3736 7196 1837 7256 7196 8000 3736 474
28 475 2274 9562 5778 6299 4038 1678 7270 7029 1678 6299 6546 5778 2274 3753 9443 592 2637 7595 9204 4532 5835 9204 2637 9443 9040 3753 475
37 476 9029 9337 9005 7613 9337 476 9199 4439 7259 6838 5007 2314 5528 4685 3226 1043 5755 1373 8222 1896 7685 8222 8435 1373 7954 5755 3226 5528 5007 6921 6838 2257 7259 9199 6357 476
13 478 4548 3406 793 4539 1672 6632 4539 3406 1738 4548 9977 478
10 480 5804 7030 480 1330 3868 7631 5982 3868 480
10 483 7802 6711 4499 4520 5578 2147 4520 6711 483
31 484 4162 2671 7573 9520 3800 1706 2432 5130 5366 7718 5130 6278 2432 3800 7573 4162 6898 2594 9780 4519 8762 833 7890 4281 833 5276 8762 9780 6898 484
16 485 9226 7219 1468 9442 9915 2987 9442 7219 485 4595 1536 8151 4595 850 485
46 487 9063 5379 7548 3344 7373 5005 4829 7373 7910 3344 6228 7548 9063 6487 487 563 2332 8885 545 8452 8851 1450 1983 8691 9423 3601 6359 517 2965 9768 9747 8244 9768 517 3601 2066 9423 1983 8851 545 5988 8885 1133 2332 487
4 488 1476 8330 488
37 489 953 4404 4655 8298 8247 561 8298 4404 1835 953 3227 8349 2016 1568 5051 956 6067 3699 6418 7877 8253 3534 8593 3779 3534 5614 8253 6418 9263 3699 1955 6067 5051 2016 3227 489
19 491 897 2406 810 7047 2406 9177 897 5483 491 3162 8210 9395 4129 8840 8110 4129 8210 491
7 492 7507 2732 8958 7507 5293 492
16 493 6289 5840 2534 9290 6929 2907 5021 4223 2266 5021 6929 2534 2781 5840 493
31 495 2110 7434 495 4738 2849 3740 1667 8142 5551 581 4479 6785 8517 9611 1988 9718 2901 1988 2049 9611 6215 8517 4479 5551 1992 8142 6225 1667 2849 495
10 497 7769 9288 497 8652 7099 9962 8652 743 497
25 498 6118 5227 3330 7121 3401 9756 6589 9376 5940 6589 3715 9756 8673 3401 5563 7121 5084 3330 6118 6604 4912 2300 6604 498
10 500 2059 9364 500 3180 3048 990 4298 3048 500
22 501 9867 7392 2393 2874 7927 1626 679 2991 9874 3545 2991 1626 6847 7927 2393 9867 8188 501 9308 6170 501
7 502 5273 6875 502 954 861 502
7 506 5549 8030 591 5549 8763 506
34 507 2200 5281 4910 8468 6730 9571 9399 8585 7652 4122 8585 9571 8468 5281 6495 2200 7125 507 4383 2980 5312 4204 6683 3485 9060 6683 5312 8198 2980 6603 4383 3016 507
40 508 9757 2459 9258 9544 5504 6316 1624 3119 6107 1691 8268 7120 6597 2047 6511 5821 6036 2151 8272 7326 1276 2246 7866 1276 8272 6036 6511 6597 8268 3665 1691 3119 4069 1624 5504 9258 9757 7168 508
31 513 7615 9223 2856 2527 9559 2864 6474 3655 4590 6474 9559 2856 7615 8881 513 9714 1850 1422 6169 6558 2745 8045 9715 2745 6169 4177 1422 9714 5009 513
13 514 9420 882 5308 1179 1265 5308 9420 1538 5588 3593 1538 514
28 515 8872 9616 2381 840 9639 1937 3188 2076 1937 840 6296 2381 6744 9616 515 1699 9374 4173 3693 6653 7705 6291 6653 9323 3693 9374 515
7 516 6713 8578 6358 8345 8578 516
31 519 6599 9618 519 9332 6708 7614 5220 3147 875 2003 1225 2525 2307 9088 8449 1332 4735 8449 2307 1225 8722 2003 3147 7614 5908 6708 9013 9332 9257 519
25 521 9382 9547 521 7378 9651 2540 3540 7145 9017 6121 6179 4984 6605 1523 4984 6121 4982 9017 3540 2083 2540 6813 9651 521
4 522 3877 2583 522
7 523 3683 857 8316 3683 1041 523
28 524 3224 9726 3001 7698 10000 6180 3732 1079 5884 6592 9572 5884 3732 10000 5900 7698 8121 3001 2403 9726 779 3224 7494 524 5996 4951 524
13 525 2453 3537 525 2437 7346 5380 2265 7346 6624 2437 8192 525
19 527 3009 6672 843 9190 7335 5919 1836 9786 5919 9190 6290 843 3009 1730 527 5386 5641 527
16 528 9689 5085 6828 6282 7981 689 8662 7981 6828 3377 5085 2911 9689 3566 528
4 529 4524 7268 529
7 530 1209 733 530 4282 6812 530
7 535 4673 7461 535 8446 5578 535
4 537 4822 4307 537
10 539 7897 3555 539 6994 3618 5887 3320 3618 539
13 540 9700 9583 6506 9700 6123 540 6245 2113 2641 6245 2136 540
19 543 6612 5903 2323 6206 9114 4680 8296 6868 1103 3896 6868 5836 8296 9114 2323 6612 5419 543
10 544 8778 5653 8905 9655 7405 8343 9655 5653 544
16 546 1428 7119 546 6007 8022 7462 7865 5447 8093 9106 1579 8093 7865 8022 546
19 547 7084 3685 2803 3316 8005 2891 3316 3685 547 8500 6489 5196 607 4378 5196 5655 6489 547
22 549 6505 5342 6210 7916 5608 2105 2977 6535 4769 8368 4615 4769 2060 6535 2105 7916 5342 549 757 5072 549
28 551 6452 4527 6690 8569 1800 1202 8569 3339 6690 6362 4527 551 994 9429 589 6757 6006 5132 1182 3194 9772 4587 3194 5132 6757 9429 551
22 554 3299 8971 4633 1613 1729 8155 4459 7404 9605 3873 9224 7414 3873 7404 8155 1613 6585 4633 3299 1978 554
37 555 5181 2878 8103 4619 8389 6867 8240 5475 4132 5763 6389 6372 6673 4027 6372 8706 6389 2346 5763 7980 4132 8240 8389 8103 9142 2878 6641 5181 6193 572 2166 3197 4983 2166 6193 555
34 556 2729 6811 8308 2729 1457 1859 2120 2224 892 6677 6246 6072 7750 4477 4863 6453 9961 3996 6453 4477 817 7750 6246 4028 6677 9408 892 1322 2224 1859 7255 1457 556
7 557 801 4444 943 8307 4444 557
7 559 2735 8267 559 6313 8197 559
19 560 1443 1847 9292 1443 867 4778 2727 2228 7740 7673 5441 1332 5434 5441 7740 2727 867 560
19 562 4058 9896 562 6155 9641 731 1907 724 4330 2500 724 731 9227 9641 6861 6155 4666 562
19 564 1368 2502 2190 3306 1864 1818 4626 1864 7049 3306 2502 3073 1368 3115 564 8036 6028 564
40 565 7361 7395 2032 7860 5290 8608 4581 8031 1752 878 9342 6351 7460 8207 3625 1932 9825 6416 9352 7881 6416 5154 9825 3625 7460 9342 1752 4581 5290 2032 7361 4859 831 7950 3486 831 5620 4859 565
10 566 8919 1358 6594 8919 2597 1820 3087 2597 566
10 568 1522 5639 5382 9879 9644 6520 9879 5639 568
43 569 7127 9188 9760 8825 9188 569 2516 9019 9297 3177 8954 9138 4956 2195 1353 6731 2391 1642 3533 2158 1591 2107 3501 4610 4890 3501 1591 3533 2391 9709 6731 2195 9138 6276 8954 6081 3177 8685 9297 5857 9019 569
31 570 2201 5875 6556 959 912 9079 3591 912 4054 959 8672 6556 2201 5894 3020 1502 5934 6458 7411 944 4085 7411 6550 6458 1826 5934 3020 6601 5894 570
10 571 5746 4190 571 2308 7238 8066 2308 4888 571
25 573 5527 2444 6301 2064 3209 2785 6066 2059 2785 4750 3209 6301 6322 2444 5522 5527 1879 8444 6341 4902 8444 9729 1879 573
16 574 5499 3506 9737 5499 3258 9972 8850 4852 2402 5883 4852 9972 6154 3258 574
4 577 5454 4611 577
4 578 5595 8619 578
43 579 2165 3561 1746 5052 8529 7739 699 8529 6947 5052 3561 4091 2165 2894 3439 2825 9956 8671 4847 8795 6857 3717 4369 8301 1458 1413 3584 4384 6953 3584 1458 4369 6857 1972 8795 7946 4847 9146 8671 2825 2894 579
28 582 2768 9457 8949 7761 2109 8949 2768 2788 7023 7320 2312 7087 1655 9663 4231 8494 2431 4231 5986 9663 8952 1655 2312 7023 2188 2788 582
10 583 681 6552 2899 5728 3452 2899 681 9955 583
13 584 5046 9254 9325 9908 1236 1395 4395 3537 1395 9908 9254 584
7 585 3078 3095 1514 3078 1567 585
25 590 2028 4658 3010 1587 7276 7020 9078 6767 6881 7253 7577 6297 9507 7577 8659 7253 6767 6402 9078 7276 3010 8324 4658 590
10 593 8766 3027 5151 3701 1090 5151 5531 3027 593
13 595 2253 7915 964 2253 5199 3063 1767 1618 2733 1767 5199 595
10 596 7090 8124 5837 7090 6879 596 6650 6189 596
13 597 8859 839 597 846 9922 9440 2220 9922 9979 846 9174 597
10 598 2077 4171 9320 2077 883 598 7142 7933 598
4 600 7457 4970 600
28 602 1630 1713 1469 9383 7826 3570 3304 7505 4218 7016 1171 5557 7016 7505 2475 3304 7826 1469 1630 7135 602 4528 3058 5241 8015 3058 602
25 603 9933 7246 8129 7280 6262 5146 1423 2481 6227 7226 4293 6227 6566 2481 4335 1423 5911 5146 7280 7246 603 873 9283 603
4 607 5387 4759 607
13 610 5359 7024 1252 5423 7024 4733 5359 7575 610 4963 8273 610
22 611 2186 2580 5045 5956 3385 8653 3927 909 7964 9057 4222 8304 9057 909 8653 9841 3385 5045 1213 2580 611
10 614 3681 7250 2968 3681 1796 4198 4282 1796 614
22 617 7662 3748 3961 6728 5237 6996 6902 5237 3961 8077 3748 617 5092 8027 1664 3346 8167 9490 3346 8027 617
13 618 5975 7386 3372 3630 2192 3560 1802 2192 4260 3630 7386 618
10 619 722 4854 619 4431 5695 8374 4431 1622 619
22 621 3564 4002 9441 9965 9606 2743 4048 2563 7737 4048 9606 3181 9965 1775 9441 3564 4882 4217 5680 4882 621
7 623 9987 1117 8717 8175 1117 623
28 628 8740 3448 4397 7427 8490 3613 7427 5230 4397 9902 3448 628 4208 5435 7801 8200 4940 6988 3059 6903 6113 3059 4940 836 8200 5435 628
13 629 8983 7334 5245 4120 9560 6528 4632 9560 5245 4883 7334 629
40 630 6431 9880 1966 3690 9037 5880 5109 6500 6377 5800 7992 7879 8091 5161 7879 5800 6500 1995 5109 9037 4754 3690 9880 630 7612 3449 8332 7180 3457 9518 3034 3457 9090 7180 7520 8332 2317 3449 630
16 631 4795 7810 6130 7206 7472 8963 7788 7472 6130 7265 7810 4787 4795 976 631
22 634 4043 802 634 3324 2264 5121 2283 1518 4705 7760 4969 690 7760 1518 7339 2283 2264 3786 3324 8187 634
16 637 8833 9804 3171 5116 9156 3394 6908 4840 3394 807 9156 3171 3290 9804 637
10 639 3397 5687 7997 1753 5148 7997 3397 5380 639
4 640 8884 3242 640
16 641 5737 938 9046 1299 5200 6237 1299 4856 9046 1942 938 641 4721 8534 641
19 643 2361 7389 1545 2361 3846 8348 8532 2440 1962 4229 2835 5536 4229 2440 6525 8532 3846 643
13 644 712 1167 8293 1372 1679 1333 6678 8810 1333 1372 1167 644
7 646 3891 7843 646 7501 4649 646
34 649 6412 2555 9209 1786 3858 9209 6412 7809 649 6917 908 4965 8078 8536 9055 7839 5122 9274 3381 669 2137 7659 6145 1179 7659 669 9274 7839 6649 9055 8078 908 649
13 650 6367 7429 4303 6367 8878 5476 4679 6336 9673 4679 8878 650
16 653 9926 2761 4513 9926 6633 653 4572 9586 5480 9686 2248 5480 4572 3440 653
10 658 1569 5781 9176 1644 5781 658 7684 7813 658
28 659 4399 3975 6611 6899 3975 2589 4399 1119 3228 3132 1870 3057 3652 6854 3980 9531 9295 8573 4283 9295 3980 3652 1643 3057 3132 1119 659
4 660 2647 1930 660
16 661 6583 1115 661 3834 1941 5460 9433 5185 1649 8748 3945 1649 9433 1941 661
19 662 9099 9235 1397 7397 9235 8428 9099 3404 8013 2757 9279 6492 8130 9279 8013 5596 3404 662
34 664 6916 2118 4207 4246 6043 9343 5980 6043 8354 4246 9529 4207 8544 2118 6201 6916 6909 1564 7846 4445 7477 7419 5352 6142 7419 4445 3568 7846 9750 1564 5079 6909 664
7 665 5572 9119 7599 7650 9119 665
13 666 3123 3949 5864 8854 8894 5482 7501 8277 5482 8854 3949 666
13 667 3283 3653 8483 4140 791 8483 3283 6240 667 8784 5940 667
16 668 5717 5025 2682 6827 3575 5095 3093 5210 6840 3093 3575 5992 6827 5025 668
25 671 3907 5681 2804 7434 1399 2804 3907 1917 671 6715 8492 751 4915 4031 7101 788 6475 7101 4915 9846 751 6715 3256 671
10 673 1670 5125 673 5693 1250 6400 5693 9389 673
28 674 3931 9372 5532 3931 8842 1152 5077 7998 7400 8150 5070 3968 6383 5249 8440 6656 5249 2305 6383 7193 3968 1452 5070 7400 5077 8842 674
19 682 7979 4818 6716 4029 4818 6230 7979 8731 682 7510 1416 9725 4488 4986 9725 9810 1416 682
16 685 6613 2142 4791 1840 3218 6137 6607 4356 2030 7261 4356 6137 1840 2142 685
10 686 8266 9807 686 1763 8703 6243 1763 6956 686
13 687 1257 896 8048 2141 975 8048 1257 5318 687 4327 7936 687
4 689 6265 3024 689
4 690 1844 5686 690
10 691 3757 7768 8753 7113 4127 8753 4945 7768 691
7 693 5270 7523 693 1478 5265 693
22 696 4113 8609 8284 8321 1040 3974 7895 3276 3974 6413 1040 8284 4113 7163 6327 6251 3664 1075 6251 7163 696
13 698 5918 4741 6197 6304 4741 6833 5918 2920 698 4592 5969 698
31 704 6618 5292 1944 5824 3869 2572 4125 3963 9314 865 8065 1839 7773 8065 1342 865 3963 2258 4125 3869 1944 9522 5292 2646 6618 2782 704 8594 4538 704
7 705 1933 7076 5508 910 7076 705
28 706 8325 4221 3722 5501 6148 4608 6470 8125 2873 7926 5361 3021 2891 9219 3021 7926 4253 2873 6470 6148 3722 8325 6946 2243 5459 6946 706
16 707 2595 7337 6272 2595 1177 8866 6181 4008 5964 5727 4008 9643 6181 1177 707
13 708 4273 6669 1766 4895 6669 708 7993 4849 5658 6582 4849 708
4 710 5108 7143 710
4 712 9201 8309 712
10 713 6793 2638 713 9594 1894 7990 4590 1894 713
13 716 7405 4570 9032 4005 4139 8246 6622 7208 8246 4005 4570 716
10 719 1082 4531 2293 1082 7401 3510 7370 7401 719
28 722 1737 3811 6623 7102 2975 9877 9591 1732 5502 5853 8382 6885 1634 2070 6087 8196 2070 6885 5853 1732 6354 9591 2975 6623 6659 3811 722
7 727 2895 4339 727 3697 7836 727
7 728 3362 7051 728 2269 6772 728
7 729 8237 3265 729 8054 9036 729
10 730 4381 4958 2169 4381 3840 730 8920 3756 730
16 734 5274 2692 1280 5274 7808 2630 8493 9111 8861 7917 9111 2630 9027 7808 734
10 736 8932 9891 9130 7077 9891 3473 8932 863 736
16 737 6693 1246 2964 3603 1600 6445 3603 1246 737 2244 6312 9312 8214 6312 737
7 739 6300 2021 739 9153 6313 739
10 741 3148 8433 2498 1291 5905 2498 8870 8433 741
7 746 3415 2543 9302 7141 2543 746
7 747 7704 7217 2888 3305 7217 747
19 748 8526 2655 5457 8526 6930 7948 2179 6106 8305 6494 6053 8305 2913 6106 6568 2179 6930 748
10 749 3031 1336 3278 3031 1554 749 823 9267 749
10 752 8473 6937 9749 9448 4199 9749 8473 3567 752
7 753 6925 3247 753 7288 6938 753
13 754 2153 3610 6643 4144 6017 8849 4144 3610 754 1783 9424 754
13 755 7372 1884 755 3552 2280 4205 4668 2280 8135 3552 9990 755
19 756 1646 1672 756 2829 7157 3785 2939 3633 8285 822 3633 3033 2939 6666 3785 2829 6940 756
7 760 5408 9620 8073 5408 2548 760
22 761 5099 2093 3493 5211 1612 3493 5099 2042 761 7479 4051 1078 5411 7369 3587 7636 7369 2523 5411 4051 761
10 764 8720 1938 933 8720 4599 7179 9400 4599 764
22 766 8117 8733 5696 1312 3165 7665 3469 3953 4978 3281 5409 4978 3469 3165 8698 1312 8733 9865 8117 8770 766
37 768 3621 4949 8995 5238 1185 3039 6773 9124 8017 4857 3594 4425 9392 2546 1525 9392 4064 4425 1337 3594 8017 6773 1185 8995 3621 6258 6752 6963 4967 3531 8397 8237 3531 6963 6258 768
13 769 1012 3999 5197 1151 3999 769 9491 7464 7930 2297 7464 769
19 774 5657 8680 4297 9299 8680 6149 5657 5225 774 8935 6009 4022 5184 2827 7907 5184 6009 774
13 776 9710 3988 2343 3434 3500 6385 3434 3988 832 9710 6942 776
7 777 4767 1603 9493 4767 9585 777
16 778 3437 1597 778 5722 3766 8782 9764 2514 8628 3557 2514 3072 9764 3766 778
10 782 7021 5404 9795 7006 5928 9795 2838 5404 782
10 783 5436 6895 5701 5542 6895 783 1976 6057 783
10 784 3350 4488 6264 3350 9161 784 9242 3253 784
13 785 9886 3308 2738 9137 9449 1464 9137 8394 2738 6804 3308 785
4 789 6849 2831 789
7 790 2413 4944 1232 2389 4944 790
28 792 4657 5029 2349 6747 2961 3725 7239 3425 6795 9105 4151 6024 9105 3425 3725 9347 2961 2349 4789 5029 792 4494 5493 3918 2318 5493 792
7 794 4232 6133 2056 4616 6133 794
10 801 8014 2417 2282 4349 3006 1827 4349 2417 801
34 804 6042 3239 8564 7034 8540 7116 5011 9071 2826 2456 9736 4976 6324 4385 5586 5869 4385 996 6324 9736 2854 2456 9071 7116 7034 3657 8564 6042 2966 9593 6905 2966 804
28 805 8554 5265 805 1799 6521 2465 2398 8771 1435 6438 7248 8936 9185 4663 8775 9185 7248 8012 6438 3670 1435 5142 8771 2465 5219 6521 805
34 808 2652 7466 8813 1125 8555 6959 8303 1479 8982 5388 4366 6039 4403 6208 6039 5388 9113 8982 6366 1479 6959 1125 9656 8813 2652 4053 808 9294 3970 3674 9294 1915 808
10 811 8436 9074 811 6108 2731 7797 6108 6526 811
10 814 8427 9025 2769 5537 9025 3371 8427 3876 814
43 816 2326 1425 5123 6051 7428 7969 6409 8658 6962 3841 7377 2599 5215 1314 3744 1406 2207 1219 8574 2819 8630 8574 9707 1219 8648 2207 3744 5215 5041 2599 3841 2395 6962 7218 8658 7969 4296 7428 5123 2326 4150 816
19 821 4271 5913 821 4363 9157 1107 8836 5993 847 4704 8645 847 1639 5993 1107 4363 3349 821
4 823 5486 4197 823
13 826 2420 9434 2422 1002 1199 3877 5702 1199 3062 1002 9434 826
7 828 7962 1062 5975 7962 6719 828
4 829 2691 1249 829
10 834 4709 3960 3806 4709 9658 7062 9971 9658 834
13 835 2172 5886 3990 8986 5886 835 3129 1949 6848 1743 1949 835
34 837 8998 4052 8341 8140 2797 5878 1354 7057 1163 6822 2112 7323 1633 8945 8507 1633 6533 7323 6822 7057 3947 1354 2797 8341 9983 4052 837 866 2365 2210 5729 2365 837
25 844 3484 6924 2435 2983 1105 2377 6117 5114 2377 4350 1105 2435 3484 9905 5430 2893 6720 915 3600 6720 5430 3014 9905 844
10 845 7490 5066 3716 8309 5066 845 9670 8610 845
19 849 6819 8139 5870 6933 3273 9975 6933 8550 5870 7556 8139 849 2430 7864 1412 2430 2298 849
25 851 4934 9024 851 1068 2367 4534 9719 1454 7053 9646 5524 4672 4032 8713 6689 4032 2423 4672 9646 1454 4534 3908 2367 851
13 852 7290 9852 852 2384 6376 3414 8596 9938 8853 8596 6376 852
25 853 7956 4165 5832 5228 4165 5802 7956 1018 3662 1021 1819 7237 2466 6688 7667 3491 3500 7667 2466 4865 7237 1021 1018 853
13 854 4292 3983 7185 5838 3983 3284 4292 8016 7252 5484 8016 854
10 855 6515 1916 855 6517 4163 1823 3282 4163 855
19 856 6580 4249 1943 9411 8620 5365 6328 1856 6087 6328 9809 5365 9411 4249 856 6404 2030 856
7 857 9406 5793 1555 9406 1390 857
13 859 7158 3255 859 5815 1805 5776 9758 6935 5776 6011 1805 859
34 862 2171 4691 5877 3579 2746 2102 2959 8788 2214 3592 6496 9202 5766 9623 6427 1719 6908 6427 3233 9623 7079 5766 2338 9202 3592 8788 2102 3579 4691 4202 2171 3369 862
19 868 6044 5261 4558 7901 5764 4562 5758 3067 3118 7302 2189 3118 5758 5764 2985 7901 5261 868
25 869 6701 4618 5619 4075 2808 9451 4128 2808 5619 6701 3455 7893 3750 2960 9428 5145 8692 8819 5145 1229 9428 3750 3455 869
16 871 9075 4796 1801 1583 1842 6501 5291 4421 5682 7855 4421 6501 1583 4796 871
4 873 9176 5055 873
10 874 9446 5521 8601 9362 5521 2736 9446 5981 874
10 876 2557 2197 876 6462 2605 4609 6462 1112 876
10 877 9511 4987 2997 9511 6222 8786 5890 6222 877
13 879 1301 4183 7890 1301 983 8408 9268 2908 8408 1876 983 879
4 885 7732 7620 885
22 886 9050 5792 6598 1712 9817 5401 7545 8699 5401 7426 9817 6598 2722 5792 886 4441 911 1700 4429 911 886
19 887 1865 5753 4443 4168 1045 958 4168 5753 4320 1865 9844 887 6810 1143 2216 6810 1513 887
10 888 2251 8180 8629 5027 8180 888 2933 7296 888
7 889 7123 1346 8157 8713 1346 889
7 893 8897 7912 893 3416 1136 893
4 894 8840 3167 894
13 902 7869 6997 8488 8877 4833 8488 7869 1126 902 5883 8558 902
13 903 9236 4543 5652 5739 3497 7123 1029 3497 5700 5739 4543 903
13 904 3671 9345 5939 9532 3471 9499 9532 8728 5939 3948 9345 904
7 905 8280 7594 905 5262 8441 905
19 906 8342 8939 2530 1883 2148 2492 8951 1716 2492 1883 8069 2530 7918 8939 906 8247 2758 906
4 915 8843 8263 915
10 916 2334 2090 7970 3329 1753 1605 3329 2090 916
7 918 6658 7726 918 1671 8292 918
10 920 9640 7367 9234 6368 8961 5981 6368 7367 920
13 924 7082 5384 6758 6979 4261 5418 6979 5384 924 8395 1877 924
10 925 7935 6361 8730 7935 6866 925 5539 3559 925
7 927 3745 3773 927 7229 8008 927
31 931 6733 1721 7436 2001 6816 1145 1178 6816 7436 6577 1721 931 3910 8469 1114 5126 6821 6704 8707 1611 8502 7616 2292 2968 7616 1611 6704 5126 8469 931
16 932 8739 5747 7807 8739 4502 4684 9634 1345 9474 5718 1345 9010 9634 4502 932
16 936 3571 5946 1694 8651 4134 2506 2472 2806 2506 8651 5946 9127 3571 8781 936
13 939 5323 9070 2699 8203 9070 939 3942 4380 2460 3942 9883 939
16 940 6973 8643 6173 2219 8643 940 5976 4723 1677 3589 5487 1677 5976 8994 940
13 941 3778 3921 4900 9767 5168 7648 2234 5168 4900 7816 3921 941
13 942 2316 5375 942 8967 5136 9711 3804 3296 2143 3804 5136 942
7 944 2657 6279 2291 2376 6279 944
7 948 1650 5207 948 6091 1837 948
13 950 5568 8245 1278 9931 8824 8592 5958 8824 1278 5340 8245 950
31 952 5774 2187 4734 6401 4607 8828 5412 3237 3710 3374 5920 3895 1717 9206 7216 5063 7511 1300 5063 9206 3895 3374 3237 8828 6401 3199 4734 5175 2187 952
28 954 6534 5363 6356 5062 6943 4886 5744 3326 3769 3479 4044 2072 3479 7137 3769 7597 3326 2425 5744 6943 6356 8312 5363 4598 6534 5088 954
19 961 7188 7433 7734 9500 7347 7734 5803 7433 9193 7188 4776 961 5514 2941 8035 6273 2941 961
10 963 6640 3892 1741 6640 3134 9172 8978 3134 963
34 965 9091 8523 9022 5317 8523 4485 9091 4792 8595 5915 9480 9642 5177 8323 7074 8883 9082 4227 4617 8372 9848 4617 1903 4227 4442 9082 7074 5177 2206 9642 5915 4792 965
46 967 2678 6151 4265 6651 8228 5926 2921 8402 5926 3176 8228 4265 2678 3159 9774 9035 3955 2285 7423 8965 2267 3623 6135 6944 4588 9864 2334 4588 3357 6944 2296 6135 2267 6061 8965 2362 7423 3098 2285 1610 3955 5026 9035 3159 967
10 968 9009 7213 3474 2806 4730 3474 7610 7213 968
7 969 2917 8968 969 3678 3946 969
22 970 4301 5229 3341 6592 5229 970 4472 9384 5564 1315 5819 4555 4725 9889 4555 3143 5819 5564 4472 2024 970
13 976 7949 5589 5814 4009 4189 8100 1032 6382 8100 4009 5589 976
4 977 8102 2067 977
13 978 2174 8358 8259 9771 9121 4597 9771 8358 2371 2174 9083 978
10 980 1264 3483 2802 9998 3483 980 8236 5322 980
22 984 1266 8891 3929 1076 6529 6986 1909 6529 3929 1266 2259 8056 6648 8153 5356 4060 8225 5356 6648 2259 984
31 989 2672 2043 2629 9753 8793 8959 4747 8793 2629 8071 2043 989 8750 3464 8361 4154 4302 5128 2159 2051 8398 2159 4302 4193 4154 3464 7424 8750 8580 989
4 990 4455 8999 990
13 992 7723 1188 5068 7723 7702 992 7063 4992 5013 7594 4992 992
10 995 4119 7931 995 3274 5558 1448 3274 9355 995
4 998 2570 5486 998
4 999 5863 3702 999
16 1001 6127 5386 1001 3836 4096 1427 2271 7633 4582 2271 5397 1427 1765 4096 1001
16 1003 8423 3158 6150 1909 3158 8451 8423 6760 1256 1141 4551 1256 3206 6760 1003
25 1004 9243 1227 1004 7038 9834 4726 2928 3103 7849 7657 3843 6798 7657 2973 7849 3863 3103 4726 4115 9834 9056 7038 9631 1004
10 1006 1128 7018 1562 8618 3465 5688 8618 7018 1006
25 1010 1609 6664 1015 3246 4781 2698 6646 2284 4446 8481 3984 8216 7292 3984 4446 8792 2284 2503 6646 4719 2698 3246 6664 1010
7 1011 7356 3154 4137 5355 3154 1011
28 1013 8520 5024 9685 6102 5024 3793 8520 2674 9044 3611 3417 9100 9509 2208 1889 4817 2368 9916 7853 4142 9916 4817 2208 9100 3611 2674 1013
13 1017 4629 3958 4822 1316 3958 1017 2427 6497 3799 8966 6497 1017
28 1019 2513 7584 2162 8317 3687 6223 1911 5618 5339 1911 6406 6223 8317 2610 2162 5350 7584 7940 2513 9145 1019 8962 6564 6723 8822 6564 1019
7 1020 7917 8074 5896 5631 8074 1020
7 1022 4307 3252 8270 1764 3252 1022
10 1023 5565 6381 8723 5565 5917 1023 6984 1145 1023
10 1024 4313 3881 7174 8299 2125 7174 4313 5266 1024
25 1025 4516 2008 2885 8797 3220 7215 9039 4341 5444 1449 3468 5444 9039 3220 2615 8797 2008 1025 8387 1492 9985 3847 1492 1025
28 1027 6082 5583 1027 7160 6685 1574 1875 4018 8264 2558 1378 3995 9217 2677 6561 1279 2677 4752 9217 6131 3995 2558 4018 1574 6295 6685 1027
10 1031 9899 5277 9466 4040 8132 9466 7384 5277 1031
10 1033 8463 4430 1033 2050 5780 8724 5156 5780 1033
16 1037 4174 9344 2667 5134 8509 8848 5134 3311 2667 8351 9344 1037 1294 7177 1037
16 1038 6256 3514 5606 4926 6160 5299 4926 1282 5606 6256 4612 1038 7340 9884 1038
13 1039 7789 2889 1039 2225 4637 4095 3678 4637 8064 2225 7775 1039
4 1042 3054 5793 1042
10 1045 9187 1253 6554 6918 8505 6554 6281 1253 1045
7 1046 9785 4014 9790 1394 4014 1046
13 1048 1582 7173 7267 1582 5659 3536 3138 5157 1594 3138 5659 1048
19 1051 6105 2517 1168 6105 9401 8895 9716 6391 2714 3832 2833 2714 9716 1666 8895 3376 9401 1051
31 1066 8424 4975 2812 7317 5243 6120 7514 3498 1632 4634 1488 1787 7934 1484 1437 2291 1484 1787 4634 3498 6120 7317 4975 1066 5580 5761 1791 3813 5761 1066
19 1069 2824 1401 6220 2927 6233 2900 2927 1401 7198 2824 7841 9435 3156 4538 7100 3156 7841 1069
10 1071 6626 8542 5942 8776 8542 7486 6626 3071 1071
10 1074 3704 5506 2868 3704 2577 5944 5374 2577 1074
4 1083 6595 3023 1083
10 1084 5633 6815 3519 5633 9328 1084 1951 1426 1084
7 1086 2944 5935 4621 2944 6024 1086
16 1087 6750 4624 9528 6750 9403 1087 1899 8863 3518 5603 8863 4447 1899 5193 1087
10 1088 1154 4412 1088 7155 6355 5214 3305 6355 1088
4 1090 3839 3004 1090
22 1095 3035 4851 3831 4261 4851 6869 3035 2832 3079 3634 4877 5783 8597 6493 6658 8597 4877 2058 3634 2832 1095
7 1098 1496 5615 1214 9068 5615 1098
19 1099 1175 5664 5357 7796 5664 7321 1175 4179 3261 1845 1298 6971 1845 8327 3261 1215 4179 1099
4 1103 2686 2300 1103
4 1104 5398 5427 1104
7 1109 6638 9510 9419 6638 1930 1109
22 1116 9770 9052 9390 9576 6825 8524 8234 9033 5302 9084 2310 3022 9084 9033 8524 1539 6825 3231 9576 9052 1116
31 1123 5545 1309 3614 7699 7274 4314 7670 2520 4314 7699 2230 3614 4740 1309 1123 1703 8669 3152 5714 1132 3546 5296 9751 1131 3391 9751 3546 5714 8669 1123
4 1124 9860 7126 1124
10 1131 5745 9935 3737 6764 3011 3737 9811 9935 1131
19 1134 9465 4078 7097 9674 4078 2010 9465 3208 1134 9973 4130 6119 9949 4493 6119 9973 7725 1134
13 1136 9948 8269 9259 3433 8359 8331 1820 8359 9259 9948 1735 1136
4 1141 5301 9304 1141
4 1143 9122 7878 1143
19 1146 3082 7885 8577 3082 8521 7572 2688 1158 1526 6026 5632 1526 6763 1158 7572 8646 8521 1146
16 1147 5451 2855 1147 2839 5152 7431 6064 3819 5458 6064 5152 8746 2839 4533 1147
10 1148 9796 9402 2082 2470 9402 1940 9796 2905 1148
10 1150 9940 5846 4564 8592 7714 4564 9940 4924 1150
4 1151 8498 5439 1151
4 1154 4720 6033 1154
22 1160 2313 7943 8416 1477 8708 8087 1477 2007 8416 2313 5074 1160 6157 3627 1475 3944 5997 1475 6157 9069 1160
16 1161 4242 5495 9779 6537 1524 3086 4391 4456 3086 6537 5297 9779 5709 5495 1161
7 1164 8576 9788 5445 8474 9788 1164
4 1166 2210 7081 1166
10 1169 1931 2311 1169 2238 8297 5896 1854 8297 1169
7 1172 6628 5299 1172 9510 4170 1172
16 1180 8934 6777 5368 5627 7069 5599 5627 9380 5368 8934 4344 1408 2080 4344 1180
16 1184 9486 6635 7308 9486 3131 6211 2386 6075 7134 2386 5497 6211 8034 3131 1184
7 1186 8726 5769 1186 4798 8876 1186
10 1187 7221 8725 5050 5890 8725 4172 7221 7179 1187
4 1188 8202 9628 1188
7 1189 2850 3480 1189 6029 9242 1189
28 1190 4451 2015 8436 4451 4892 9073 5448 3260 4639 1466 8568 5472 2068 2515 2375 2739 8476 2375 2068 3719 5472 1466 3260 5396 5448 4892 1190
10 1195 2900 9981 1195 8166 2458 5298 8166 7840 1195
4 1197 5309 3342 1197
34 1220 2967 3026 1220 6035 3976 3081 7700 6596 5647 8046 7445 3370 2438 9960 3738 2319 5635 1534 1388 2473 2074 5828 2473 1534 2319 9960 3370 8046 6596 3081 6035 8857 1220
22 1221 9030 2625 6109 5685 9723 7906 9988 5570 8829 9988 9723 6109 9030 2711 4498 6608 8463 9668 6608 2711 1221
19 1222 1409 3084 7304 9647 2474 8058 8086 6989 8191 1410 6989 8058 9647 3084 8501 1409 3096 1222
10 1224 6896 3105 1968 6939 1235 1968 6896 1424 1224
13 1227 7144 6983 8464 4724 2309 6030 4724 6983 4101 7144 2215 1227
16 1231 4411 1598 7630 9445 9754 6456 9445 1598 1231 3817 6880 7522 3817 2512 1231
7 1232 1625 9021 2027 8484 9021 1232
10 1233 6292 3515 4181 3997 9895 9593 3997 3515 1233
7 1234 8931 7638 7487 2691 7638 1234
13 1235 4708 3175 6352 8823 3950 5124 6195 3950 6352 4708 2507 1235
10 1237 1674 9498 9365 3588 2870 9365 1270 9498 1237
10 1239 4839 6706 5509 3510 7232 5509 4839 2579 1239
16 1240 8310 3322 3688 4340 9144 4491 3544 9144 1486 4340 3322 6800 8310 5420 1240
16 1241 5285 7478 3092 5951 8772 6928 5866 7914 6928 5951 3190 3092 5285 3566 1241
4 1242 8286 5708 1242
7 1245 7778 9249 1245 2524 9285 1245
7 1249 9534 1860 4157 3431 1860 1249
13 1251 9410 2915 1788 3824 2887 9671 3824 2915 1251 5105 7485 1251
16 1254 8011 8625 7555 5485 4277 7555 6038 8625 1254 3632 7539 7376 5850 7539 1254
25 1255 5851 1817 5064 5851 3956 3936 8623 9551 2845 2510 7731 7451 5756 5650 5023 5756 7731 8552 2510 9551 3936 9255 3956 1255
7 1260 1948 4142 7928 1948 5539 1260
10 1268 1438 6286 9876 1438 8278 2569 5014 8278 1268
7 1283 5930 2104 5575 3593 2104 1283
4 1285 2681 5688 1285
10 1286 1882 6484 3426 7172 6484 9266 1882 6387 1286
4 1291 1701 5377 1291
16 1293 7151 6588 3580 4575 4456 5250 4575 6588 1293 4495 3169 8629 5003 3169 1293
4 1294 7153 9679 1294
10 1296 9305 1473 9524 9360 1473 7617 9305 5246 1296
7 1298 5174 2918 4742 5174 2065 1298
4 1300 1979 6252 1300
7 1310 9140 9503 4286 9140 3707 1310
19 1311 2852 6310 4059 3192 5799 3574 2451 8122 7046 2451 6606 3574 9705 5799 4059 3765 6310 1311
13 1313 8396 2262 9205 8396 9792 6778 3243 5406 6778 9887 9792 1313
4 1318 2341 7636 1318
16 1320 8407 5166 5213 7955 1910 8749 5513 6188 8749 7955 2108 5213 7738 5166 1320
10 1329 7310 1352 2972 9638 3742 2972 8615 1352 1329
13 1331 5555 6370 2079 5610 2863 8661 9918 2863 2079 2986 6370 1331
10 1335 3276 2414 5037 6748 4780 5037 1552 2414 1335
4 1336 9481 2953 1336
10 1339 8475 5584 1897 8239 5584 1339 9812 8365 1339
7 1343 7767 9459 5485 7767 8931 1343
7 1348 9238 8088 1348 7202 2537 1348
22 1351 1900 9733 6097 2303 4584 5663 2303 9733 1351 2131 4952 5257 8964 2643 3489 3650 9791 3489 8964 4952 1351
7 1355 3327 8378 1355 7963 2522 1355
10 1356 2359 1984 6559 6768 5089 6559 4396 1984 1356
13 1357 8461 4506 8459 6968 6242 8459 8461 6844 1483 2360 6844 1357
19 1359 9775 7453 4000 8485 7851 1400 5847 6217 6088 7089 6494 6088 3943 6217 1400 8485 7453 1359
10 1360 8916 6841 2517 8916 7668 1360 3264 8136 1360
7 1361 2598 8890 4922 2598 7244 1361
4 1364 9758 6845 1364
13 1365 4057 8107 2544 4057 7044 2695 4540 9477 6033 4540 7044 1365
10 1367 2504 9832 7480 2504 3721 3607 4001 3721 1367
25 1370 2039 3822 7083 9599 3673 5247 8134 5505 7722 5534 7269 4390 1702 7269 7722 8134 3673 3354 9599 6405 7083 3608 3822 1370
31 1371 7359 6079 7159 3294 4279 2739 3294 4905 7159 6830 6079 3089 7359 6218 1371 7899 4960 7547 2226 5115 8429 9912 3335 8498 9912 3703 8429 2226 4960 1371
10 1377 6864 4402 3037 6864 3777 5395 6058 3777 1377
11 1380 8742 2721 9028 1380 5462 8322 3507 5598 8322 1380
7 1382 6574 9500 9502 6574 8647 1382
4 1386 4463 2041 1386
10 1387 5796 5789 7825 6635 8352 7825 6314 5789 1387
7 1393 1991 8083 1393 5030 8380 1393
16 1397 6129 8847 5422 5636 5061 6961 6849 5061 7939 5636 8847 3768 6129 3124 1397
10 1403 8946 4631 1403 3826 2320 7930 7995 2320 1403
7 1404 8603 7211 2420 6850 7211 1404
4 1407 6069 4610 1407
4 1417 9230 4632 1417
16 1429 2574 2990 4326 8874 9837 3883 8874 2990 1429 6753 4398 6475 7925 4398 1429
19 1432 8242 5941 2930 3419 5941 1432 2161 7354 9484 4881 1704 6644 4881 3136 9484 8911 7354 1432
19 1433 4161 7618 9744 2404 5346 1851 1880 2851 9739 2585 2851 3829 1880 5346 9738 2404 7618 1433
16 1442 9920 6342 1442 8426 5378 7543 5912 5452 4893 7273 5452 7543 7474 5378 1442
13 1444 6260 6954 2835 6260 2935 1444 4123 5994 6655 4874 5994 1444
10 1446 2452 7041 4507 3467 7041 1446 3598 8748 1446
4 1448 7075 4254 1448
4 1455 7684 8285 1455
16 1461 9058 5344 7729 8929 5644 8118 7571 8116 5424 7571 5644 7729 9058 5416 1461
10 1467 9963 5414 1836 9963 8006 6015 6096 8006 1467
16 1470 5468 2565 8007 7059 8882 8007 5468 3210 6548 9543 1755 6548 9968 3210 1470
4 1480 6167 9915 1480
4 1483 4803 9629 1483
7 1487 7831 7727 9497 7437 7727 1487
10 1490 3070 4729 5648 1520 4729 1490 1938 4374 1490
13 1497 4025 2741 9681 9245 2119 9048 9245 5455 9681 7647 2741 1497
7 1498 4712 6059 7045 4712 5663 1498
4 1503 2385 6541 1503
10 1506 2084 1571 1971 3185 1571 3036 2084 2119 1506
10 1507 7897 8624 9818 7720 2600 8675 7720 8624 1507
19 1508 9952 9951 4327 9952 4164 6860 8783 7676 8084 8830 9172 8369 8830 3835 8084 8783 4164 1508
13 1509 2807 5865 5410 7660 7896 5410 2807 8062 5806 3563 8062 1509
16 1515 6125 2948 4561 6414 3837 9677 6414 7663 4561 7693 2948 1736 6125 1612 1515
10 1516 4522 4216 1516 4071 9831 5294 2379 9831 1516
22 1519 9270 7469 7166 3204 4837 7166 9270 3345 8388 4953 2344 9291 4503 2344 6308 4953 6565 8388 6191 3345 1519
4 1522 6980 7115 1522
34 1528 4703 2194 2783 1544 7862 3023 1544 2194 1528 5998 7552 9000 9897 4389 5512 9539 5719 7754 6446 5464 4861 6446 1541 7754 9539 9381 5512 9897 6164 9000 5998 6488 1528
13 1530 9840 9625 6345 3875 7184 6345 7313 9625 1813 9840 2041 1530
25 1531 6485 9300 2301 5165 3428 4469 5165 9300 1531 4515 9966 4267 5284 6411 6882 3823 5790 8010 3823 6411 4267 9004 9966 1531
4 1535 3123 1881 1535
13 1540 2773 9787 1540 5012 9633 3964 4155 6513 3964 2943 9633 1540
7 1550 1868 4979 1550 1700 4966 1550
4 1551 8199 8812 1551
13 1553 8758 4842 6008 6255 4842 1553 4664 3529 2586 4364 3529 1553
16 1557 6037 8674 3454 6037 2728 1557 5525 6098 7403 3985 5078 3631 3985 6098 1557
16 1561 7806 4147 1561 9872 2528 1779 3018 8372 3692 3018 8751 1779 4898 2528 1561
4 1563 8099 2628 1563
13 1565 1887 9417 5560 5933 9417 1565 2645 2345 4577 5075 2345 1565
4 1572 1680 2446 1572
4 1575 1616 2777 1575
13 1576 4879 5811 4077 2442 6052 7777 7476 6052 4077 4879 5748 1576
7 1577 8362 2861 4872 8362 8068 1577
13 1584 2923 3056 7937 8131 1707 7937 2923 2666 8921 1628 2666 1584
19 1590 2013 5547 8054 2013 6557 1590 7978 7027 7626 1695 8721 6657 9075 8721 7626 5801 7027 1590
19 1593 4751 6952 1593 9627 6519 9391 5303 3734 3605 8918 3734 8588 5303 6519 7311 9627 6724 1593
13 1599 9578 3595 2951 2211 7782 3837 2211 3595 1599 9449 9303 1599
7 1603 6464 1963 3000 6464 7952 1603
7 1604 6674 7008 1604 2879 3544 1604
13 1606 2233 6065 3007 2233 2683 9615 8489 7167 1718 8489 2683 1606
13 1615 1771 7004 4362 5859 4594 1727 5859 7004 5251 1771 8958 1615
19 1616 9501 9657 8639 5822 9053 9482 6759 2947 9806 8068 2947 9482 4354 9053 8639 4084 9657 1616
4 1618 4370 5419 1618
7 1619 9955 9563 3619 7314 9563 1619
7 1620 3267 6824 4914 6671 6824 1620
10 1627 2536 4006 1627 8478 7566 9316 7032 7566 1627
4 1629 2289 4987 1629
10 1631 7010 5973 7143 7010 7272 7364 2234 7272 1631
7 1635 6463 7770 2520 6463 2638 1635
19 1638 3481 2033 3240 4628 8743 1829 4628 2033 1638 7096 4081 8375 4623 6710 8375 4309 4081 1638
4 1641 9770 5258 1641
13 1645 9923 1846 4697 2922 5712 3862 2922 1825 4697 5839 1846 1645
10 1647 7001 7205 1647 4875 2903 3883 4875 8683 1647
7 1648 8915 7582 1648 9456 4853 1648
10 1659 6315 9930 7643 8611 9930 2713 6315 9747 1659
7 1660 6331 5150 7009 6331 3431 1660
10 1661 5683 3539 6839 5683 9358 1661 4424 4176 1661
7 1663 8945 8145 2154 5060 8145 1663
7 1668 7882 4646 9862 7882 7062 1668
10 1676 3196 4460 1676 7619 5762 9830 5595 5762 1676
4 1680 3720 5373 1680
7 1682 7985 7631 1682 7337 6060 1682
13 1684 3724 6670 4448 5556 9333 4448 7408 6670 8522 3724 3485 1684
7 1696 5952 7095 7249 5952 5550 1696
13 1698 6883 4627 5677 4379 3819 5255 4379 4627 1698 8734 5646 1698
4 1702 4248 7829 1702
4 1707 4233 5429 1707
13 1708 7093 3887 3994 7093 2275 2604 9541 7536 2604 3982 2275 1708
10 1715 2541 7938 8201 8503 2868 8201 2541 3492 1715
10 1722 9801 4749 3075 9800 4749 1722 4845 6473 1722
10 1723 9341 3229 9367 3808 5457 9367 2156 3229 1723
4 1726 5716 6781 1726
10 1740 6003 5017 7823 9221 6872 7823 6003 8703 1740
16 1745 4556 8559 4481 8562 9104 4481 2949 8559 7588 4556 6016 2701 3994 6016 1745
4 1748 6344 3889 1748
10 1751 4518 2455 4440 4518 8947 9688 5216 8947 1751
4 1754 5036 6502 1754
28 1764 3125 2071 9059 8752 7357 4405 3097 2867 3666 9093 6124 4235 2564 8820 5928 2564 6124 3666 8328 2867 3521 3097 7357 9059 2621 2071 1764
4 1766 3773 8709 1766
7 1768 7837 5240 4107 2884 5240 1768
10 1776 3684 3778 1776 8357 2026 2866 2260 2026 1776
4 1786 2488 7622 1786
16 1789 9298 7640 9868 8294 9889 9868 4457 7640 4274 9298 3164 1789 6960 4771 1789
10 1795 5843 4553 1973 2419 4553 7146 5843 2799 1795
7 1800 6837 8913 4622 6837 7025 1800
10 1806 8747 4695 6147 7391 4192 6147 8747 5959 1806
7 1816 3796 3932 4434 3796 8811 1816
7 1818 3747 7301 2260 4887 7301 1818
13 1822 5876 9009 5530 5876 1986 2358 7965 9890 2358 7785 1986 1822
4 1823 3313 5377 1823
4 1827 5602 2779 1827
13 1829 9885 5543 4788 6423 2680 6911 2778 8714 6911 6423 5543 1829
7 1839 7236 4211 8563 7236 8183 1839
4 1841 2278 3174 1841
4 1844 8337 9997 1844
4 1847 6676 3718 1847
7 1848 8255 7605 1848 5866 9741 1848
13 1849 4324 6430 1849 6859 9049 7538 6093 9049 9369 6859 7973 1849
4 1858 7764 7643 1858
10 1867 4728 5797 7559 9132 5797 1867 7252 8780 1867
4 1885 5517 3599 1885
16 1890 3475 7021 1890 6187 8754 8769 3389 7857 3620 3389 9675 8769 5948 8754 1890
7 1897 8252 7580 4423 5426 7580 1897
10 1906 7005 7686 7350 3585 7686 7583 7005 9798 1906
10 1908 4955 3648 4487 6792 6901 4487 4955 7971 1908
7 1912 8852 9789 9919 8852 8666 1912
19 1922 4417 6408 9128 2370 4873 9128 5320 6408 8923 4417 5904 8677 9549 8299 3477 9549 5904 1922
4 1925 8841 9118 1925
10 1926 2693 2723 1926 9041 4739 7318 9041 5376 1926
4 1927 9275 7447 1927
22 1931 6307 8989 3106 3886 9487 6663 4188 4149 8535 3689 3511 8535 4188 9487 5028 3886 3884 3106 8479 8989 1931
4 1933 5850 8711 1933
4 1935 2455 3307 1935
7 1936 7186 3195 5053 7186 8862 1936
10 1939 7425 3518 1939 6491 7200 6587 6491 9857 1939
4 1945 8167 5586 1945
16 1946 6770 5732 6293 8603 5732 1946 8974 4407 6783 9225 8539 6783 3898 4407 1946
7 1952 5075 5330 3359 7498 5330 1952
7 1964 8906 6287 3025 4037 6287 1964
13 1965 6288 9927 7984 3821 3671 7984 4156 9927 1965 6265 3624 1965
4 1971 8600 7798 1971
7 1979 9385 2566 3272 9385 3727 1979
4 1980 7769 9083 1980
10 1982 4836 7972 5030 5371 7972 6001 4836 4460 1982
4 1985 8235 7485 1985
7 1996 9179 7463 6802 9179 3026 1996
4 1997 2569 4896 1997
7 1998 6231 4554 8472 7052 4554 1998
4 2014 5398 9308 2014
10 2021 6471 7331 6073 5332 2489 9761 5332 7331 2021
4 2027 9324 6904 2027
4 2028 2542 9169 2028
4 2039 7554 8224 2039
10 2040 5548 7065 2040 8226 8079 8955 9507 8079 2040
13 2044 8892 7892 7072 6617 4141 8338 6617 5310 7072 7410 7892 2044
10 2051 7959 9309 9581 6791 7883 9581 7959 8377 2051
10 2052 2816 3120 9170 2816 9745 4813 8465 9745 2052
7 2055 7655 6975 2055 5770 7045 2055
10 2063 8072 7591 2063 3488 3538 8817 3488 8182 2063
28 2073 8168 2356 4386 5049 2709 2848 9087 9485 7814 4377 2663 3912 6814 2663 7814 8163 9485 2848 5809 2709 4386 5725 2356 6749 8168 4019 2073
4 2076 3854 3327 2076
4 2080 9975 7743 2080
7 2115 8405 4751 9720 8405 6865 2115
19 2116 7661 6190 2202 3888 9472 2202 6134 6190 6639 7661 8105 9598 4288 8761 5119 4288 8105 2116
7 2117 2660 5428 2117 9977 4526 2117
7 2122 7085 2167 4535 7085 5182 2122
4 2127 2419 4933 2127
4 2130 5192 4108 2130
7 2133 7385 7340 2133 3198 3307 2133
13 2138 8871 3925 7365 8871 3205 5058 8983 2263 5058 7333 3205 2138
7 2140 7763 5104 2140 7579 8832 2140
7 2150 5446 7409 3445 5446 6858 2150
4 2155 3650 7641 2155
22 2163 8684 3392 7387 5678 4557 7502 9805 5339 7502 5678 7210 7387 8684 3046 5383 6918 8366 5383 3505 3046 2163
4 2167 6593 6925 2167
4 2183 9291 8636 2183
10 2193 4424 3114 3378 4406 9737 3378 5010 3114 2193
19 2204 2697 9139 8798 2697 8127 9045 8404 3314 6437 2449 8008 9587 2449 3314 9045 8808 8127 2204
25 2218 6280 5697 7875 5805 9394 7542 9913 4812 4388 9713 8364 4939 9713 9650 4388 9913 9394 7875 6280 7682 2218 7017 9118 2218
7 2219 6050 7873 2958 5601 7873 2219
7 2223 2609 6103 2331 2609 7599 2223
7 2229 4126 3728 8761 4126 6347 2229
19 2231 7845 8997 8593 7845 6936 4916 6090 7496 3783 7645 7496 8220 6090 7649 4916 7621 6936 2231
10 2236 5649 6380 2236 3030 6609 6381 9117 6609 2236
7 2245 6675 9214 7783 6675 5005 2245
10 2246 4276 8098 9993 9660 3017 9993 4276 2410 2246
4 2247 6745 6015 2247
4 2262 5150 5989 2262
10 2269 7147 3361 4660 6136 2500 4660 7147 5107 2269
4 2278 4858 7947 2278
4 2281 3553 8333 2281
4 2287 2342 6880 2287
13 2290 5738 3828 9302 5738 4224 2290 3733 5223 4462 3733 9504 2290
16 2304 4784 9455 8654 9311 7202 5059 9311 8445 8654 4784 7713 5629 3467 7713 2304
7 2316 6756 8598 5662 4463 8598 2316
4 2321 6605 5343 2321
4 2322 7508 9790 2322
10 2324 3013 3549 3882 4160 2802 7242 4160 3549 2324
4 2325 2776 6723 2325
10 2333 7449 6034 8583 5605 5734 3925 5605 6034 2333
4 2350 7341 6872 2350
10 2353 3257 5518 6836 5817 9816 6836 3257 5124 2353
4 2359 6707 6694 2359
10 2380 2426 9131 9982 2426 7110 8768 4686 7110 2380
10 2392 7967 2989 6070 3095 2989 2392 5892 5098 2392
13 2396 2522 5807 8969 7728 8735 8548 3731 8735 8969 5902 5807 2396
4 2399 3267 8766 2399
10 2400 7287 8800 2400 8844 2762 9693 8844 6415 2400
7 2405 6807 8944 2405 3917 5772 2405
19 2412 4891 3145 6583 4891 7989 2932 6236 9645 3482 5823 4141 7697 5823 6553 3482 6236 7989 2412
4 2413 4415 3539 2413
10 2415 7695 2749 3017 7695 7295 2415 3456 7491 2415
10 2429 6716 8159 4365 6086 9275 4365 3321 8159 2429
4 2433 4936 6017 2433
19 2436 6910 9248 5103 7489 8868 3906 3040 8868 5922 7489 9917 5103 6910 8101 4252 3301 8101 2436
7 2445 7530 6503 3454 7530 4465 2445
4 2458 7260 8023 2458
4 2468 8816 5997 2468
4 2485 3803 6469 2485
4 2489 6239 8225 2489
7 2491 7318 3513 7733 5334 3513 2491
10 2496 6479 9134 6476 5862 4667 6476 6479 9438 2496
4 2505 4513 9233 2505
4 2524 5053 6054 2524
4 2535 6540 7499 2535
4 2548 7047 8690 2548
4 2549 8773 8255 2549
7 2554 8888 8265 6875 8888 9312 2554
4 2557 6333 6811 2557
7 2566 8649 3554 3771 8649 7324 2566
7 2568 9238 4375 2568 6782 5454 2568
7 2570 5222 5833 5622 5560 5833 2570
4 2600 4080 7245 2600
4 2618 7476 7559 2618
4 2628 5943 6030 2628
7 2633 6996 3864 8837 5114 3864 2633
7 2647 2875 8254 9182 2875 3271 2647
7 2649 5351 5264 8295 5351 7169 2649
10 2654 5816 3122 6432 3679 3122 5731 5816 7069 2654
10 2660 6699 6790 6202 6644 8051 6202 5907 6790 2660
7 2662 3912 9495 7529 8304 9495 2662
10 2684 5385 8956 5086 7353 8956 7562 5385 5335 2684
4 2692 3939 4171 2692
4 2702 4121 9530 2702
10 2710 2771 7461 9984 2771 4579 2710 9653 3222 2710
7 2712 5036 4693 6743 7372 4693 2712
7 2715 5100 9878 9306 3399 9878 2715
7 2740 7227 7763 2740 3654 9570 2740
19 2759 6594 6101 2759 3487 8869 6027 3644 3523 4476 4605 3523 6027 8089 8869 8376 3487 4844 2759
4 2762 7513 9807 2762
4 2764 4161 6572 2764
13 2765 3596 5966 5048 3596 2796 4820 3109 3213 4820 8689 2796 2765
10 2780 3788 4290 9001 6815 4907 9001 3788 4338 2780
7 2789 9452 4317 8518 7091 4317 2789
7 2795 3558 5275 3468 3558 3731 2795
7 2805 4210 3970 6562 4210 8581 2805
4 2809 4269 8254 2809
7 2817 8432 7737 2817 3022 8794 2817
10 2822 7551 7553 7483 6304 7553 2822 9695 8785 2822
7 2830 4761 7651 5555 8217 7651 2830
10 2834 8300 7524 7368 8300 3126 2834 5279 5402 2834
4 2836 6212 4150 2836
4 2840 4609 9911 2840
4 2852 4783 9371 2852
4 2871 6238 6754 2871
4 2877 6047 6807 2877
7 2881 7420 7707 5500 3328 7707 2881
4 2883 9076 8708 2883
7 2890 6508 5979 8232 8805 5979 2890
7 2918 8223 3127 7947 8223 7730 2918
4 2921 5086 4871 2921
4 2931 3359 5942 2931
4 2934 6563 5930 2934
4 2938 6990 4110 2938
4 2958 8999 4954 2958
4 2963 5759 6652 2963
4 2978 6587 7620 2978
4 2992 9886 5689 2992
4 3000 9319 3255 3000
4 3011 7705 9379 3011
7 3028 5751 4902 3543 5751 4465 3028
4 3038 5704 6656 3038
7 3040 6668 4785 4686 9026 4785 3040
7 3051 8193 9901 8025 8862 9901 3051
4 3060 9452 9022 3060
16 3064 9168 8531 4648 3355 7309 9271 3355 8531 3064 9941 8370 9575 9962 8370 3064
4 3065 8395 6766 3065
4 3075 7491 9307 3075
7 3080 8856 9252 7493 8856 3197 3080
4 3094 7268 6894 3094
7 3099 7026 6932 8756 7026 8267 3099
7 3101 5417 8736 4768 4012 8736 3101
16 3157 7832 9617 3207 5311 8334 6224 3427 8334 3207 7241 9617 3157 9953 4694 3157
4 3187 6455 5649 3187
4 3203 6694 7843 3203
7 3223 9034 7194 9881 9034 4602 3223
10 3234 3522 9173 7834 3328 9173 3234 6321 8561 3234
7 3236 6242 4659 3236 7153 7921 3236
10 3279 9870 8415 7197 9870 5189 9987 8991 5189 3279
4 3292 8815 5538 3292
7 3293 7920 5125 3293 5039 4013 3293
10 3295 6808 7438 6801 6472 5962 9121 6472 7438 3295
7 3301 6516 7484 8373 4644 7484 3301
4 3302 7598 5192 3302
7 3325 4661 4920 5405 6044 4920 3325
4 3347 9067 9260 3347
10 3356 7284 9909 6481 7284 5169 3356 8986 8804 3356
4 3366 8208 7540 3366
7 3408 3691 8664 8972 3802 8664 3408
7 3415 7412 5970 8933 4961 5970 3415
4 3419 3524 6965 3419
4 3420 4262 9739 3420
7 3428 9515 6571 5442 4935 6571 3428
13 3432 4782 4530 9194 9208 9122 4927 9208 6339 9194 4643 4530 3432
7 3445 5015 4382 8628 6907 4382 3445
4 3460 5316 8600 3460
7 3463 6762 5307 6332 6762 4924 3463
4 3471 7415 6142 3471
13 3495 6741 5968 5882 6741 3845 9081 8981 4699 9081 7942 3845 3495
10 3504 6703 6089 7306 7591 6089 3504 9354 8959 3504
13 3530 8043 7628 3530 7500 6998 9947 7852 8508 9947 7048 6998 3530
16 3532 7058 6544 5235 4225 5160 9072 4225 6544 3532 6630 7856 8942 6630 7171 3532
7 3553 6392 7604 8292 6392 7902 3553
7 3578 7088 5788 7209 7075 5788 3578
7 3591 8329 4046 5387 8329 3812 3591
4 3628 5887 5947 3628
7 3638 6172 5065 5996 6172 4814 3638
7 3641 9467 5715 3641 6906 8632 3641
7 3649 8879 5429 3649 4089 4689 3649
4 3654 4808 4938 3654
4 3664 8859 4906 3664
10 3676 4504 4275 3787 5559 4337 4988 5559 4275 3676
10 3689 6126 5001 7054 6950 9765 8263 6950 5001 3689
4 3700 7108 3806 3700
4 3702 6175 6541 3702
10 3708 5743 8953 8128 8411 8953 4638 5743 5537 3708
4 3720 7524 9579 3720
4 3723 4319 6674 3723
4 3741 5160 6365 3741
7 3749 7521 4606 5091 4661 4606 3749
10 3760 7342 8120 5503 7342 5461 5239 7645 5461 3760
4 3762 5550 8860 3762
4 3771 4830 4334 3771
4 3818 6116 6856 3818
4 3832 9196 9618 3832
4 3838 4402 6065 3838
4 3859 9372 8670 3859
4 3870 6196 5156 3870
4 3888 7732 7071 3888
10 3893 7787 5790 3893 7858 9995 6146 7858 5163 3893
4 3904 6678 4835 3904
4 3913 9467 5661 3913
4 3924 7254 6832 3924
4 3941 6397 7208 3941
7 3965 9694 8471 4169 9694 9277 3965
4 3989 7856 9730 3989
4 4025 4999 9540 4025
4 4043 8897 4478 4043
4 4044 4080 4566 4044
4 4049 8508 6358 4049
7 4056 9851 8898 6361 9851 4782 4056
4 4058 8344 4737 4058
4 4066 5728 5355 4066
10 4068 8123 7957 4958 8123 8104 5510 8884 8104 4068
10 4102 5044 6542 9669 5188 6542 5782 5044 9340 4102
4 4109 5264 9550 4109
4 4119 8045 7183 4119
4 4122 4552 7288 4122
4 4146 7329 4704 4146
4 4147 8386 4232 4147
4 4155 5648 7987 4155
4 4190 6808 8482 4190
4 4191 4845 6010 4191
10 4211 9152 4645 9213 5345 4722 9213 4794 4645 4211
4 4216 8413 7797 4216
7 4217 7525 9042 9766 6692 9042 4217
4 4230 5882 9241 4230
4 4237 7889 6506 4237
4 4242 4625 8146 4242
4 4271 8336 6611 4271
4 4284 8941 9440 4284
4 4293 9024 9454 4293
4 4310 9775 8368 4310
4 4319 7133 7124 4319
7 4345 5923 4361 4674 7802 4361 4345
7 4433 7944 6660 7690 9942 6660 4433
7 4461 7104 5573 4461 8419 8697 4461
7 4467 5820 8099 4467 6214 8224 4467
7 4470 5354 8899 8803 4798 8899 4470
10 4482 8241 8809 8504 8241 7678 9533 7521 7678 4482
7 4509 8665 8638 6231 8665 7142 4509
7 4514 9413 7915 4514 7350 9799 4514
4 4531 8626 7240 4531
4 4532 4772 7430 4532
4 4565 4758 5632 4565
10 4580 9461 5713 5490 9695 5713 4580 9568 6561 4580
4 4582 5117 9590 4582
4 4623 4846 9808 4623
4 4624 9686 5916 4624
10 4640 6116 5834 8164 4710 6673 8164 9129 5834 4640
4 4663 8028 9005 4663
7 4668 5785 9580 9718 5785 5016 4668
4 4681 5252 6509 4681
4 4694 5035 7287 4694
4 4698 7789 9503 4698
10 4714 8161 4721 8586 8161 9404 7919 9957 9404 4714
7 4737 6897 4897 5159 6467 4897 4737
4 4761 5450 8630 4761
7 4765 9276 7344 8442 8063 7344 4765
4 4772 5431 9849 4772
4 4797 8968 5582 4797
4 4801 7278 8149 4801
4 4802 4997 9614 4802
4 4804 9585 7857 4804
4 4813 5282 5451 4813
4 4853 7739 6369 4853
4 4873 6889 8661 4873
4 4878 9860 5548 4878
10 4880 6115 8510 8626 6115 9610 9109 9341 9610 4880
4 4893 6602 6507 4893
7 4936 9437 9240 9252 7098 9240 4936
4 4963 8616 5977 4963
4 4970 8839 9923 4970
4 5022 8845 8831 5022
10 5093 9123 5953 8790 7639 5947 8790 9123 6347 5093
4 5111 8130 6093 5111
4 5157 8434 7896 5157
4 5182 8307 9682 5182
4 5209 8796 8102 5209
4 5210 8190 8258 5210
4 5327 9697 6498 5327
4 5364 9949 7655 5364
4 5402 9961 8855 5402
4 5403 7733 6524 5403
4 5427 6255 7672 5427
4 5477 6075 5775 5477
4 5513 9722 7854 5513
4 5552 5957 6532 5552
4 5556 9386 8981 5556
4 5562 8509 9284 5562
4 5602 5740 6018 5602
4 5650 7807 9794 5650
4 5759 9278 6927 5759
4 5774 6515 8313 5774
4 5842 7837 9556 5842
7 5848 8575 7310 8314 8575 8203 5848
4 5909 8238 8141 5909
4 5932 6047 9103 5932
7 5949 8802 6182 8030 8802 6110 5949
7 5969 8335 9102 5987 7579 9102 5969
4 5978 9828 9754 5978
4 6028 8109 6336 6028
4 6049 8937 9225 6049
4 6244 7447 6832 6244
4 6342 8367 7194 6342
4 6396 9667 8490 6396
4 6481 9934 9338 6481
4 6650 9787 9244 6650
4 6792 8838 9106 6792
4 6818 8599 8729 6818
4 7088 7260 8096 7088
4 7106 7624 9789 7106
7 7117 8178 8148 7669 8364 8148 7117
4 7207 9316 8666 7207
4 7279 8809 8966 7279
4 7285 8530 9494 7285
4 7437 9077 7761 7437
4 7449 9458 9945 7449
4 7467 9899 9031 7467
4 7515 9405 9943 7515
4 7523 9094 9816 7523
4 7586 8601 9850 7586
4 7748 9321 8591 7748
4 7757 8715 8236 7757
4 7944 9547 8903 7944
4 8216 8835 9524 8216
4 8443 9859 9098 8443
4 8699 8901 9890 8699
4 8815 8877 9334 8815
