496 43
497 1 76 126 2 168 245 2 100 387 192 100 440 371 104 228 371 385 347 404 216 337 404 220 249 48 417 239 174 53 481 217 446 384 227 304 105 494 456 346 45 333 482 273 67 166 58 368 451 159 410 162 464 349 221 149 236 244 19 225 383 256 74 444 331 247 213 287 90 452 301 308 254 44 264 137 43 13 418 465 164 75 286 426 73 82 94 134 407 7 65 423 424 194 325 376 321 47 25 415 474 359 218 462 206 472 435 189 121 348 299 398 338 190 238 101 334 195 441 266 413 317 312 259 327 489 5 141 255 408 270 353 152 96 487 405 399 20 182 350 243 157 103 140 432 419 430 282 302 70 469 119 114 80 493 114 187 412 339 187 466 199 460 421 199 226 382 223 16 278 180 16 31 318 447 31 320 196 362 320 34 386 392 237 386 271 379 428 271 175 260 131 175 205 163 165 109 95 202 109 179 229 396 191 229 473 330 89 473 309 107 177 72 107 335 6 40 129 265 40 37 480 98 37 102 492 372 113 492 250 491 403 250 277 49 459 391 49 118 341 488 118 240 292 127 240 434 370 293 434 233 340 46 233 24 397 130 24 169 433 364 169 158 445 224 158 209 111 193 209 54 144 235 54 471 12 160 471 211 77 125 211 212 284 476 468 284 232 155 329 232 55 406 8 55 123 23 136 123 332 210 261 178 210 81 324 197 81 29 274 411 161 274 36 448 200 183 27 200 380 68 30 380 352 214 83 352 66 328 59 66 93 234 128 93 17 173 442 71 56 230 71 275 291 84 275 241 429 366 241 258 360 431 258 300 323 336 115 323 305 375 110 305 389 148 143 389 21 400 345 21 279 343 283 279 122 154 450 122 262 32 390 262 269 170 289 269 120 351 361 322 69 361 106 276 439 106 51 252 458 51 139 108 33 490 203 33 357 363 420 357 378 9 39 15 486 438 285 486 246 416 124 246 455 41 231 455 146 463 60 146 395 257 342 395 310 475 358 310 461 181 242 461 454 79 393 167 63 393 133 377 215 354 377 437 248 219 64 248 78 388 42 78 97 198 207 97 4 116 307 4 306 381 204 306 35 172 313 92 172 208 222 112 208 117 298 483 117 88 138 355 88 150 315 401 150 126 1
4 3 186 448 3
4 6 356 470 6
4 9 402 184 9
4 10 151 102 10
2 11 48
4 14 319 179 14
4 15 422 409 15
4 17 296 478 17
4 18 309 414 18
4 22 132 205 22
4 26 495 226 26
4 28 437 303 28
4 29 374 251 29
4 34 467 297 34
4 35 443 290 35
4 36 344 50 36
2 38 469
4 39 477 295 39
4 52 347 369 52
4 57 394 332 57
4 61 156 163 61
4 62 133 281 62
4 79 201 145 79
4 85 87 466 85
4 86 147 108 86
4 91 365 454 91
4 99 300 280 99
4 120 436 272 120
4 135 212 267 135
4 139 316 188 139
4 142 173 427 142
4 153 367 223 153
4 165 253 176 165
4 171 185 440 171
4 220 268 479 220
4 263 425 351 263
4 277 485 288 277
4 294 453 442 294
4 311 382 449 311
4 314 378 484 314
4 326 457 335 326
4 373 496 385 373
