587 14
47 1 122 495 320 246 222 115 393 510 401 345 464 159 574 319 36 211 520 523 85 165 410 24 313 130 340 266 437 87 381 587 70 403 139 131 31 459 208 324 344 97 475 229 268 498 368 1
27 2 178 279 10 425 96 392 499 463 474 269 546 242 351 41 331 543 152 172 455 537 148 23 215 444 141 380
48 2 298 347 306 203 516 482 84 346 184 254 352 423 559 555 221 431 462 60 181 7 209 183 144 501 86 303 372 509 542 39 385 343 151 162 583 284 581 465 476 171 142 4 565 541 29 384 517
62 3 45 66 102 250 164 239 265 5 556 272 481 362 457 530 49 189 98 170 387 357 432 406 582 353 421 568 440 461 50 430 56 214 220 243 422 308 52 547 217 240 6 373 37 332 244 18 154 356 585 566 586 118 289 160 198 443 544 71 158 526 3
218 8 35 570 369 105 133 34 135 522 419 128 140 436 470 92 335 549 227 478 379 275 323 532 288 114 294 129 558 13 205 75 19 415 9 409 391 297 137 507 108 267 112 524 469 418 119 497 330 287 363 312 143 571 255 11 180 452 337 321 491 557 552 248 361 121 367 487 259 225 46 417 338 76 104 44 456 490 233 397 310 280 488 573 375 38 73 83 75 272 460 202 515 302 562 496 577 264 132 325 296 88 33 364 193 78 53 43 247 534 199 286 14 204 479 182 125 93 505 136 378 448 109 365 504 438 521 420 307 572 413 466 301 518 327 196 256 22 511 508 238 179 341 473 113 305 302 528 106 16 322 567 529 442 260 285 445 175 374 191 197 232 110 216 47 228 386 212 223 40 407 174 82 161 519 278 237 74 258 262 79 575 318 117 253 309 561 450 271 326 398 441 414 579 207 48 218 512 584 427 394 234 328 28 90 494 483 169 116 194 290 433 62 354 334 329 548 528 254
47 8 383 453 336 245 32 15 545 187 513 506 251 339 576 539 486 538 434 355 205 268 200 439 54 350 484 429 405 428 359 390 42 173 458 249 277 404 531 446 399 235 55 376 282 63 291 535
21 12 99 51 27 80 300 153 150 156 219 61 314 382 377 402 295 177 270 166 281 123
8 12 195 551 226 126 186 17 515
63 20 276 358 138 111 107 257 503 389 451 230 95 120 472 467 81 100 349 163 366 101 231 176 167 293 492 68 200 273 569 468 416 145 536 540 69 274 190 149 563 480 412 168 449 564 304 553 283 147 134 514 315 454 67 21 224 447 493 316 477 299 360 20
14 25 72 157 371 426 192 471 26 348 400 206 424 213 202
21 25 188 525 252 127 550 65 103 396 124 408 292 146 500 261 411 435 241 155 388 91
15 30 77 527 342 502 554 317 485 333 201 210 57 395 94 580
15 30 64 560 236 59 263 370 578 311 58 89 533 185 489 460
2 184 439
