1000 46
5 2 1152 3 3469 5 1122 6 4479 994 1008
7 9 1976 10 4969 30 928 34 3960 54 2522 297 2307 389 3208
4 4 4516 46 3267 276 83 800 870
6 29 2718 36 3420 37 208 108 3815 341 4331 362 921
4 7 3814 13 2854 94 3004 700 2701
7 17 284 18 1943 20 3460 93 2094 112 1702 304 4860 308 3597
3 8 2571 40 2003 690 383
4 11 1801 12 3524 59 3170 487 1329
7 14 2765 27 2553 198 4528 236 2930 743 560 857 1494 957 637
9 15 2794 16 893 45 4293 141 2201 161 415 178 2548 211 4428 352 1745 642 3312
2 548 1664 625 1400
2 117 1718 519 3914
3 122 1485 126 962 799 584
3 22 3289 132 1272 496 305
3 24 1350 60 41 506 1556
7 25 1888 26 4185 35 2333 222 474 502 1506 886 1930 906 4047
5 19 1608 43 3652 68 1409 251 4738 600 4845
2 334 937 942 872
3 31 1077 48 132 396 1251
5 21 4319 23 2136 216 31 294 2713 432 281
1 32 2988
5 28 950 106 4396 238 3567 259 1102 567 2337
6 42 1990 57 4699 89 3964 135 3626 272 2437 429 1264
3 421 692 500 4486 888 1532
2 255 176 446 1065
5 73 733 81 4876 235 182 589 4310 617 2712
3 55 4369 79 3597 552 256
4 52 1370 69 3415 293 4816 810 447
0
6 86 706 97 1943 104 1556 226 3998 277 2785 599 3340
7 33 2619 39 1124 63 439 176 4339 291 4570 459 554 885 3234
5 49 2154 70 2717 74 4661 275 3762 460 2784
0
4 128 842 382 1374 504 1718 964 846
6 38 2571 41 624 91 3651 116 1996 398 3040 411 297
1 861 2959
5 44 4559 285 1580 327 3101 339 3473 353 786
1 184 3647
3 50 4128 224 4787 469 3746
2 47 4236 158 2683
5 182 2482 328 3759 380 4931 644 1097 754 781
1 111 799
2 197 4690 640 4002
5 113 517 120 1269 666 256 827 2487 984 4684
5 56 1090 65 2026 233 990 360 617 365 4227
9 96 9 105 3129 150 4002 208 1100 241 1323 279 4226 424 211 530 634 866 3337
2 67 1218 570 4935
3 71 2647 75 1050 484 4379
3 51 1931 374 818 782 3966
2 53 1466 157 1307
3 155 909 420 1158 740 3905
0
6 58 224 85 995 295 657 376 4803 410 2695 427 2377
7 84 2594 88 1993 164 4816 177 92 310 2296 331 1333 584 2708
4 137 2228 492 3054 595 1686 788 3288
3 83 2040 124 3860 242 459
6 78 3610 80 2618 100 1293 102 779 180 3274 457 3548
5 61 4076 77 4885 129 2259 210 4403 507 4464
4 62 4371 76 4914 201 4595 239 4575
3 195 3308 568 686 961 323
4 66 3386 99 1185 264 1248 313 3322
3 64 4142 118 4848 363 2997
3 130 3753 299 1915 316 4312
2 82 3865 879 251
0
1 603 3200
5 215 4397 408 3071 586 1780 626 2726 662 189
3 72 1486 101 4142 663 4107
2 247 3001 701 2958
2 509 2673 540 1482
2 92 1368 114 2108
3 133 4395 144 2146 221 3104
1 379 1002
2 336 3318 417 1884
2 220 390 287 402
4 146 4570 219 1769 393 961 521 124
3 292 3723 555 4811 561 2442
2 87 3590 289 4676
4 192 3019 330 3462 648 748 910 4331
4 90 1475 119 2415 148 3104 725 1719
4 138 4892 306 4279 430 2899 746 960
3 260 2987 454 2367 512 3117
1 136 2421
2 531 1560 824 4952
1 608 626
3 169 1372 214 95 368 168
5 140 1558 170 1422 406 618 601 2079 777 2290
2 103 1800 174 319
6 110 146 121 670 196 4418 253 1430 508 439 818 3177
3 98 17 324 2038 738 1002
0
3 162 2920 243 2327 759 3712
3 154 2840 218 1219 687 2814
6 95 2051 165 3042 232 278 303 2625 311 4154 790 1428
0
2 179 3951 536 3964
2 107 1699 732 2046
1 139 555
2 397 3925 558 2042
3 205 1267 517 2334 729 4890
1 698 1541
2 183 3537 354 1570
2 163 3277 715 4065
2 123 3232 422 2607
2 109 1358 763 669
2 172 3766 333 1749
2 194 1711 659 4293
5 134 2386 186 3926 200 1798 274 1810 699 3335
0
2 115 4183 160 350
0
0
0
3 461 1016 675 764 781 8
1 803 4423
3 149 4368 156 1826 473 3186
4 237 2983 265 4911 579 3405 980 2736
3 127 1513 189 2183 229 1390
2 248 3777 864 4213
2 142 4700 991 2632
2 125 390 281 2488
0
1 695 2530
5 153 1187 245 1431 267 2006 591 2349 742 2278
1 250 2739
3 131 3085 147 4304 522 2463
1 257 1983
2 482 3404 593 2450
2 227 3543 228 774
4 173 4387 204 4679 403 3506 571 2338
0
2 191 2501 372 4011
2 143 4029 703 618
5 302 2963 350 1548 392 2291 615 3572 676 4347
1 689 4096
1 152 1785
1 185 2517
1 188 4785
4 206 2844 391 4088 786 4831 971 580
0
3 145 2270 256 923 366 714
2 209 1861 273 3334
4 159 2842 656 3551 696 1523 807 1905
2 378 2703 434 4024
2 234 1042 437 4270
3 202 3127 716 3620 921 542
2 166 3877 175 3258
1 151 506
2 181 1082 357 1771
2 193 254 752 491
1 342 3262
1 896 4995
3 199 3417 223 2925 320 1240
5 171 1898 280 958 560 3605 563 3962 873 3202
4 436 2923 444 1084 511 4389 647 1602
2 167 624 168 3086
5 207 1372 332 3115 351 1298 538 3783 846 4348
2 775 4846 912 464
1 326 3663
2 278 1562 983 2724
4 261 4102 345 4336 462 3790 470 2286
0
0
0
6 225 4104 252 93 298 4702 319 1591 550 1449 585 4653
2 240 2086 358 3350
1 307 2325
1 244 2128
1 231 71
1 471 200
2 612 2460 630 1721
1 546 4709
4 246 4109 501 4001 557 3045 872 1542
2 559 3498 830 809
0
1 187 3179
2 212 880 312 4247
3 486 3495 572 3428 924 249
2 203 2986 979 1919
2 373 3685 794 4549
2 284 1428 850 865
2 190 3963 296 2108
2 321 1754 929 1081
1 627 3150
1 309 1402
3 751 3687 844 1917 916 1873
2 263 2059 359 3608
0
0
1 356 1607
0
3 249 2904 346 710 355 3688
1 458 4364
0
2 543 1371 925 4785
3 262 4684 325 1763 426 4979
1 945 4990
0
2 414 2610 723 2234
2 409 1595 505 452
3 254 4078 499 2726 848 2001
0
3 230 4601 515 4829 597 4065
1 542 4708
1 428 3079
1 213 3110
3 466 3705 797 1807 802 1580
1 646 4461
1 768 502
1 918 2031
0
2 635 2238 697 1378
1 440 1484
4 402 1786 447 3055 928 3769 941 4610
0
5 217 337 364 1318 405 4755 679 4810 706 4360
3 485 1038 529 2901 623 2666
3 475 635 592 2946 672 1864
0
1 622 4354
2 290 3443 951 1801
2 270 3185 990 968
1 266 960
1 286 4911
1 300 4729
0
1 415 296
3 476 2585 510 21 714 2824
0
1 569 2048
2 387 587 401 4849
1 741 1749
2 369 4939 814 1231
1 693 720
1 843 3386
0
0
0
2 727 1371 977 4935
4 283 516 349 3774 520 4020 793 3905
1 686 2769
1 258 1458
1 455 4511
1 269 4044
1 681 2668
3 453 888 604 293 655 3507
2 489 4014 710 3328
2 370 2573 773 2377
1 817 1829
1 268 4901
1 757 4184
3 518 3156 624 2971 947 3760
1 992 2026
4 288 1548 385 1059 464 4411 808 3331
1 629 2670
2 711 3226 914 3865
2 465 2783 554 4484
1 271 3683
1 632 2716
1 344 283
2 562 839 619 1166
0
1 587 2447
3 384 1761 468 3576 618 2017
3 314 3214 581 1382 670 2867
0
2 282 4646 943 2154
1 533 4153
4 340 2405 611 2215 736 593 909 1583
0
3 317 3063 381 2224 731 85
1 668 181
1 820 4947
2 301 3965 449 2732
3 347 4213 639 479 948 3404
1 503 2672
0
2 361 718 884 3792
1 854 1819
1 721 2847
4 566 2373 573 4793 785 1061 874 4566
0
2 371 4376 400 2540
1 578 2553
2 450 1818 761 3044
0
3 456 4600 524 3724 532 4391
3 395 1948 812 2212 955 4152
1 733 3525
1 315 3830
1 335 2027
0
1 305 2884
2 553 2983 575 1689
1 547 4072
0
1 322 3590
0
1 442 2062
1 975 4722
1 348 1443
2 494 2398 871 4565
1 367 1319
1 425 3693
2 606 85 897 1342
1 445 1419
1 713 40
0
0
1 318 2830
0
0
2 375 3182 720 1051
3 423 2507 527 532 598 4428
0
0
4 323 1896 338 3661 419 3509 920 367
2 780 934 904 63
1 602 2645
1 448 1865
0
0
1 988 2380
0
2 329 1103 343 62
0
0
1 412 934
1 431 1534
3 483 3770 534 4654 779 1970
1 337 2112
0
1 399 1450
1 467 1897
0
1 377 4906
2 970 3395 973 1040
0
1 989 568
0
2 438 4057 940 1436
1 383 2724
0
1 386 4626
2 472 3190 495 4755
3 416 531 691 3603 822 1916
0
2 390 3602 463 2408
0
0
0
2 634 115 774 2707
0
0
0
1 614 359
1 413 4174
1 418 2400
0
1 388 2461
2 514 1043 847 4828
3 439 3254 451 3019 923 2900
0
2 433 4378 870 1037
0
0
2 523 1240 719 991
0
1 638 2099
1 831 1900
0
0
0
0
1 651 1886
1 407 1098
0
1 767 4252
1 737 2821
0
1 996 4904
1 541 3794
2 765 4700 927 3449
0
3 452 88 798 1656 905 764
3 435 4645 821 442 911 4481
1 394 609
1 685 2429
0
1 901 2401
1 551 2670
1 539 2088
1 735 4512
3 931 4681 969 3745 974 1305
1 856 1428
1 404 1148
2 778 474 894 2255
1 480 1316
0
2 609 4568 734 3857
2 795 3559 815 2951
1 858 4297
1 526 3476
2 443 4463 915 19
0
1 479 403
1 620 4979
0
1 441 4161
0
0
1 528 4073
1 497 4971
2 498 4962 590 2311
0
0
0
1 677 2931
2 490 4847 544 975
0
1 641 441
0
0
0
1 956 2651
0
3 565 3810 772 2357 863 4605
0
2 477 2542 981 3805
1 946 4536
1 883 2119
1 516 169
0
1 982 2835
1 705 449
0
1 513 3090
0
0
1 933 994
0
2 621 4171 678 1092
0
0
1 726 4477
1 582 1674
1 865 995
0
0
0
0
1 717 4385
1 762 4369
0
1 474 570
0
1 849 4594
1 837 4368
1 491 2242
2 730 2356 893 3999
0
1 949 3849
1 537 836
0
1 556 2427
1 832 3649
1 525 1338
1 588 952
0
1 791 1294
0
0
2 478 3055 594 4338
2 535 783 784 4208
0
0
0
1 481 2097
0
3 607 4814 610 2422 898 2836
2 891 3422 976 4985
2 488 4754 564 4735
1 958 3711
0
1 671 2665
1 577 4838
1 493 2470
0
0
0
0
1 580 1436
0
0
1 855 1416
1 965 4923
0
0
1 596 2042
1 934 734
1 809 3153
1 637 1952
0
2 667 4161 907 3932
0
0
0
0
1 694 3460
2 613 3026 616 4031
0
0
0
1 718 122
2 583 2251 683 3597
0
0
0
2 665 2181 688 158
3 574 1110 576 3467 631 1929
2 770 501 952 4403
1 658 3077
0
0
0
2 605 1101 673 551
1 636 2746
0
0
0
0
0
0
0
1 682 2216
1 669 1900
0
1 819 2766
0
0
1 900 896
1 950 4801
1 712 3050
1 545 676
2 709 363 823 3101
0
1 995 1164
1 549 2989
0
2 756 950 789 938
0
0
0
0
2 750 4201 835 4362
0
0
0
0
3 684 980 804 3826 811 2799
0
1 1000 1752
0
0
1 875 2746
1 707 2241
0
1 903 4680
0
0
0
0
1 744 2441
0
0
0
0
1 882 2832
0
0
0
0
0
0
0
0
0
2 816 1532 919 2278
0
2 674 2481 755 4409
0
0
1 704 4052
2 633 2181 853 3532
1 654 3900
0
3 649 3700 806 1544 852 1198
0
2 628 3761 895 1935
1 643 2207
1 749 1067
0
1 998 1288
1 760 1902
2 787 4895 939 3048
0
0
3 661 1958 890 2025 962 2730
1 680 481
0
1 967 4561
1 692 4739
1 652 3481
0
1 766 4709
0
1 978 4207
0
1 932 2619
1 645 3704
0
0
1 796 591
1 653 3938
1 876 2104
0
2 650 1529 867 2414
1 792 4894
0
2 745 3260 801 4371
0
0
1 833 671
0
0
0
0
1 722 4582
0
0
0
1 664 685
1 972 1347
4 859 4785 868 1588 935 680 986 3740
1 657 3329
0
0
0
0
1 922 760
0
0
1 660 887
0
0
0
1 753 1052
0
0
2 860 3512 953 499
1 758 2676
1 937 551
0
1 739 2010
1 828 1091
0
2 708 4990 930 527
1 764 4375
2 702 905 724 644
0
0
1 902 2476
1 889 4823
0
0
0
1 805 362
0
0
0
0
0
0
0
0
1 993 3871
1 728 2881
0
0
0
0
1 838 3890
0
0
0
0
1 851 2204
0
0
1 771 4949
0
0
1 987 1511
1 881 1407
1 813 2433
0
0
1 783 675
0
0
0
0
0
0
0
1 944 1990
0
1 877 3518
1 769 4824
0
1 892 651
1 829 2529
0
1 887 1014
0
0
0
0
0
0
1 748 1314
0
0
1 845 1799
0
0
0
0
0
1 963 449
1 938 3963
0
1 836 3779
0
0
1 747 4996
0
2 776 4541 839 3107
1 999 3962
0
0
0
0
0
0
0
0
0
0
0
0
0
0
0
0
1 880 3130
0
0
2 841 313 842 3120
0
0
1 926 4466
0
0
0
0
0
3 826 4635 834 300 862 4259
0
1 825 4009
0
0
0
0
0
0
0
0
0
0
0
0
0
0
0
0
1 908 3242
0
1 899 3694
0
0
0
0
0
0
1 985 2487
0
0
1 968 1105
0
0
0
0
0
0
0
0
0
0
0
0
0
0
1 840 1847
0
0
0
0
0
0
0
0
0
0
1 869 218
0
0
0
1 913 3011
1 960 1598
0
0
0
0
0
0
0
0
0
0
0
0
0
0
0
1 966 4968
0
0
0
0
0
0
0
0
0
1 878 544
0
0
0
0
0
0
0
0
0
0
0
0
0
0
0
0
0
0
0
0
0
0
0
0
0
0
0
0
1 954 4372
0
0
0
0
0
0
0
0
0
0
0
0
0
1 936 4039
0
1 997 1105
1 917 4534
0
0
0
0
0
0
0
0
0
0
0
0
0
0
0
0
0
0
0
0
0
0
0
0
0
0
0
0
0
0
1 959 507
0
0
0
0
0
0
0
0
0
0
0
2992 3015 4528 970 2359 3729 358 2157 533 2432 4837 5991 5632 5785 3488 1314 3287 4953 5793 5459 4718 248 954 5357 2954 881 2241 1237 4383 401 1724 2022 2568 4862 3193 2246 150 794 3969 4217 206 2728 1101 4020 2268 926 