100 59
5 2 1467 9 2206 13 2662 16 2003 66 360
8 3 4250 4 363 8 3295 18 2125 69 445 75 3840 81 3854 86 2648
2 5 1243 54 4259
2 29 1774 42 411
2 6 3110 7 4450
3 10 3695 64 3528 96 4084
1 11 2501
2 12 1926 14 4073
6 15 2242 56 4285 60 1082 68 121 74 4601 76 2463
1 28 4941
2 37 343 97 1600
2 33 3382 80 1789
2 48 3685 50 138
9 17 896 19 1803 21 3619 22 3618 38 2480 44 4123 55 1577 57 4908 95 4516
1 70 470
2 26 1789 98 3366
0
0
2 20 2567 39 2500
1 25 1170
8 23 1735 24 4681 34 2990 45 4250 49 2006 58 229 59 3107 88 3836
2 53 974 94 4476
3 31 3642 65 889 89 2336
2 47 3161 99 3440
2 27 2060 77 3306
2 36 3812 51 4241
3 30 2225 52 1511 63 3163
2 35 4460 62 1080
3 32 151 78 2470 82 4938
1 67 417
3 83 1473 84 4849 91 3327
2 40 2489 43 726
2 93 624 100 1021
1 92 4294
3 61 935 72 2373 73 2141
1 87 4168
3 71 3506 79 4006 85 1367
2 41 793 90 704
1 46 3557
0
0
164 1518 3243 1464 2906 5942 2246 5274 4832 747 2997 2313 3331 4262 1416 466 5560 5224 5970 249 1682 102 4302 1630 5943 1796 1492 428 254 2070 4152 884 3291 35 2051 3338 5134 1563 1479 5181 1561 1274 477 301 5073 1549 5874 1336 471 1285 689 310 2679 2825 4306 822 1392 1201 2004 