500 46
4 2 3173 3 567 5 2404 6 4651
7 9 864 10 2235 30 178 34 2537 54 150 297 2624 389 2495
3 4 11 46 3117 276 491
6 29 3801 36 1462 37 4352 108 4041 341 1566 362 1658
3 7 3156 13 2008 94 1165
7 17 3362 18 423 20 4553 93 42 112 1479 304 745 308 2981
2 8 2574 40 4314
3 11 1120 12 254 59 4310
4 14 961 27 647 198 1303 236 234
8 15 4772 16 382 45 2254 141 1089 161 2456 178 1656 211 337 352 1675
0
1 117 11
2 122 4864 126 2615
2 22 2591 132 3169
2 24 2958 60 4681
4 25 575 26 2655 35 729 222 2897
4 19 4080 43 2390 68 4037 251 969
1 334 2750
3 31 3002 48 1143 396 4886
6 21 1152 23 3668 216 2614 294 4151 432 4640 471 3589
1 32 725
4 28 2969 106 2182 238 1395 259 2214
6 42 861 57 2485 89 2705 135 3465 272 3580 429 4245
1 421 1714
2 255 4365 446 1657
3 73 3467 81 2774 235 902
2 55 1304 79 1614
3 52 1128 69 520 293 2670
1 489 3619
5 86 1439 97 467 104 985 226 4332 277 1764
5 33 1287 39 945 63 2156 176 4291 291 4082
4 49 1480 70 3206 74 4334 275 1008
0
2 128 3750 382 3199
6 38 222 41 1930 91 4263 116 4344 398 2035 411 1874
0
5 44 497 285 3745 327 3502 339 4782 353 2608
1 184 4571
2 50 4565 224 3
2 47 1317 158 1444
3 182 631 328 955 380 2847
1 111 3080
1 197 2440
2 113 4442 120 480
5 56 3526 65 607 233 766 360 1739 365 1121
7 96 3047 105 4741 150 1548 208 3304 241 3899 279 2212 424 4233
1 67 1305
2 71 2077 75 2077
2 51 3991 374 1225
2 53 2512 157 1920
3 155 185 420 478 497 3308
0
7 58 3853 85 2604 295 3401 376 2243 410 4648 427 846 465 4998
7 84 2162 88 1415 164 4009 177 1478 310 3617 331 1264 472 4314
1 137 1255
3 83 4742 124 606 242 2031
6 78 3202 80 2959 100 3670 102 4137 180 3606 457 1288
4 61 4285 77 1861 129 3243 210 3756
4 62 436 76 721 201 4697 239 1702
1 195 3391
4 66 854 99 346 264 2522 313 2690
3 64 904 118 4981 363 1128
3 130 4260 299 1950 316 4652
1 82 3985
0
0
2 215 169 408 4782
2 72 4001 101 901
1 247 2891
0
2 92 2136 114 276
3 133 3444 144 2537 221 2935
1 379 3096
2 336 3387 417 3835
2 220 219 287 815
3 146 146 219 1932 393 1986
1 292 419
2 87 1131 289 4800
2 192 2848 330 1191
3 90 2838 119 1936 148 20
3 138 1293 306 1043 430 2132
2 260 4414 454 1441
1 136 799
0
0
3 169 2249 214 4798 368 349
3 140 1739 170 835 406 726
3 103 590 174 2048 484 2452
4 110 131 121 1687 196 3064 253 2622
2 98 3176 324 4174
0
2 162 4177 243 4341
2 154 4523 218 1436
5 95 3411 165 1449 232 2300 303 2456 311 2445
0
1 179 2811
1 107 203
1 139 4494
1 397 4579
1 205 1365
0
2 183 673 354 3915
1 163 2194
2 123 1911 422 4330
1 109 4124
2 172 1743 333 3007
1 194 3594
4 134 4960 186 53 200 2232 274 3542
0
2 115 1892 160 973
0
0
0
0
0
2 149 263 156 700
2 237 4998 265 699
3 127 1314 189 4421 229 3836
2 248 2398 491 3801
1 142 4849
2 125 3181 281 2416
0
0
3 153 4218 245 76 267 1280
1 250 911
2 131 3160 147 4696
2 257 3899 459 268
0
2 227 3739 228 3355
3 173 1983 204 1370 403 1230
0
3 191 1227 372 115 498 4393
1 143 4797
3 302 1527 350 3517 392 2043
0
1 152 701
1 185 2455
1 188 4720
2 206 1910 391 65
0
3 145 1615 256 2611 366 148
2 209 41 273 3063
2 159 1622 490 15
2 378 4166 434 2735
2 234 2875 437 721
1 202 1436
2 166 2378 175 4130
1 151 627
2 181 1422 357 3464
2 193 1180 461 2044
1 342 585
0
3 199 3273 223 3069 320 1588
2 171 474 280 758
2 436 2508 444 2706
2 167 3369 168 3338
3 207 2917 332 1203 351 3522
1 463 3817
1 326 2281
1 278 2988
2 261 2681 345 3671
0
0
0
4 225 1947 252 1554 298 302 319 3428
2 240 4407 358 655
1 307 1137
1 244 1543
1 231 2094
0
0
1 479 2840
1 246 1056
0
0
1 187 4025
2 212 1805 312 4461
1 483 2175
2 203 4076 469 1215
1 373 1048
1 284 2535
2 190 1220 296 4872
1 321 2593
0
1 309 1490
0
2 263 1868 359 1683
1 473 3250
0
1 356 1486
0
3 249 4283 346 2966 355 983
0
0
0
3 262 4184 325 864 426 3077
0
0
1 414 1768
1 409 2683
2 254 1876 485 532
0
1 230 1634
0
1 428 1001
1 213 1944
0
0
0
1 476 3961
0
1 474 522
1 440 1680
2 402 2183 447 4009
0
3 217 3052 364 1433 405 2141
0
0
0
1 481 1697
1 290 4531
1 270 590
1 266 672
1 286 2216
1 300 3378
1 458 4313
1 415 1261
0
0
0
2 387 4564 401 3914
0
1 369 1165
0
0
0
0
0
0
2 283 2350 349 386
0
1 258 2933
1 455 4111
1 269 2995
0
1 453 3146
0
1 370 2211
0
1 268 4308
0
0
0
2 288 3878 385 1506
0
0
0
1 271 2778
0
1 344 786
0
0
0
1 384 2492
2 314 114 493 2947
0
1 282 903
1 464 1697
1 340 1311
0
2 317 3754 381 3743
0
0
2 301 667 449 3644
1 347 1687
0
0
1 361 4420
0
0
0
0
2 371 3490 400 3446
0
1 450 2699
0
0
1 395 1574
1 496 1662
2 315 1551 487 341
1 335 2174
0
1 305 2897
0
0
0
1 322 3093
0
1 442 1374
0
1 348 4741
0
1 367 3110
1 425 1740
0
1 445 2321
0
0
0
1 318 1746
1 470 4083
0
2 375 3721 456 247
1 423 3508
0
1 494 2331
4 323 2920 338 4505 419 4813 466 4103
0
0
1 448 4529
1 499 3472
0
0
1 478 1048
2 329 2550 343 4326
0
0
1 412 1746
1 431 1220
1 475 3522
2 337 1369 492 4165
0
1 399 2336
0
0
1 377 141
0
0
0
0
1 438 1851
1 383 1401
0
2 386 3233 480 1348
0
1 416 2472
0
1 390 3113
0
0
0
0
0
0
0
0
1 413 2147
1 418 651
0
1 388 2121
0
3 439 4427 451 4509 460 2146
0
1 433 2562
0
0
0
0
0
0
1 477 3400
0
0
0
0
2 407 3208 482 4230
0
1 462 1197
0
0
0
0
1 495 4173
0
1 452 833
1 435 946
1 394 614
0
0
0
0
0
0
0
0
1 404 3379
1 486 3548
0
0
0
0
0
0
1 443 4311
0
0
1 488 1305
0
1 441 1829
0
0
0
0
0
0
0
1 500 2819
0
0
1 467 3465
1 468 553
0
0
0
0
0
0
0
0
0
0
0
0
0
0
0
0
0
0
0
0
0
0
0
0
0
0
0
0
0
0
0
0
0
3424 1152 4469 4122 479 5008 2976 4969 2928 5960 522 307 4208 1516 267 3083 870 2718 1420 5208 815 3331 921 3814 2854 1004 1701 2284 3943 5460 2094 2702 5860 4597 3571 2003 3383 801 3524 170 2329 4765 553 5528 2930 4560 