3000 46
4 2 1160 3 2534 5 1760 6 3570
9 9 2562 10 2720 30 2549 34 563 54 1853 297 1662 389 2943 1218 272 1932 281
4 4 185 46 2606 276 1246 800 1487
6 29 2050 36 813 37 2148 108 2024 341 272 362 2582
6 7 983 13 2242 94 2557 700 2596 1081 4427 1538 237
9 17 3938 18 3649 20 211 93 4256 112 1644 304 2185 308 1426 1912 4498 2655 3679
5 8 1766 40 2939 690 198 1425 523 2819 1870
6 11 839 12 909 59 2140 487 1770 1365 4125 2035 4922
9 14 78 27 3696 198 718 236 3803 743 215 857 1539 1964 1281 2073 4316 2231 2207
10 15 2153 16 1420 45 3320 141 463 161 438 178 2277 211 3762 352 4406 642 424 1499 2480
3 548 1472 625 90 1798 3370
5 117 1298 519 714 990 3757 2159 4028 2176 3277
3 122 4522 126 949 799 2323
5 22 1444 132 4124 496 3008 2238 805 2704 3106
3 24 1159 60 1703 506 3704
7 25 2814 26 1901 35 531 222 2211 502 1730 886 3616 906 2798
5 19 1381 43 3292 68 4069 251 748 600 3724
3 334 1484 942 2957 1616 2353
7 31 4977 48 2055 396 3954 1262 2812 1335 4339 1571 4948 2744 1695
5 21 3700 23 2265 216 4093 294 691 432 4234
1 32 692
5 28 4704 106 39 238 1792 259 4491 567 1902
7 42 3605 57 3288 89 913 135 275 272 92 429 5000 1461 1964
5 421 4896 500 1754 888 1988 1094 783 2459 2774
2 255 4137 446 253
6 73 1499 81 4828 235 2653 589 2760 617 242 1705 562
3 55 4252 79 2490 552 196
6 52 3390 69 2247 293 771 810 4429 1390 1559 2818 1025
1 2397 4152
6 86 1614 97 1993 104 133 226 2630 277 1690 599 1561
8 33 3589 39 4972 63 2205 176 1929 291 488 459 1912 885 2280 1336 3573
6 49 3763 70 1348 74 3984 275 1271 460 1644 1821 3370
1 1014 88
4 128 2720 382 2586 504 4958 1240 3084
7 38 2697 41 2441 91 4868 116 1768 398 2073 411 4877 1561 3001
2 861 615 1030 1879
5 44 2677 285 3710 327 584 339 3514 353 2354
3 184 1162 1305 2718 2965 734
3 50 1664 224 2927 469 2040
3 47 691 158 1300 2953 976
6 182 776 328 3473 380 3478 644 4106 754 4215 2485 3606
2 111 2801 2606 361
3 197 2961 640 1340 2650 1481
6 113 163 120 4445 666 1996 827 1460 1138 3099 1694 3176
7 56 783 65 684 233 303 360 1690 365 879 1287 4812 2282 4795
11 96 1953 105 3625 150 1001 208 2673 241 1941 279 1590 424 851 530 3321 866 3052 1329 3330 2972 36
4 67 1358 570 1638 1183 1060 1295 2336
6 71 193 75 2459 484 151 1993 2294 2051 2762 2873 644
3 51 2737 374 1350 782 2516
3 53 3272 157 4434 1144 2395
6 155 3113 420 16 740 1287 1991 3491 2300 3174 2978 1189
0
8 58 4952 85 4172 295 183 376 4240 410 3854 427 625 2119 342 2717 354
7 84 3170 88 918 164 680 177 1125 310 2505 331 1576 584 4800
4 137 3739 492 1468 595 4369 788 2393
3 83 4997 124 4752 242 1458
6 78 2102 80 2711 100 64 102 2073 180 3076 457 2554
5 61 260 77 3326 129 1915 210 2306 507 36
5 62 1712 76 1952 201 945 239 1885 1475 4542
3 195 2311 568 59 2429 4592
5 66 2283 99 2319 264 2892 313 1023 1042 545
4 64 2302 118 631 363 825 1397 2681
3 130 1783 299 4121 316 2456
3 82 3873 879 1552 1948 1669
0
2 603 873 1881 2239
6 215 2521 408 4976 586 132 626 1662 662 2178 2356 16
7 72 165 101 3574 663 869 1943 513 2367 3506 2676 2857 2976 2812
3 247 1840 701 701 1108 1315
2 509 684 540 3603
2 92 1508 114 3906
6 133 4130 144 4264 221 800 969 3767 1544 2284 2592 1078
2 379 1547 2271 3090
3 336 1107 417 2617 1737 4869
3 220 4741 287 167 2778 2706
4 146 1128 219 3250 393 668 521 4630
4 292 3130 555 2342 561 52 1789 1150
2 87 1124 289 1538
6 192 3742 330 3735 648 2801 910 688 1488 2645 2666 1370
6 90 2281 119 963 148 2796 725 831 1059 4935 1760 2418
5 138 2712 306 917 430 3911 746 3246 2259 3782
3 260 1397 454 4955 512 1378
2 136 3271 2731 2081
3 531 1896 824 2483 1627 2400
3 608 990 1639 3765 2607 551
4 169 3479 214 1441 368 36 2837 123
5 140 4772 170 4386 406 2004 601 4631 777 1468
5 103 1826 174 710 1077 1197 1751 820 2263 4890
6 110 3278 121 2219 196 1044 253 4599 508 485 818 3117
4 98 3673 324 3913 738 1077 1003 510
2 1611 1639 1727 1419
5 162 4596 243 624 759 703 1617 608 2168 2332
3 154 4530 218 894 687 3027
7 95 122 165 4393 232 1654 303 2495 311 2086 790 635 1421 2881
2 1303 977 2163 354
2 179 960 536 2338
3 107 1067 732 1847 2703 4473
3 139 2183 1246 602 1833 2861
3 397 3886 558 3188 1996 4435
6 205 217 517 4290 729 1385 1170 3793 1889 347 2788 4650
2 698 2216 2979 1754
2 183 600 354 1630
4 163 127 715 2923 1178 1918 2141 935
2 123 685 422 4600
4 109 3862 763 2210 1264 4003 2591 2888
2 172 4359 333 4011
4 194 959 659 2353 1399 3161 2167 2582
6 134 3497 186 552 200 2750 274 3609 699 2512 2618 4532
1 1612 4256
2 115 2590 160 3941
1 1559 420
0
0
4 461 4855 675 104 781 1355 1811 1069
3 803 4609 2007 228 2877 2012
3 149 3432 156 3311 473 4810
4 237 3704 265 68 579 4654 1306 1660
5 127 2186 189 2000 229 451 1019 1519 2987 2443
3 248 4035 864 1243 1792 431
2 142 979 1045 1360
3 125 4218 281 1055 1136 676
3 1212 4140 1851 4882 1895 1841
1 695 970
6 153 34 245 3406 267 1011 591 3616 742 793 2850 1367
2 250 2492 1061 1541
4 131 4 147 4543 522 189 1146 3631
2 257 1634 1082 2748
2 482 4546 593 638
3 227 271 228 4783 1256 1523
6 173 2020 204 4771 403 1622 571 166 1233 851 1906 850
0
3 191 1447 372 1328 1599 3953
3 143 3259 703 4750 1681 4500
8 302 1600 350 4516 392 4713 615 4963 676 40 978 3231 1105 1617 1509 1077
3 689 2864 1129 606 2120 1508
1 152 878
1 185 3930
2 188 4332 2373 2401
5 206 4684 391 568 786 575 1342 3091 2583 8
1 2555 3772
6 145 3280 256 258 366 2723 1142 732 1552 3293 2026 1510
3 209 1939 273 229 1610 4722
4 159 3021 656 1279 696 815 807 499
4 378 2071 434 263 1894 4978 2066 1285
4 234 2609 437 2431 1097 4831 1594 4118
4 202 1919 716 861 921 1378 1312 1561
3 166 4909 175 2449 1056 4574
2 151 534 1069 1231
2 181 2061 357 2322
3 193 3882 752 687 2124 61
2 342 2931 1021 2715
2 896 1063 1001 577
4 199 170 223 4727 320 360 2574 4449
7 171 3831 280 1598 560 1130 563 4320 873 3326 1255 692 1322 3093
5 436 4027 444 3217 511 1403 647 1376 2496 996
4 167 526 168 4553 2154 2535 2639 1474
5 207 4955 332 1990 351 178 538 179 846 2839
3 775 3729 912 4108 2233 2933
1 326 1690
2 278 1819 1659 4650
10 261 4570 345 2752 462 4540 470 629 1228 4002 1249 25 1803 108 1814 960 2593 2485 2658 3293
1 1103 2253
1 2082 2790
1 1593 4361
6 225 3495 252 4775 298 1134 319 2848 550 2007 585 4604
2 240 1817 358 3646
3 307 932 2108 2694 2358 1566
4 244 2034 1199 1570 1674 2805 1725 1531
2 231 2579 1166 944
3 471 3061 1739 4166 2631 885
3 612 261 630 3255 2387 1964
3 546 1491 1263 701 1296 4775
4 246 2451 501 1983 557 3630 872 2366
4 559 2923 830 720 1405 4760 1457 3529
2 1328 1499 1886 3787
2 187 1996 1846 842
4 212 1953 312 2414 1861 3123 2207 2382
5 486 3305 572 4401 924 307 1404 1694 2821 4394
5 203 4030 1372 3790 2378 2041 2653 4396 2723 1130
3 373 2763 794 2802 2311 4007
3 284 4492 850 4089 2399 1326
2 190 1609 296 1909
4 321 4169 929 801 1155 1222 1162 345
3 627 1876 972 3409 1053 1197
2 309 4661 1501 2749
4 751 3531 844 2488 916 2249 1202 143
3 263 541 359 4500 1011 4233
1 1507 1386
0
1 356 3276
1 2684 1178
4 249 574 346 2483 355 1879 1592 2477
1 458 1554
1 2736 1401
5 543 3476 925 4596 977 3836 1667 887 1961 1937
5 262 99 325 2072 426 2519 1286 2389 2310 3613
3 945 3107 1435 2795 1690 4376
0
5 414 1309 723 2654 1018 1530 1785 232 1958 630
4 409 2576 505 2001 1483 4805 2808 3838
3 254 889 499 2688 848 1568
1 2754 1330
4 230 2060 515 4511 597 2143 2308 663
3 542 4117 1323 2864 1570 2868
1 428 3613
4 213 1380 1257 414 2094 768 2391 1400
3 466 3616 797 2367 802 1490
2 646 834 1065 1063
2 768 3470 2549 68
1 918 2499
1 1721 3429
2 635 4452 697 3567
2 440 626 1984 451
4 402 96 447 2557 928 665 941 3370
0
5 217 940 364 648 405 3036 679 1592 706 986
4 485 1082 529 1330 623 4346 1122 4919
3 475 4172 592 1904 672 2771
0
1 622 4455
3 290 659 951 4650 2822 628
3 270 177 1747 1903 2478 4051
3 266 61 2355 3476 2857 1646
2 286 3854 1962 3450
2 300 402 2582 65
1 1587 4926
2 415 2345 1327 1596
3 476 2629 510 3371 714 2547
0
1 569 646
2 387 197 401 1518
1 741 2761
3 369 3253 814 1694 1636 4744
2 693 3482 1120 342
3 843 3947 1102 4054 2557 1914
1 1860 1721
0
1 1549 4202
2 727 1335 1089 4068
5 283 725 349 1958 520 1472 793 276 1847 2621
1 686 3414
1 258 1280
2 455 2662 1229 4348
2 269 783 1367 3016
1 681 4595
4 453 1757 604 837 655 3774 2495 4469
6 489 1855 710 4424 1084 4666 1389 3488 1825 4047 2466 660
4 370 215 773 4100 1241 758 1766 3281
3 817 1150 1498 3736 2361 2852
3 268 4901 1104 832 1536 2306
2 757 2636 1371 46
5 518 1739 624 1836 947 4874 1844 2197 2876 1335
0
6 288 2345 385 4035 464 2375 808 353 1486 1256 2118 1068
3 629 3910 1115 3272 2713 2592
4 711 694 914 4207 1939 2942 2560 4949
3 465 3032 554 1645 1410 1016
2 271 4489 2032 565
1 632 4398
4 344 3018 2326 1958 2354 2648 2900 476
2 562 4333 619 579
0
1 587 1773
5 384 695 468 3299 618 1430 1707 594 2707 729
3 314 2396 581 1722 670 3286
1 2045 4331
3 282 3361 943 177 1641 1944
3 533 3326 1156 1689 1598 4475
5 340 3835 611 4956 736 4475 909 3807 1259 105
1 2749 4759
3 317 1699 381 2040 731 246
1 668 1818
1 820 984
5 301 3556 449 1142 1804 1167 1988 3686 2422 4842
5 347 2849 639 3497 948 2799 1158 1770 1250 3141
3 503 4268 1650 4031 2069 2426
0
3 361 1469 884 2273 1261 2736
1 854 2461
1 721 962
6 566 4782 573 131 785 3390 874 3495 1100 2677 1317 4432
0
3 371 1054 400 1017 1474 4332
2 578 776 1174 4322
3 450 3054 761 3429 1095 2345
3 1175 1529 1967 1453 2087 359
4 456 858 524 2381 532 1119 967 877
4 395 1160 812 3823 955 4500 1013 1212
1 733 2624
2 315 4656 1714 1265
2 335 819 1022 677
1 1609 773
3 305 4392 1442 4886 1573 892
3 553 3946 575 201 1271 3980
2 547 1719 2145 939
2 2947 3984 2973 1139
2 322 271 2077 775
1 2006 3327
2 442 2183 2467 3669
3 1745 4902 2346 237 2501 1186
1 348 2939
3 494 3428 871 2383 1877 857
1 367 2502
1 425 4582
2 606 1350 897 4715
2 445 4678 1985 4861
2 713 3129 1130 1256
1 1531 354
0
4 318 497 1195 2668 1563 2767 2410 3086
1 2795 3695
1 2960 2793
5 375 536 720 1742 976 3198 1366 4687 1375 171
6 423 1167 527 3246 598 944 1420 4401 2183 2492 2623 3722
3 1772 7 2060 466 2209 1599
0
4 323 2320 338 2985 419 3758 920 216
5 780 2599 904 2299 1141 4376 1664 1819 1979 824
3 602 1365 1400 2167 2237 3669
3 448 1344 1209 3686 2004 1231
0
2 2482 4247 2880 4292
1 1951 3424
3 1605 4617 2586 342 2845 4126
2 329 2429 343 1174
0
0
3 412 3498 2746 3760 2841 1329
2 431 3697 2028 2853
6 483 4598 534 738 779 1997 1604 4167 2834 801 2835 886
1 337 3804
0
3 399 4200 1169 1913 2503 2884
1 467 4011
1 2366 789
1 377 506
3 1282 286 1355 4970 1832 1799
0
2 1669 3514 2386 1732
0
3 438 4536 940 960 2855 3106
1 383 2021
1 1258 1326
1 386 935
3 472 1044 495 1210 1458 2035
3 416 718 691 3444 822 987
0
2 390 4288 463 298
0
1 1729 1321
2 987 1566 1092 1029
7 634 4786 774 3558 1043 3517 1302 1980 2009 316 2421 2588 2626 1104
0
1 1040 3883
1 1904 1221
2 614 3739 1134 819
1 413 1680
2 418 4120 2730 3232
1 2792 3560
1 388 3921
2 514 464 847 3841
4 439 4592 451 3601 923 2369 2969 1759
0
2 433 1958 870 394
1 986 868
2 1675 1371 2304 4197
2 523 3223 719 3569
2 1284 316 1822 1324
1 638 4792
3 831 3794 2278 4384 2473 4926
1 1815 3172
0
0
1 1646 933
6 651 3481 974 3583 1260 4010 1917 4563 2116 530 2447 1132
5 407 4913 1028 4815 1085 3282 1289 82 2630 4841
2 1388 2889 1916 3144
1 767 2689
1 737 2209
2 2293 2763 2999 1176
2 2222 834 2710 339
1 541 2107
3 765 716 927 1319 2949 916
2 1310 1219 1733 191
6 452 3003 798 1432 905 573 1368 4478 2395 1938 2440 2334
4 435 4387 821 1704 911 2177 1148 2551
2 394 3454 1578 2759
4 685 3241 1373 4581 1395 734 2644 1936
2 1074 1368 1890 4202
3 901 2945 1272 1767 1376 1177
1 551 1286
3 539 1207 1382 1382 2210 2085
2 735 174 958 4949
1 931 2064
3 856 490 1352 81 2191 4464
2 404 3881 1196 4291
2 778 1612 894 165
1 480 2449
0
3 609 2456 734 3944 2153 1054
5 795 392 815 2367 1830 2954 2029 4584 2357 252
2 858 1939 1181 3964
3 526 763 1534 720 2796 4956
3 443 3123 915 2697 1738 639
1 956 463
5 479 2264 1292 1059 1319 1562 1512 2960 2048 2419
3 620 3328 1004 3943 2223 3693
5 1098 1796 1362 4327 1771 2579 2502 2573 2886 1908
3 441 2728 994 3776 2622 4392
0
0
3 528 1924 1817 4510 2912 4242
3 497 2096 1038 4043 1049 2527
4 498 1934 590 329 1010 1406 2149 2527
1 1124 3261
2 985 309 1973 1404
0
2 677 4865 2261 3096
3 490 1500 544 2176 1351 1648
1 1539 3620
2 641 2098 2345 3274
1 1112 229
0
2 1201 1216 1762 2920
1 1099 1671
0
7 565 2802 772 732 863 3856 1000 3648 1087 239 1505 1884 1872 4507
0
2 477 1953 1806 4834
4 946 2901 1221 4005 1281 4931 2255 4748
4 883 1376 1114 364 1555 3620 1878 154
1 516 365
1 2958 3284
2 1147 1364 2320 2289
1 705 2113
2 965 4087 1662 884
3 513 1574 1343 1019 1579 603
0
2 1208 1459 2468 2060
1 933 3923
1 1002 4012
2 621 1985 678 2847
0
0
1 726 4349
2 582 4380 2548 1839
6 865 865 962 1533 1554 104 1572 2542 1953 3611 2556 346
2 2041 2125 2242 640
1 1618 1063
1 1369 2856
0
3 717 1234 2020 4612 2944 971
1 762 2704
2 1437 2736 2695 1237
1 474 4625
3 1429 307 1625 800 2510 1621
1 849 4868
3 837 480 1073 3739 2329 3838
1 491 2045
3 730 4514 893 48 2777 1778
2 995 4463 2199 2693
3 949 2313 1219 3475 1837 4592
1 537 962
2 1113 1263 1732 1109
3 556 1161 1126 1577 2324 184
2 832 3179 1121 3640
2 525 1990 2928 3213
2 588 1759 1558 1580
2 1628 367 1819 609
1 791 1238
2 1387 4952 1975 2166
3 1467 1991 1519 2148 2513 372
4 478 4746 594 3163 1020 4795 1842 4064
6 535 74 784 1260 998 1226 1054 850 1768 517 2737 2216
4 1274 4228 1349 1522 1983 4211 2062 4681
0
0
3 481 4597 1110 3772 1532 4849
1 1314 1606
7 607 1004 610 302 898 1803 1151 2653 1243 270 1434 2315 1556 1074
1 891 4615
4 488 800 564 935 1106 656 2107 4629
1 2697 1359
0
4 671 124 988 354 2488 1298 2840 4627
4 577 4348 1829 102 2042 4584 2407 2801
3 493 2248 1769 4668 2406 3344
0
1 2232 1752
3 1093 4648 1423 1570 2206 4292
1 2008 550
1 580 2004
1 1480 4442
1 1313 3976
2 855 4556 1275 690
1 1668 3263
0
1 2569 3144
4 596 2647 1689 2785 2524 264 2963 3323
5 934 3033 1068 3126 1478 2316 2667 689 2780 3215
2 809 437 2937 4327
2 637 3656 1268 612
2 1254 4250 2091 3196
2 667 1341 907 2343
0
0
0
1 1392 1560
2 694 1947 2074 2418
2 613 2920 616 4314
3 1779 4660 1782 2883 2889 4344
0
1 1190 2920
2 718 661 2275 4037
3 583 2953 683 2869 1337 905
0
2 2002 432 2546 300
1 1491 3030
5 665 1634 688 532 1223 3034 2276 1661 2315 1088
5 574 459 576 4509 631 3591 2059 3018 2497 3750
4 770 2016 952 242 1377 3668 2025 90
1 658 1292
1 2943 4267
4 1039 3482 1222 4780 1631 1052 2594 3752
1 1353 2516
6 605 3779 673 4187 1026 1785 1101 4834 1734 3765 2296 2301
3 636 1716 1946 514 1999 1965
0
1 1374 4163
0
4 1444 130 1624 440 2508 1971 2589 2883
2 1508 2332 2547 1629
3 1047 3076 1064 2632 2288 3369
1 1207 2731
3 682 3715 1188 4013 1393 1148
1 669 2703
3 966 1008 1079 2848 2528 4050
4 819 888 1348 1008 1401 3684 2370 777
0
2 1774 3808 2715 3086
3 900 1655 992 3136 2192 2080
1 950 1529
3 712 2382 1253 2770 2505 3673
2 545 1805 2463 774
2 709 4900 823 192
1 1514 1990
3 1645 2805 1944 3282 2215 4930
2 549 2147 2686 2807
1 1910 61
3 756 4097 789 919 1381 1533
1 1863 1448
1 1523 589
0
2 1132 1510 2272 1883
5 750 1091 835 2342 1340 302 1496 4801 1887 1095
3 1665 152 1938 755 2480 3389
0
3 1072 242 1408 3008 1826 2624
0
3 684 2734 804 1150 811 447
1 1276 4562
0
0
0
1 875 36
4 707 4126 1350 429 1678 2943 2487 3310
1 1511 8
1 903 4392
1 1470 3432
3 1269 3092 1998 4921 2635 1004
0
2 993 4123 1048 3183
1 744 2437
1 1870 1093
2 2309 628 2520 565
1 1083 3774
0
1 882 971
0
0
0
0
3 1280 4860 1361 369 1777 528
3 1700 2269 1921 2282 2995 1091
2 1037 114 1982 2018
0
2 1346 2042 1638 4340
3 816 4863 919 2235 1213 387
2 2071 4148 2294 3862
3 674 4477 755 3574 2531 824
1 2420 3662
1 1354 3590
3 704 4395 1464 4374 1902 2942
4 633 3366 853 4014 1046 4554 1133 3300
3 654 2088 1127 170 2219 3894
2 1118 3061 1788 4768
4 649 2740 806 2806 852 21 1568 3287
1 1416 3172
2 628 4834 895 3495
2 643 4533 1266 4472
2 749 4631 1781 4270
0
1 999 3382
1 760 513
5 787 3680 939 3365 979 3921 1936 1785 2089 985
2 1879 2212 2033 205
0
4 661 4653 890 3141 2457 3388 2974 2116
3 680 3744 1757 2688 2884 3342
0
2 2213 1085 2475 2489
2 692 2471 2297 2574
4 652 4444 1805 2230 2632 3742 2878 102
1 2458 3741
2 766 3312 2791 2522
2 1294 400 1517 4769
2 1360 3224 2844 257
0
2 932 387 2070 104
3 645 3411 1412 3727 2092 1698
3 984 3600 1140 3482 2921 1419
0
1 796 1514
3 653 4860 1456 3293 2490 945
3 876 2027 1177 4217 1992 626
0
5 650 1072 867 4752 968 3005 1541 1016 1892 1958
2 792 2978 2797 1736
5 1245 3008 1715 1259 2134 1954 2330 3808 2388 2598
4 745 2124 801 1814 1164 2431 2169 1845
1 1248 4313
1 1252 3814
3 833 1024 1853 1937 2494 1057
1 2565 3359
1 1238 2147
0
2 1615 2657 2983 3428
1 722 311
1 2022 2820
0
0
1 664 3252
3 1396 4938 1759 2290 2768 2650
5 859 1130 868 714 935 4309 1614 175 1949 4727
1 657 1389
0
1 2099 905
0
0
2 922 4940 2640 2220
1 1051 420
2 1451 1883 2193 1071
2 660 3703 2825 2206
0
1 1205 225
1 2279 1015
3 753 804 1203 4647 1567 2503
2 1978 1639 2446 3956
1 982 1966
3 860 4346 953 4753 2726 4068
3 758 302 971 2469 2910 3453
2 937 3545 2673 104
2 1149 2955 1300 3658
2 739 1427 2218 766
3 828 1676 1055 2332 2443 375
2 2264 2626 2620 4491
3 708 2303 930 3938 2828 4968
4 764 3007 963 4987 1452 914 2394 1938
2 702 1321 724 2808
3 1431 4199 1840 19 2382 2293
2 2418 3156 2585 3410
1 902 582
1 889 2701
2 1391 1563 2566 3333
0
3 1211 1776 1265 898 2906 1838
3 805 2660 1603 4795 2359 460
2 1232 39 2143 146
3 1585 2364 1640 1100 1960 3315
0
1 2078 1327
0
1 1535 4831
1 2563 608
0
3 1017 1937 1171 3624 2037 633
2 728 1871 2769 2955
1 2198 4063
1 1720 551
1 1067 3365
1 1581 2819
3 838 1357 1824 3941 2785 1913
3 1546 888 2064 2021 2665 4401
0
1 1128 4126
0
1 851 4280
3 1167 4067 1691 4570 2252 2471
1 1816 4392
3 771 1237 1251 1891 2432 3286
0
2 1466 82 1770 1777
0
1 881 860
2 813 254 1856 2142
1 2334 3191
0
4 783 3299 1159 4863 2097 4140 2416 4208
0
2 1518 2358 1866 1835
1 1807 1480
2 1620 2991 1673 644
1 1034 2287
2 991 2615 1316 1303
0
5 944 1373 1025 2443 1063 2018 1200 2589 1749 984
0
2 877 4134 1648 3401
1 769 743
0
3 892 4084 980 875 1765 3242
3 829 4389 2129 2640 2500 881
1 1596 3634
1 887 1575
2 1489 822 2540 1394
1 1301 3002
0
0
2 2195 424 2268 621
1 1974 2137
2 748 4069 1731 2777
0
2 1033 3767 1109 2450
4 845 4474 1090 3617 2280 4347 2516 1053
1 1465 2557
0
2 1060 3915 2902 956
1 2010 1779
3 1185 4443 1193 3457 1966 3489
2 2114 1436 2306 2678
2 938 296 2140 2702
2 2257 4920 2493 4621
3 836 1075 1204 1122 1968 1428
0
1 964 3263
1 747 2884
1 1058 3267
5 776 1360 839 4193 1023 3025 1119 2759 1210 2743
0
2 2351 4071 2612 3884
0
1 1267 468
0
1 1986 4550
0
4 1409 3792 1453 709 1590 4923 1871 832
1 2065 3493
0
1 1197 2075
2 1542 1080 2523 1777
0
2 1111 162 1379 3513
0
1 1696 2909
2 1247 4018 2344 1350
4 880 2126 1424 1488 1698 1300 2384 4936
2 1325 1336 1626 2018
0
2 841 4617 842 867
1 1215 4281
4 1145 3425 1180 415 1808 4187 2810 4306
3 926 736 1076 4566 1308 3584
0
0
0
2 1009 3471 1649 53
2 1601 157 1608 4858
5 826 1276 834 700 862 2064 983 62 1450 55
1 2646 3818
2 825 572 1270 3585
0
0
0
1 1706 2725
2 1403 301 1742 3598
3 1154 753 1455 4257 2930 1258
1 2236 3529
2 1008 4700 2890 4682
2 1635 2302 2376 4406
2 1027 3827 1117 4037
2 1786 2977 2662 3945
1 1299 3327
1 2024 2587
0
1 2629 1176
1 1116 393
2 908 2536 2794 4413
0
2 899 1026 1493 344
2 960 1578 2175 636
2 1153 606 1495 1692
0
2 1062 2928 1778 4589
1 2705 995
0
0
1 2728 2494
2 1024 1525 1893 3838
1 1125 2855
1 1137 2865
1 2313 4945
2 2587 2178 2814 1508
0
0
1 2103 1309
1 1796 2368
1 2935 11
1 2319 88
0
1 1075 188
1 2567 1090
1 2158 1817
0
3 840 588 2197 1380 2977 2134
3 1459 573 1812 767 2892 3351
2 1764 4112 2251 2043
1 997 3876
2 1703 4607 2148 4189
1 1914 728
0
3 1088 1401 1965 2630 2867 3245
1 1288 1040
0
0
1 869 345
1 1152 3685
0
0
1 913 440
2 1131 675 2913 4525
0
1 1666 3779
0
3 1029 4004 1044 536 1107 950
0
1 1006 1160
0
3 1123 1038 1426 1227 2096 3550
1 1553 3395
1 1849 1550
2 1091 1979 2455 4136
0
2 1070 577 2381 3000
0
2 2533 3207 2849 2333
1 1528 4231
0
0
0
1 1717 824
0
1 1291 3091
0
0
3 1279 1073 1530 2026 1885 3110
1 878 725
1 1206 2677
1 1688 1524
1 2893 4258
1 1016 4997
3 1086 4358 1763 410 2178 1426
2 2137 372 2353 933
3 1143 2036 1533 1802 2017 908
1 2477 3048
0
1 2419 2492
1 973 3443
1 1227 1080
0
3 1494 930 1754 1427 2748 3967
1 1163 813
2 1161 183 2561 2280
0
2 996 1260 1537 3746
0
0
3 1015 458 1157 3098 1439 2903
1 961 4516
5 981 3234 2214 2336 2249 1163 2735 885 2989 4090
0
0
0
1 1036 4295
0
3 954 1402 1446 1213 1972 4200
1 1926 4588
1 2230 754
0
2 1492 74 1529 2233
1 1867 1531
1 1050 1004
1 2190 2332
1 1701 4411
1 1713 4295
0
0
1 959 1961
1 2377 2332
3 936 1603 1198 419 1311 4822
6 1237 1535 1239 4503 1652 3512 1791 3586 1920 2061 2055 862
1 1012 3752
2 917 2142 2121 4134
4 957 1263 1135 4323 1775 812 2948 4775
3 975 1432 1503 2831 1970 4970
0
3 970 1369 1657 3025 2451 2725
1 1096 1569
1 1547 772
2 2327 4176 2908 3737
1 2112 1993
0
1 2250 242
2 1500 1397 1935 1219
1 1407 4144
4 1041 3822 1686 4472 1931 780 2027 1619
1 1386 4287
2 1189 4858 1644 259
0
0
0
1 2914 2364
0
0
2 2101 4728 2539 2634
1 1293 1497
1 2342 3588
2 1440 2762 1838 4745
0
2 2049 2961 2625 3626
3 2003 3739 2579 24 2817 524
2 2408 213 2824 1305
1 1358 432
0
1 2772 1443
4 1007 4423 1184 1234 1485 345 2057 559
2 1359 4482 1383 2534
0
1 1497 1816
0
1 1876 3030
1 1597 1647
2 1031 4935 2423 1811
2 989 1654 1278 653
2 1658 1143 2739 455
1 1220 3087
2 1052 1311 2465 475
2 2321 3852 2335 2604
1 1448 546
0
2 1479 4839 1736 1942
2 2081 43 2133 2421
0
0
0
0
2 1711 202 2187 4088
0
2 1005 1733 1230 3937
2 1035 2091 2954 2468
0
2 1334 4720 1756 2275
2 1432 4076 2138 2694
0
1 2993 2635
1 1071 903
0
1 1484 2958
1 1415 2690
0
3 1753 4081 1880 1303 2982 1134
1 2866 1491
3 1309 385 1743 1477 2871 3870
1 2691 2486
2 1242 4381 1583 2094
1 2562 2503
0
0
0
0
0
1 1580 1501
3 1032 387 1217 647 1447 2269
2 1165 3640 1436 249
2 1168 3044 1341 2131
0
0
0
2 1632 2377 2578 2860
2 1741 1206 2733 1193
2 1080 4935 1419 4953
1 1716 4957
2 1320 4155 2331 2702
1 1989 2109
1 2105 3015
1 2000 3804
2 1586 261 2904 3843
0
0
1 2698 120
2 2126 2891 2325 3680
0
1 2603 4125
0
0
4 1176 4666 1526 3397 2001 286 2506 485
3 1363 1014 1602 3395 2068 3166
0
0
1 1551 3588
2 1557 1476 1933 3885
0
1 2651 1534
4 1182 3378 1438 2592 1525 806 2853 4244
0
0
1 2799 3503
0
1 1307 877
1 2507 3002
2 1502 2312 2301 3593
3 1216 2478 1356 2942 2442 2985
1 1234 3167
1 1430 835
2 1225 3216 1345 4984
2 1078 214 1901 4209
1 2104 4527
3 1477 1914 1799 458 1957 2357
0
1 2402 347
4 1057 713 1321 1791 2481 1250 2827 2975
1 1718 957
1 1192 224
2 1318 2713 1584 446
0
2 1066 1535 1330 4352
3 1194 4496 2244 820 2789 4639
1 1304 1999
1 1139 62
1 1924 1607
1 1191 527
2 1776 511 2063 4486
0
1 2305 4686
0
0
0
0
0
1 1187 1223
0
2 2034 423 2509 2098
0
1 1854 4032
3 2067 3226 2389 2368 2922 2090
1 2125 904
2 1575 4793 1683 1239
1 1663 4406
1 1642 4504
0
3 2401 4838 2424 1578 2766 3920
0
3 2514 2148 2802 356 2836 4815
0
2 1463 1757 1758 1872
2 2155 2077 2879 441
1 2927 2365
0
2 1344 4540 2318 1348
0
0
0
0
2 1735 1491 1971 4664
0
1 2269 3023
0
1 1634 260
2 1277 162 1506 268
0
2 1801 4178 2572 696
1 2615 2231
2 1562 4405 2436 3790
3 1160 1645 1172 674 1449 2460
1 1231 4664
0
2 1522 2053 2476 4829
2 1283 2228 1952 348
3 1226 2413 1619 3248 2393 4248
0
1 1402 129
0
2 1945 2442 2379 2848
2 1224 2032 1406 12
1 1332 1967
0
2 1595 1270 1883 1678
1 1679 3182
1 2216 2217
0
0
1 2950 2789
2 1150 3844 2601 4658
1 2289 871
0
4 2023 2124 2617 1521 2645 2290 2738 4748
2 1394 1749 2692 308
1 2201 4185
0
1 1621 40
1 2654 2316
1 1869 3119
1 2170 63
1 1875 2422
2 1298 556 1469 495
1 2084 1520
0
0
0
0
0
1 1577 2407
0
0
1 1680 319
0
2 1520 2635 1845 4446
0
2 1236 590 1370 1317
1 2783 1292
1 1726 1944
2 1454 4765 1891 4887
0
1 1654 860
0
4 1574 203 1852 3464 2347 971 2552 17
3 1273 1920 2015 936 2621 3859
0
1 1767 1812
1 2862 438
1 1647 2324
1 1566 2569
0
1 2551 1685
1 1186 3842
1 1773 2963
0
0
0
0
2 1828 134 1896 2042
1 1179 828
3 1472 4068 2146 4252 2431 2672
3 1214 4123 1560 3002 1954 3664
1 1874 4121
2 1997 2636 2352 1546
0
2 2054 3716 2701 6
2 1173 607 2365 1015
0
0
2 1441 1155 1521 207
1 2605 3442
2 2542 1368 2669 2623
3 1315 2696 1331 1074 2842 3248
1 1244 2415
0
4 1600 422 2080 3351 2245 198 2454 4789
0
0
0
1 1728 371
0
4 1347 1080 1790 1414 1802 1552 2253 1846
2 2415 71 2885 1920
1 1482 2716
0
2 1384 2711 1670 3422
0
2 1633 4367 2462 2043
0
1 2162 3385
3 1898 1081 2332 4885 2984 1742
1 1235 4673
0
2 1857 1934 2383 2173
1 1338 60
0
1 1899 1886
1 2687 2979
0
1 1835 577
0
0
1 2959 831
0
2 1656 809 2449 1383
2 1385 4813 2515 2730
1 1481 2967
0
0
0
0
1 3000 3532
1 1357 747
0
1 1285 2775
2 2258 292 2286 1147
0
1 1427 2841
0
2 1413 1881 2185 323
1 2643 3144
2 1364 4272 1545 4790
2 2226 3891 2492 1607
1 1324 2582
1 1398 4335
1 2135 284
2 1564 1712 2102 247
2 1468 1899 1490 3347
2 1422 487 2869 4447
0
0
1 1823 2240
0
0
0
0
0
1 1565 1009
0
0
0
0
0
1 2807 2743
1 1527 267
2 1651 4115 1795 915
1 2265 735
0
1 2530 4088
2 1290 4859 2444 2470
0
3 1380 4565 1873 3644 2079 4097
0
2 2164 865 2400 1219
1 2110 4444
2 2160 1554 2637 4367
2 1655 2016 2590 22
0
0
2 1473 2512 2058 4445
2 1710 32 1843 712
0
1 2596 1238
1 1445 3777
0
0
1 2277 4766
3 1297 3408 2868 1122 2896 4572
0
2 1787 3289 2403 2725
3 1684 2920 1923 4562 2016 1668
1 2224 750
0
0
2 1607 805 2903 4527
1 1487 1715
0
1 2267 3746
0
1 2248 1209
0
0
0
1 2970 2131
0
0
0
1 1513 3347
0
0
1 2339 4695
0
0
0
1 1850 593
0
1 1460 297
1 2790 2633
0
0
0
1 1524 1567
1 1955 587
2 2111 3285 2671 3662
0
3 1333 2592 1414 2195 1516 1932
0
3 1428 281 1793 1571 2204 4638
2 2052 769 2945 1029
2 1915 1904 2474 621
4 1378 3453 1510 1524 1643 1111 1976 212
1 1671 1934
1 1326 309
1 2019 2402
1 1704 2427
0
2 1719 1948 2234 1602
1 1697 673
0
0
2 1676 4845 2375 4792
0
2 1588 2317 1925 4774
1 1862 608
0
0
0
2 1418 2285 1820 1420
0
1 1543 2074
1 2521 2420
0
0
1 1417 4323
1 1941 1138
0
1 1339 2080
0
0
3 1903 1119 2130 4937 2888 2560
1 2816 3353
2 1443 3240 2887 36
0
1 2115 1828
0
1 2186 4943
0
2 2200 338 2875 2814
3 1990 1073 2095 3461 2469 4044
0
2 2056 4928 2753 1455
1 2833 3431
0
1 1913 2551
2 1504 4506 1515 1837
0
2 1858 3207 2014 2879
1 1677 162
2 1661 1691 2047 2583
2 2600 2917 2690 4316
0
0
1 1907 3309
0
1 2584 278
0
1 2061 2309
0
1 1813 3834
0
0
2 2522 277 2923 2572
1 1476 300
1 2951 300
2 2030 2311 2165 2304
0
0
0
0
0
0
0
1 2123 868
0
1 1708 2761
0
1 1630 4572
0
0
0
1 2609 3493
1 1540 1722
2 1977 4806 2762 1975
0
1 1784 1776
1 2151 535
0
0
0
2 2189 2214 2854 4516
2 2290 413 2541 2407
1 1752 2323
0
1 1834 3554
2 1411 1666 1471 3615
1 1783 3132
1 1660 3302
0
1 2756 2428
1 2083 3338
2 1433 439 1685 418
2 2180 1937 2221 3397
2 1888 2809 2363 2990
0
0
1 2172 4830
0
0
0
1 1780 2793
0
0
0
2 2243 3116 2460 830
1 1462 50
1 1637 2001
0
1 2452 2000
0
0
0
0
0
0
0
1 1589 2211
1 1687 1890
0
1 2409 4421
0
2 2322 2069 2439 3967
0
0
1 2489 574
0
1 2212 2623
5 1884 4872 2725 3907 2872 2220 2936 3036 2955 1005
2 2362 2051 2464 2820
2 1709 2172 1855 3227
1 2205 1221
1 2743 908
1 1750 4189
1 1800 2422
1 2787 2333
1 1995 4260
1 2941 3949
3 1591 2417 1928 4501 2113 1909
1 2933 4855
0
1 2755 2274
1 1831 179
1 2348 733
1 2174 2937
1 1882 1522
0
0
0
1 2576 475
1 1836 2838
1 1629 123
0
0
0
0
0
0
0
0
1 2182 1037
0
0
0
2 1548 3711 2390 3057
0
0
0
1 2038 1130
1 1699 1391
1 2364 2356
1 1582 1092
0
0
0
1 1623 4213
0
0
0
2 2360 4952 2427 2319
1 2798 4884
0
1 2273 3792
0
0
1 2314 2386
1 1550 1136
0
1 2336 759
0
1 2774 3759
0
0
1 2525 824
0
1 2558 566
0
1 2865 1440
1 2758 2349
0
0
1 2843 3465
0
1 1841 42
0
3 1810 4160 1818 1479 2093 453
0
0
1 1761 1048
1 1922 2179
0
0
0
2 1827 2858 2076 3663
0
0
0
0
0
3 2456 1708 2613 3570 2919 4252
1 2663 4164
0
0
0
1 2804 2033
0
0
0
0
0
2 1613 1639 1980 4233
2 1606 2667 2156 3672
1 1569 4334
1 2543 1684
0
0
1 1963 2357
0
0
0
0
0
1 2538 1279
0
0
1 1748 289
1 2634 4369
0
2 1864 2183 2694 3744
2 1695 4780 2931 1304
0
1 2847 2229
0
1 1576 3019
1 2628 4651
0
0
5 1622 1565 1653 4170 2012 4230 2338 3609 2759 1926
0
1 2241 3589
1 2450 3820
1 2229 1427
0
0
3 1723 1605 2511 1470 2897 1029
0
0
1 1797 4684
0
3 1693 3199 2434 2162 2472 2221
0
1 1947 2954
0
1 2752 228
1 1682 1467
2 2479 2206 2811 2080
0
0
1 2532 2695
0
0
0
1 2090 1899
0
1 2581 10
1 2350 1221
2 2018 4384 2864 1066
3 2177 3051 2641 3605 2861 888
1 2793 2015
1 2968 62
1 2142 983
0
0
2 1848 2989 2980 4619
1 2571 1153
1 2292 4039
0
1 2013 1431
1 2147 876
1 2150 808
0
1 1940 2501
0
1 2800 298
2 1865 4864 2100 3566
2 1868 1845 2657 2629
0
1 2053 4536
1 1994 1721
0
1 2924 80
1 2184 3066
1 2813 2968
0
0
0
2 1897 87 2430 68
0
0
1 2307 463
0
1 2227 3820
0
0
0
1 1740 2056
1 1746 3007
0
0
0
0
1 2689 4437
2 1730 428 2604 4148
1 2971 697
1 2544 2007
0
0
0
1 2932 1043
1 2757 3991
3 1702 1739 2036 2060 2413 77
1 2895 1513
2 2031 370 2211 4497
2 1672 296 2127 3483
0
0
0
0
0
2 1942 337 1987 4017
1 1900 1172
1 2672 1063
1 1755 1854
0
2 2664 3638 2957 1277
0
0
1 1692 2143
2 1934 315 2724 749
0
0
0
1 2448 4753
1 2564 3289
1 1712 4632
0
0
0
1 2281 3012
0
1 2534 3845
0
1 2599 122
0
1 2719 727
0
1 1744 247
0
1 2512 1301
0
0
2 2005 4896 2144 2888
3 1908 3428 1930 1740 2975 4028
0
0
0
1 2046 2974
0
1 2254 412
0
1 1724 448
0
0
1 1809 1024
0
1 1981 2586
1 2412 1595
0
0
2 1722 3625 2805 781
0
0
0
1 2751 2391
0
0
0
0
1 2535 4657
0
1 2961 1827
1 2274 3577
1 1839 1037
1 2117 2666
0
1 2712 4475
0
0
0
1 2839 326
0
0
0
0
0
0
0
0
0
0
1 2181 2938
0
0
0
0
0
0
1 2098 2467
2 2239 4047 2498 566
1 2109 4406
0
1 1909 1030
1 2295 1496
0
0
1 1929 1070
0
1 2128 909
1 2718 424
0
0
1 2611 3820
0
0
1 2775 4241
0
0
2 2131 2074 2911 2656
2 2171 4783 2764 791
0
0
2 1927 4426 2559 4259
0
1 2851 275
1 1794 1477
1 1859 1271
0
0
0
1 1956 1934
0
0
1 2661 3128
0
0
0
0
1 2985 799
0
1 1969 4799
0
0
0
0
0
0
2 2693 4235 2899 1741
0
0
1 2938 634
0
1 2852 4092
1 2235 3281
0
0
0
1 2414 1167
1 2220 1735
0
0
0
1 1919 909
1 2527 1461
0
0
1 2139 2713
1 2826 1749
2 1959 1388 2228 13
0
0
0
1 1911 2317
0
2 2323 1999 2614 2065
0
1 2688 3158
0
1 2039 3834
0
0
1 2518 3902
0
1 2905 216
1 2371 3163
2 2196 1343 2608 663
0
0
2 1937 46 2262 1634
0
0
0
0
0
1 2554 1511
1 2050 2976
0
3 2086 1537 2247 1226 2820 4861
0
1 2328 1327
0
1 2595 145
0
0
0
0
0
4 1918 2656 2283 4929 2461 1685 2700 778
0
1 2246 4394
0
1 2188 2187
0
0
0
0
0
0
0
0
0
0
0
0
0
2 1950 2065 2425 4171
0
0
0
1 2773 1627
1 2740 2792
0
1 2720 1679
0
0
2 2040 3180 2648 888
0
1 2411 108
0
0
0
0
0
1 1905 3626
1 2803 1387
0
0
0
1 2526 1762
0
1 2553 3527
0
1 2287 4447
0
1 2240 2640
0
0
0
0
0
1 2610 461
0
0
1 2741 4682
0
1 2486 349
0
1 2781 3002
0
0
1 2925 2296
1 2750 2979
1 2299 1170
1 2682 2937
0
0
0
0
1 2075 1687
1 2441 3135
1 2194 1551
1 2072 2997
1 2011 4406
1 2624 4512
0
1 2132 111
1 2225 1991
1 2445 2582
0
0
0
0
0
1 2202 4927
0
0
0
0
0
0
1 2404 2868
1 2157 1350
0
1 2901 4212
1 2433 3196
0
1 2312 1811
2 2122 1909 2734 1624
1 2767 227
2 2021 4137 2940 284
0
0
0
0
0
1 2683 204
0
0
0
2 2043 793 2106 3685
0
0
2 2291 4739 2483 1030
0
0
0
0
0
0
0
0
0
0
0
0
1 2341 3552
3 2179 2320 2398 142 2870 1751
0
0
2 2152 4216 2859 2250
0
0
0
0
1 2771 4013
0
0
0
1 2529 1501
1 2550 3823
0
1 2044 3119
0
0
0
1 2699 4371
0
0
0
0
1 2685 1861
1 2668 4857
0
1 2765 4218
1 2499 386
0
0
0
0
1 2801 4229
0
1 2484 4499
2 2428 1465 2681 821
0
0
0
0
0
0
2 2298 1122 2760 244
0
0
0
0
0
0
0
0
0
0
1 2217 3609
0
0
1 2874 3071
0
0
0
0
0
0
1 2405 1157
2 2285 3525 2991 875
0
1 2085 2146
0
1 2166 4267
0
0
1 2317 403
0
0
2 2088 1039 2994 2505
0
0
0
0
0
0
1 2392 85
0
0
0
0
0
1 2677 2195
0
0
0
2 2161 2672 2602 834
0
0
1 2986 2229
0
0
1 2266 3325
0
1 2711 721
0
0
1 2208 4446
1 2926 3123
0
0
0
0
1 2918 3284
0
0
0
1 2952 2374
1 2838 4500
0
0
0
0
1 2597 287
0
0
0
0
0
0
0
1 2173 1133
1 2396 4013
0
0
0
1 2729 4757
0
2 2627 3383 2636 4805
0
2 2385 3798 2996 4641
0
2 2136 3307 2696 4896
0
0
0
2 2349 1850 2577 529
0
0
1 2679 2159
0
0
1 2470 4640
0
0
0
0
0
1 2203 880
1 2747 1814
1 2471 393
0
0
0
0
0
0
1 2678 1227
0
0
0
0
1 2536 942
1 2316 2531
0
0
1 2380 1580
0
0
0
0
0
1 2570 4176
0
0
0
0
0
0
0
0
0
0
0
0
0
0
0
0
0
0
0
0
0
1 2898 4965
1 2372 358
0
0
0
0
0
0
0
0
0
1 2830 2244
0
1 2721 1891
1 2568 4397
1 2270 3981
0
0
0
0
1 2860 2210
0
1 2504 1671
0
1 2519 4284
0
0
0
1 2337 598
0
1 2580 1762
0
0
1 2894 1987
1 2417 1121
1 2284 1727
0
0
0
0
0
0
0
0
0
3 2302 1668 2303 1312 2782 509
2 2761 4080 2882 144
1 2260 522
1 2438 2389
1 2784 445
0
0
0
1 2256 1574
0
0
1 2517 4237
0
0
1 2491 3121
0
0
0
0
1 2812 2809
1 2368 2372
0
0
0
1 2846 2850
0
0
1 2992 1672
1 2426 1471
0
0
0
0
0
0
1 2670 3737
1 2453 1321
1 2829 1920
0
0
0
0
1 2674 978
1 2806 962
0
0
0
1 2708 2297
0
0
0
0
0
1 2763 4408
1 2333 728
0
1 2942 1458
0
0
1 2956 159
1 2929 1281
0
1 2588 3026
1 2964 1792
0
0
0
1 2714 4636
0
0
0
0
1 2435 2709
0
0
0
0
0
0
1 2652 752
0
0
0
1 2340 1139
1 2616 2202
0
0
0
0
0
0
1 2680 1398
0
1 2369 4627
2 2343 3361 2374 2895
0
1 2709 1626
0
0
0
0
0
1 2702 1810
1 2966 81
0
0
1 2573 1235
1 2706 3493
0
0
0
0
0
0
1 2537 1169
0
1 2633 1349
0
0
1 2998 1727
0
0
0
0
1 2656 2055
0
0
0
0
0
0
0
0
0
0
0
0
0
0
0
0
0
0
0
0
0
0
0
0
0
0
0
0
0
0
0
0
0
0
0
0
0
1 2722 1047
0
0
0
0
0
0
0
0
1 2642 749
1 2437 1478
2 2920 3184 2934 1406
0
0
0
0
0
0
0
0
0
0
0
0
1 2638 3207
0
0
0
0
0
0
0
2 2915 944 2997 4658
0
0
0
0
0
0
0
0
0
0
0
0
0
0
0
0
0
0
0
0
0
0
0
0
0
0
0
0
0
1 2649 2329
1 2745 1763
0
0
0
0
0
0
0
0
0
0
1 2575 3181
0
0
0
0
1 2776 2726
0
1 2939 2433
0
0
0
0
0
0
0
0
0
0
0
0
0
0
0
0
0
0
0
0
0
0
1 2598 2695
0
0
0
1 2831 4775
0
0
1 2809 3721
0
0
1 2990 4120
0
0
0
0
0
0
1 2863 358
0
1 2742 4451
0
0
0
1 2727 960
0
0
0
0
0
0
0
1 2545 986
0
0
0
0
0
0
0
1 2675 2038
0
0
0
0
1 2619 2434
1 2716 969
0
1 2909 1985
0
0
0
0
0
0
0
0
0
0
0
0
0
0
0
0
0
0
0
0
0
0
0
0
0
0
0
0
0
1 2647 1561
0
0
0
0
0
0
0
0
0
0
0
0
0
0
0
0
0
0
0
0
0
0
0
0
0
0
0
0
0
0
0
0
0
0
0
0
1 2946 3346
0
0
0
0
0
0
0
0
0
0
0
0
0
0
0
0
1 2659 2052
0
0
1 2770 3848
0
0
0
0
0
0
0
0
1 2660 4124
0
0
0
0
0
0
0
0
0
0
0
0
0
0
0
0
0
0
0
0
0
0
0
1 2917 1722
0
0
1 2856 923
0
0
0
0
0
0
0
0
0
0
0
0
0
0
0
0
0
0
0
0
0
0
0
0
0
0
0
0
0
1 2732 4113
0
0
1 2883 543
0
0
0
0
0
1 2823 2983
0
0
1 2881 870
0
0
0
0
0
0
0
0
0
0
0
0
0
1 2779 4571
0
0
0
0
0
0
0
0
0
0
1 2891 85
0
0
0
0
0
0
0
0
0
0
0
0
0
0
0
0
0
1 2786 2264
0
0
0
0
0
0
0
0
1 2988 129
0
0
0
0
0
0
0
0
0
0
0
0
0
0
0
1 2858 2558
0
0
0
0
0
0
0
0
0
0
0
0
0
0
0
0
0
0
1 2832 3293
0
0
0
0
0
0
0
1 2815 1192
0
0
0
0
1 2848 2674
0
0
0
0
0
0
0
0
0
0
0
0
0
0
0
0
0
0
0
0
0
0
0
0
0
0
0
0
0
0
0
0
0
0
0
0
1 2916 378
0
0
0
0
0
0
0
0
0
0
0
0
0
0
0
0
0
0
0
0
0
0
0
0
0
0
0
0
0
0
0
0
0
0
0
0
0
0
0
0
0
0
0
0
0
0
0
0
1 2907 2447
0
1 2981 4437
0
0
0
0
0
0
0
0
0
0
0
0
0
0
0
1 2962 2949
0
0
0
0
0
0
0
0
1 2967 1951
0
0
0
0
0
0
0
0
0
0
0
0
0
0
0
0
0
0
0
0
0
0
0
2155 11597 1155 7077 374 6425 1211 13392 6934 1540 6319 4780 7081 13573 1490 13591 2553 1267 13480 7615 11122 11936 4119 3025 9951 11210 11573 8172 11378 3598 11962 14966 331 2125 2567 501 3227 10100 3151 1288 10856 10575 10205 2119 11723 8190 