50 150
1 46 11 150 6 140 7 135 16 126 17 106 23 105 26 93 35 84 38 53 41 16 44 13 46
1 37 26 156 5 147 8 143 9 139 12 126 13 123 15 122 17 108 20 104 21 99 22 97 24 93 25 90 26 76 28 72 33 68 36 66 38 57 39 54 42 52 43 49 46 47 48 39 49 21 50 17 51 15 52
1 19 34 156 5 153 6 151 7 150 8 149 10 148 11 147 13 141 15 135 16 126 17 114 18 113 19 107 20 95 21 94 22 90 23 85 27 81 28 78 30 74 31 72 32 71 35 69 36 67 38 65 39 64 40 48 42 47 46 41 47 39 48 35 50 32 52 31 53 17 54
19 47 12 158 7 148 9 136 10 120 11 79 12 78 21 59 23 54 25 49 33 28 41 23 45 20 47
46 5 28 152 6 148 10 147 12 145 14 144 16 142 17 135 19 131 22 129 24 125 25 124 26 118 27 117 29 115 30 70 35 69 36 66 37 61 38 57 39 47 40 35 43 28 44 25 47 21 48 20 50 18 51 15 53 10 54
5 45 16 154 5 148 9 138 17 128 19 125 20 120 21 111 22 105 39 102 44 87 46 86 47 82 48 78 51 40 52 38 53 25 54
37 29 14 152 6 151 7 143 8 140 11 120 14 97 17 93 18 92 22 69 23 66 38 58 41 51 48 36 51 28 52
1 15 31 144 5 138 6 137 12 132 16 131 20 129 21 112 24 111 25 109 27 107 29 104 30 103 32 100 34 99 35 94 36 93 37 90 38 89 39 85 40 81 41 78 43 76 44 69 45 68 46 59 47 58 48 49 49 40 51 25 52 21 53 11 54
46 32 32 159 5 153 7 151 8 149 9 147 10 139 11 134 13 125 14 108 16 104 17 98 18 96 19 94 21 93 23 92 28 89 29 88 31 87 32 79 33 78 35 74 36 72 37 68 38 67 40 63 42 45 43 40 44 29 46 17 47 16 48 14 50 13 51
29 11 13 153 5 150 13 149 16 127 17 100 22 98 24 70 29 65 30 55 33 48 37 41 39 28 41 27 45
1 33 19 159 6 155 11 150 12 145 15 129 18 128 19 105 27 91 29 76 30 71 31 66 34 56 35 49 37 45 38 43 39 42 40 38 49 29 52 11 53
45 8 24 154 7 153 9 141 10 137 12 116 13 113 16 111 17 106 19 100 22 87 23 85 26 82 28 78 31 72 37 68 39 67 40 61 42 58 44 50 45 46 46 32 48 24 49 19 50 13 54
46 23 17 155 6 149 8 139 14 127 15 125 21 115 25 114 28 101 31 91 32 89 34 80 35 78 38 76 42 72 43 58 44 56 48 20 53
8 44 16 152 9 145 13 122 16 115 21 104 24 96 25 85 27 82 29 56 31 52 36 39 37 36 40 31 42 27 43 26 52 23 54
32 34 32 157 6 145 7 140 9 135 10 131 11 130 13 118 14 115 15 114 16 112 17 108 20 101 22 100 25 98 27 90 28 87 29 77 30 72 31 65 32 62 33 61 34 59 36 57 39 52 40 51 42 45 45 38 46 36 47 17 48 16 51 12 53 10 54
46 36 13 146 6 136 27 97 28 83 29 79 31 76 34 71 35 65 37 61 38 55 39 24 44 21 45 11 46
44 14 18 157 9 150 10 142 17 127 18 121 20 120 22 118 25 94 27 91 29 74 32 64 33 55 38 49 39 47 40 32 41 30 43 26 52 20 54
5 42 28 157 5 151 7 145 9 144 11 139 12 131 13 128 15 127 16 121 18 106 19 104 21 103 24 100 26 98 28 94 29 80 31 72 36 67 37 61 39 59 41 56 42 49 43 48 44 43 45 36 46 21 47 19 48 11 52
23 3 24 157 5 150 6 143 8 142 9 105 13 104 17 97 18 89 24 86 25 82 26 78 28 72 29 69 30 59 31 53 34 36 37 35 38 33 43 29 45 28 46 24 51 21 52 16 53 11 54
37 18 27 152 7 148 8 145 10 143 11 135 14 134 15 133 16 128 17 125 18 122 20 103 22 94 25 90 26 85 28 72 30 64 32 60 33 55 35 54 36 40 38 38 41 34 44 31 45 17 47 16 52 13 53 12 54
14 31 13 152 6 118 10 116 13 113 14 101 18 68 19 46 20 45 21 40 29 37 38 32 42 15 45 12 49
23 13 15 158 9 157 13 148 21 145 23 119 25 113 27 101 28 75 29 73 32 60 43 56 45 53 48 42 49 26 51 23 52
19 16 32 159 5 157 6 155 9 154 10 153 12 148 14 143 16 139 17 131 18 122 19 115 20 102 21 94 22 92 25 87 26 77 27 73 28 71 29 68 30 66 31 59 32 57 33 55 36 52 38 49 39 47 41 41 42 40 45 37 47 33 48 21 50 16 51
42 49 10 122 14 120 17 83 18 72 28 67 31 55 36 50 39 26 41 16 49 12 52
5 25 31 155 5 149 9 145 10 143 12 142 13 140 14 137 15 126 16 123 18 114 21 112 23 107 25 100 29 97 30 93 32 90 33 87 34 85 35 77 38 75 39 58 41 54 42 52 43 50 44 49 46 42 47 39 50 35 51 33 52 32 53 28 54
37 22 30 154 5 152 7 151 8 150 9 148 13 135 14 134 16 132 18 126 21 121 22 118 23 116 24 115 27 111 30 105 31 104 33 99 34 93 35 86 36 84 37 73 39 72 41 71 42 62 43 46 44 32 45 23 46 21 47 20 48 11 49
34 38 26 151 6 140 12 137 16 132 18 127 22 122 23 121 24 107 25 106 27 103 28 97 29 96 31 82 32 81 33 77 34 68 36 67 38 61 39 56 41 54 43 42 48 41 50 32 51 19 52 17 53 16 54
47 12 21 142 5 132 11 129 14 124 18 121 20 119 21 117 22 106 25 102 26 92 28 87 31 77 32 76 33 61 36 58 37 52 38 44 44 41 45 35 47 27 48 20 53
11 39 26 157 9 156 10 150 11 146 12 145 13 143 14 131 16 119 17 111 20 105 21 91 22 89 25 81 27 80 28 74 30 71 31 68 32 66 33 61 37 58 38 48 39 39 42 37 43 32 46 13 50 12 53
37 2 13 157 8 153 11 120 13 112 17 111 28 110 30 85 36 74 37 73 38 68 41 58 44 56 45 18 46
46 17 29 159 6 154 7 153 8 146 10 141 11 138 12 129 13 126 15 123 16 116 19 115 20 113 23 112 24 111 26 93 33 80 35 78 36 77 37 75 38 70 39 68 40 67 42 62 44 55 45 43 47 40 48 24 51 23 52 17 53
46 50 22 149 6 148 9 147 16 146 21 127 22 126 23 119 24 112 25 109 28 104 29 91 30 88 32 82 33 75 35 65 36 61 39 58 41 31 43 27 45 23 47 19 51 15 52
5 7 10 155 5 152 7 151 8 143 14 141 19 135 27 92 36 72 37 59 38 10 47
47 24 15 152 5 135 9 126 11 121 12 109 13 100 18 96 24 91 27 76 32 72 34 70 35 56 45 55 47 48 50 36 52
25 41 12 142 5 130 9 74 10 61 11 58 12 57 17 51 22 43 31 38 32 35 37 22 43 21 46
49 30 20 153 6 152 8 131 10 112 11 110 15 107 16 104 19 103 21 96 25 88 29 87 30 86 32 79 35 78 36 68 38 62 39 50 44 34 46 31 48 23 51
42 35 13 158 6 143 7 140 8 129 12 124 13 118 17 114 18 108 22 104 37 83 40 80 43 50 45 33 47
22 9 30 158 5 156 6 153 7 145 8 142 9 139 10 132 14 126 16 123 21 120 22 116 23 110 25 104 26 94 27 92 28 91 29 85 31 84 33 79 35 64 36 63 38 60 40 50 44 48 45 45 47 40 50 33 51 32 52 21 53 19 54
45 28 27 155 6 149 7 148 8 145 10 140 14 139 15 122 18 119 19 116 20 112 21 94 23 90 24 86 25 73 26 70 27 62 29 61 32 58 33 51 34 42 36 40 38 38 40 36 42 34 46 32 52 25 53 12 54
32 27 15 143 6 137 7 110 11 86 12 85 13 80 23 79 25 76 26 63 27 61 30 50 36 46 37 32 38 28 42 23 46
38 48 15 156 9 141 10 139 14 115 19 113 30 109 31 102 33 99 37 90 40 80 41 74 42 67 45 58 46 29 47 17 51
36 43 21 159 6 157 8 154 13 140 14 136 18 127 20 117 23 98 24 94 26 82 28 81 30 65 31 59 34 55 37 53 39 47 40 45 44 30 47 29 49 16 52 15 54
32 20 18 149 6 139 7 134 8 129 13 125 16 113 17 98 27 97 29 77 30 76 31 75 33 63 34 56 35 54 38 53 41 20 46 13 50 11 54
29 40 13 133 8 123 9 119 12 106 14 102 15 91 18 89 23 86 30 58 31 48 32 27 34 20 36 16 54
37 6 16 159 5 140 7 135 11 126 13 123 14 118 24 116 26 113 29 98 36 70 38 68 39 62 43 44 44 41 49 20 51 17 54
23 21 11 143 6 128 14 119 18 114 28 105 30 96 32 88 36 53 39 45 46 22 48 17 54
34 10 18 150 11 147 12 123 13 98 18 96 19 91 20 75 21 60 27 59 28 55 30 50 33 48 35 37 40 29 41 28 45 21 46 15 47 14 53
30 26 23 159 10 154 11 140 12 130 13 128 14 124 15 120 16 118 18 108 20 101 22 97 25 95 28 93 31 91 32 86 33 85 36 74 37 70 38 62 43 56 45 31 46 16 50 10 52
31 4 29 158 5 155 6 151 7 141 8 138 9 130 10 125 11 120 12 117 16 110 22 97 23 96 26 94 27 90 28 89 29 88 31 81 32 78 33 76 35 69 36 60 38 59 40 54 41 53 44 46 46 34 47 32 48 30 51 16 53
