1000
-80
-100
-50
3
-9
-103
-90
79
-47
8
-95
-55
103
-128
-54
-33
-73
25
-87
-122
54
126
12
-26
-70
67
7
83
-104
121
57
-128
9
-128
81
-17
-45
29
-47
-84
37
-52
18
59
-62
88
-120
-49
97
-88
72
-67
84
-36
-57
47
105
-103
-27
29
14
-96
42
121
-72
-90
79
-86
-123
96
0
60
32
-35
-32
-42
-27
24
-50
108
69
-50
103
-75
108
-115
-53
-32
34
14
-92
-125
-17
-60
101
-44
-125
-75
-48
27
84
-119
-69
103
-119
-32
19
-128
23
-23
33
30
42
49
12
88
-58
-72
-96
95
-82
74
77
108
-123
12
115
-9
51
86
-35
42
-118
-64
-117
-107
42
-128
-76
35
-95
-13
11
77
-41
121
66
-115
-86
-122
-52
22
-43
-10
-24
-62
22
-95
-37
76
-112
48
124
-65
110
47
-10
46
-55
99
-54
-90
-53
93
19
97
21
79
14
60
95
31
-39
107
94
-70
123
108
-21
-85
37
57
97
-20
-72
-62
71
-5
-122
-102
47
49
93
-15
-35
80
-62
-62
-84
91
122
77
46
-86
79
-56
19
61
16
82
76
81
-38
40
112
49
-106
27
94
79
-61
66
36
-109
118
-20
31
-13
-98
-40
100
68
-115
-87
95
79
-76
-108
-70
40
-82
92
-128
-69
-127
-128
-125
-88
32
-77
-5
81
52
-116
111
48
27
127
-39
111
49
12
5
-78
79
54
58
56
-110
55
28
34
94
114
-47
18
-94
-87
99
-8
93
112
101
41
97
-31
-38
-78
87
-110
82
-21
3
-60
86
79
-55
-35
6
-118
112
25
1
-44
39
124
-123
126
-59
11
-40
-54
85
59
-26
0
-46
-86
43
-66
47
13
-45
-112
-102
105
32
-64
2
-121
13
112
-41
-94
49
-27
17
98
-27
38
115
14
-87
-58
17
-3
-60
-2
16
77
43
-1
-83
-40
-92
-123
-128
100
43
-80
2
26
-107
16
78
58
115
-2
36
12
57
51
51
26
-96
-109
-104
-100
72
74
-94
52
-94
26
-40
-37
13
-13
61
27
63
-59
-46
-128
-25
-110
93
73
-112
-57
105
98
-55
-52
-114
-105
-125
-38
-14
2
-70
13
16
-59
88
-70
-72
-1
86
2
87
-8
36
-89
121
-97
75
31
-116
55
81
-25
-25
77
-36
26
11
-19
27
66
40
21
98
110
-29
106
20
-123
86
42
-58
-39
88
98
-95
-1
-1
97
8
-33
100
108
123
7
-90
-77
-68
69
50
-124
48
116
65
-65
-121
-106
-94
-118
-96
35
-71
69
-90
-95
-56
-63
-128
117
109
-84
104
-7
108
80
-39
-50
-81
126
-81
116
-117
-60
-118
23
69
-26
115
-84
-43
-116
-62
61
-23
57
62
-127
45
124
-121
-80
-54
106
-79
-107
44
75
50
-27
9
-108
-2
-49
-97
22
-16
-44
61
116
108
-39
4
-38
67
123
-17
-20
-42
-94
17
-3
127
89
30
-126
44
-35
45
-58
77
-13
-68
-33
-15
127
-11
-32
43
83
48
80
-69
69
-72
-37
-22
-124
-46
72
-74
44
-5
-85
47
23
114
-36
33
-9
-10
39
-13
-95
-47
69
-49
-84
21
-117
4
59
38
98
-88
23
120
-9
-127
1
-102
52
38
70
116
-18
97
-109
-51
96
-40
11
16
-40
-20
-105
79
-80
-30
125
-120
-128
64
53
39
-110
122
120
-51
-106
-50
-103
80
-105
109
24
3
46
-37
117
55
-10
-104
66
1
63
0
124
62
7
112
27
-43
38
-86
-24
60
-56
123
-113
62
32
-101
-11
-5
91
-44
-53
48
-45
102
100
-72
-122
-85
-61
83
-58
-9
-7
-89
50
-62
-82
-124
-28
9
-3
108
-20
-15
-123
83
-3
-82
-68
-93
103
-93
-121
-125
69
-54
8
89
-8
87
-73
-115
-44
-104
-75
-111
24
32
93
30
36
36
27
-64
-26
37
-127
-108
-106
-49
-105
80
-93
34
115
-123
-19
-49
10
33
52
-27
70
56
-48
-84
89
4
-93
-47
80
42
77
-60
-21
62
-98
95
-84
-118
81
-56
46
11
-9
-104
-72
-67
49
61
18
25
34
-99
-105
-37
36
-5
-116
8
-70
31
-80
48
-57
-79
20
-16
-3
-25
45
-68
-105
96
40
-37
75
79
125
-77
122
-37
-57
71
-85
-58
-45
-2
55
77
-9
-90
69
80
-91
-72
-7
-77
63
-34
-23
4
45
-78
-47
94
46
-55
-121
-115
-21
-16
49
114
-46
-75
-75
-87
33
42
113
106
65
-27
45
-83
86
75
77
-110
20
15
75
-1
-44
-11
101
-117
-25
-36
-109
-101
42
-5
-68
-54
-38
107
41
-113
-86
-27
58
26
19
-50
88
126
-20
112
42
21
58
-117
12
32
73
12
-67
-81
-4
28
87
-63
97
92
-123
-85
-120
111
-16
-66
-106
-70
-6
36
21
103
-81
11
-114
-80
-8
6
90
90
18
-81
-75
127
63
-110
20
-111
-68
70
-71
-100
-14
-35
-124
-53
-16
127
12
46
25
81
-18
-70
26
-101
101
-110
32
43
27
-123
71
-12
63
-41
85
-5
-40
68
-88
116
89
66
109
39
117
-121
19
25
52
-53
-1
105
71
-49
-126
120
-103
-98
8
76
38
18
-110
55
16
-101
102
2 1
3 2
4 3
5 1
6 2
7 4
8 5
9 6
10 4
11 5
12 4
13 5
14 2
15 6
16 10
17 6
18 17
19 2
20 18
21 6
22 8
23 12
24 22
25 10
26 9
27 21
28 18
29 27
30 23
31 4
32 18
33 26
34 27
35 10
36 1
37 14
38 21
39 32
40 31
41 27
42 14
43 27
44 16
45 24
46 9
47 28
48 34
49 34
50 3
51 8
52 2
53 42
54 26
55 32
56 35
57 36
58 41
59 33
60 34
61 30
62 57
63 42
64 38
65 25
66 44
67 58
68 12
69 55
70 68
71 18
72 13
73 52
74 58
75 59
76 26
77 4
78 61
79 50
80 60
81 61
82 38
83 9
84 46
85 5
86 15
87 11
88 31
89 48
90 57
91 35
92 68
93 51
94 3
95 73
96 90
97 75
98 63
99 2
100 32
101 31
102 77
103 98
104 93
105 59
106 54
107 14
108 80
109 15
110 44
111 33
112 90
113 64
114 43
115 106
116 78
117 41
118 28
119 107
120 99
121 100
122 24
123 82
124 42
125 94
126 112
127 16
128 115
129 24
130 2
131 20
132 3
133 104
134 130
135 15
136 39
137 7
138 40
139 23
140 33
141 36
142 110
143 19
144 131
145 17
146 139
147 91
148 68
149 129
150 115
151 75
152 134
153 106
154 39
155 139
156 99
157 27
158 129
159 88
160 43
161 136
162 32
163 137
164 65
165 53
166 145
167 105
168 47
169 144
170 16
171 147
172 107
173 23
174 43
175 169
176 167
177 138
178 28
179 177
180 166
181 132
182 118
183 76
184 113
185 16
186 53
187 35
188 86
189 78
190 75
191 38
192 120
193 35
194 148
195 148
196 149
197 113
198 76
199 75
200 130
201 135
202 158
203 15
204 177
205 124
206 164
207 173
208 79
209 130
210 182
211 82
212 49
213 108
214 67
215 182
216 40
217 96
218 205
219 63
220 105
221 127
222 121
223 167
224 24
225 178
226 171
227 83
228 38
229 110
230 121
231 23
232 168
233 186
234 95
235 211
236 72
237 223
238 31
239 172
240 14
241 16
242 14
243 36
244 86
245 156
246 242
247 216
248 57
249 49
250 56
251 68
252 216
253 150
254 93
255 174
256 84
257 123
258 171
259 39
260 253
261 95
262 22
263 139
264 18
265 122
266 237
267 258
268 69
269 44
270 233
271 264
272 11
273 254
274 77
275 158
276 22
277 68
278 72
279 10
280 240
281 58
282 17
283 191
284 82
285 63
286 116
287 2
288 15
289 199
290 109
291 68
292 283
293 148
294 235
295 267
296 239
297 183
298 177
299 27
300 278
301 276
302 219
303 178
304 142
305 291
306 35
307 103
308 49
309 272
310 28
311 87
312 88
313 85
314 251
315 194
316 130
317 111
318 218
319 33
320 319
321 222
322 201
323 109
324 235
325 93
326 254
327 311
328 214
329 242
330 8
331 77
332 312
333 217
334 22
335 93
336 43
337 135
338 174
339 183
340 226
341 72
342 43
343 95
344 317
345 153
346 260
347 236
348 200
349 308
350 258
351 22
352 169
353 329
354 154
355 280
356 243
357 26
358 57
359 214
360 252
361 57
362 55
363 129
364 114
365 176
366 206
367 240
368 116
369 18
370 339
371 252
372 332
373 160
374 360
375 199
376 233
377 30
378 218
379 171
380 242
381 323
382 332
383 377
384 80
385 270
386 282
387 330
388 22
389 275
390 385
391 65
392 187
393 294
394 7
395 270
396 294
397 270
398 68
399 208
400 271
401 108
402 28
403 39
404 392
405 308
406 25
407 178
408 230
409 244
410 79
411 338
412 210
413 313
414 170
415 67
416 103
417 151
418 134
419 138
420 347
421 417
422 151
423 127
424 132
425 79
426 306
427 267
428 374
429 373
430 172
431 252
432 201
433 221
434 286
435 278
436 300
437 81
438 171
439 379
440 380
441 171
442 144
443 217
444 42
445 204
446 148
447 90
448 378
449 266
450 220
451 411
452 427
453 10
454 312
455 28
456 408
457 438
458 87
459 197
460 11
461 351
462 206
463 193
464 323
465 285
466 287
467 118
468 384
469 93
470 318
471 441
472 275
473 259
474 395
475 451
476 184
477 402
478 267
479 435
480 254
481 81
482 369
483 464
484 86
485 31
486 439
487 387
488 86
489 57
490 401
491 386
492 35
493 355
494 97
495 179
496 70
497 292
498 332
499 456
500 317
501 421
502 364
503 374
504 494
505 421
506 245
507 317
508 225
509 82
510 193
511 457
512 408
513 211
514 17
515 337
516 313
517 317
518 380
519 49
520 32
521 362
522 105
523 19
524 298
525 348
526 365
527 17
528 286
529 154
530 414
531 77
532 150
533 106
534 176
535 479
536 470
537 391
538 227
539 351
540 55
541 439
542 318
543 296
544 442
545 344
546 191
547 511
548 184
549 442
550 478
551 519
552 345
553 304
554 329
555 162
556 461
557 108
558 304
559 434
560 171
561 136
562 373
563 452
564 236
565 214
566 222
567 292
568 400
569 90
570 114
571 8
572 491
573 335
574 92
575 163
576 563
577 359
578 449
579 176
580 150
581 484
582 160
583 190
584 465
585 491
586 536
587 559
588 422
589 242
590 561
591 181
592 113
593 180
594 354
595 532
596 429
597 91
598 435
599 354
600 247
601 367
602 505
603 484
604 178
605 29
606 350
607 96
608 492
609 458
610 272
611 436
612 206
613 369
614 83
615 612
616 290
617 499
618 370
619 243
620 19
621 478
622 68
623 349
624 230
625 151
626 442
627 188
628 534
629 252
630 311
631 551
632 576
633 428
634 51
635 496
636 585
637 609
638 361
639 456
640 489
641 456
642 213
643 460
644 167
645 87
646 454
647 292
648 147
649 432
650 488
651 17
652 569
653 208
654 299
655 349
656 407
657 634
658 622
659 178
660 644
661 452
662 172
663 462
664 303
665 75
666 186
667 238
668 65
669 183
670 421
671 375
672 547
673 585
674 27
675 607
676 248
677 445
678 478
679 370
680 621
681 434
682 514
683 271
684 387
685 16
686 289
687 236
688 385
689 179
690 394
691 209
692 585
693 457
694 365
695 396
696 639
697 546
698 406
699 143
700 195
701 579
702 639
703 556
704 548
705 181
706 232
707 213
708 196
709 186
710 449
711 623
712 276
713 497
714 548
715 194
716 339
717 594
718 250
719 368
720 42
721 44
722 458
723 287
724 350
725 242
726 355
727 465
728 497
729 627
730 168
731 716
732 595
733 585
734 127
735 694
736 91
737 21
738 737
739 304
740 78
741 28
742 274
743 347
744 145
745 237
746 547
747 346
748 271
749 558
750 619
751 566
752 70
753 28
754 41
755 568
756 266
757 7
758 102
759 472
760 387
761 548
762 280
763 278
764 699
765 97
766 430
767 558
768 684
769 751
770 761
771 665
772 550
773 650
774 747
775 3
776 483
777 102
778 675
779 90
780 556
781 576
782 69
783 273
784 646
785 235
786 456
787 383
788 136
789 476
790 591
791 169
792 263
793 439
794 138
795 596
796 600
797 43
798 410
799 165
800 106
801 684
802 116
803 312
804 230
805 348
806 372
807 626
808 720
809 5
810 45
811 136
812 110
813 536
814 767
815 96
816 588
817 256
818 531
819 469
820 414
821 693
822 613
823 753
824 242
825 811
826 800
827 400
828 473
829 656
830 95
831 647
832 134
833 116
834 446
835 484
836 239
837 834
838 380
839 347
840 634
841 384
842 512
843 733
844 755
845 122
846 55
847 182
848 190
849 5
850 228
851 764
852 438
853 498
854 222
855 16
856 11
857 48
858 749
859 401
860 620
861 278
862 50
863 259
864 112
865 592
866 25
867 535
868 523
869 428
870 182
871 379
872 268
873 712
874 770
875 444
876 840
877 623
878 602
879 322
880 626
881 337
882 582
883 496
884 567
885 331
886 142
887 727
888 627
889 750
890 866
891 3
892 243
893 282
894 824
895 843
896 198
897 70
898 171
899 733
900 665
901 131
902 882
903 336
904 362
905 150
906 773
907 547
908 84
909 541
910 523
911 817
912 376
913 572
914 311
915 148
916 11
917 268
918 830
919 267
920 669
921 845
922 913
923 25
924 312
925 913
926 744
927 463
928 761
929 576
930 484
931 781
932 439
933 477
934 599
935 227
936 892
937 584
938 388
939 71
940 531
941 378
942 811
943 442
944 892
945 718
946 360
947 4
948 704
949 241
950 242
951 921
952 829
953 789
954 861
955 117
956 38
957 621
958 235
959 896
960 662
961 612
962 419
963 396
964 803
965 679
966 949
967 213
968 949
969 176
970 891
971 166
972 535
973 648
974 55
975 722
976 205
977 959
978 4
979 695
980 567
981 567
982 874
983 594
984 540
985 70
986 883
987 18
988 835
989 112
990 336
991 341
992 337
993 188
994 178
995 68
996 971
997 281
998 126
999 575
1000 759
0 0
