3000
-77
-103
-105
2
65
-16
-49
-32
80
4
13
-11
-30
34
122
-103
121
18
-49
106
-50
-9
-77
77
-59
118
67
-81
-95
26
-14
17
116
-9
-109
-61
-38
-114
-76
-17
-25
-15
46
-38
94
40
-6
103
36
-46
70
-35
-12
15
-56
-23
83
-98
83
-25
-57
67
-88
93
68
108
-114
-56
-25
19
37
-100
-25
-26
119
-122
-56
-90
80
-12
-47
-51
80
-41
-63
115
62
-89
-66
114
-97
-88
-114
-55
-121
109
9
62
-80
-102
-50
72
-55
-18
54
43
16
-128
-122
101
35
72
105
73
19
-30
-99
-22
-69
-113
-20
58
80
125
94
115
57
72
-83
-74
32
-64
-7
-14
73
-19
-67
8
34
80
2
45
28
108
-46
-113
-70
-123
-16
59
-25
-88
-58
62
-115
-21
-97
10
99
-10
22
28
7
-62
-50
-36
76
-95
100
-59
-43
127
-94
-59
-29
103
-10
-25
107
73
34
47
108
-6
52
-59
127
124
-71
87
-80
-128
46
-72
-116
41
-73
-51
123
19
20
-87
80
-108
-48
-9
31
65
-69
-104
78
-76
-101
-114
-17
-115
31
25
77
-73
20
31
-59
-19
-37
-47
-40
124
27
-116
126
74
-77
-3
-68
23
-13
-119
120
3
11
-20
-115
80
-61
32
27
106
109
-128
32
36
24
45
77
69
7
-79
18
67
98
-30
-4
78
42
9
64
-112
114
68
-104
-76
-51
41
77
-91
3
-84
-107
-104
8
67
32
76
46
72
-18
-112
-103
-98
99
7
-13
-105
-99
40
98
21
5
-120
-73
-16
36
92
-23
-104
-71
57
-63
-4
8
31
-42
-86
116
-74
-68
55
80
-41
121
-31
-13
78
56
115
10
-33
66
105
51
-121
41
85
-57
3
70
-127
-10
-105
102
-42
26
8
-63
-4
69
-22
44
-61
28
34
-113
-62
-23
-93
-104
62
-21
123
-79
77
-15
19
48
58
39
-78
-50
44
47
68
91
3
115
90
-80
-125
-70
113
-28
-76
-6
119
-61
-120
109
-117
123
-65
-25
5
-103
8
103
-74
52
105
-20
113
104
-32
-118
-55
7
75
-68
29
-118
-123
-4
-46
78
-46
-111
-32
-3
125
-87
-112
73
-65
-89
-124
-31
-29
-66
-9
-99
-88
-65
70
-4
-25
47
-81
-47
117
-99
89
57
75
50
-107
-48
-28
-118
100
37
-25
-62
57
107
6
-45
0
113
38
30
94
-44
-64
72
59
115
-121
71
126
35
75
-67
23
-92
29
-123
67
-44
-76
-116
11
35
15
-29
14
71
92
18
-127
49
25
-82
116
63
121
46
87
-77
9
-6
-68
100
-109
-59
95
-77
66
29
99
-63
8
64
-34
-33
61
50
-104
70
-119
12
16
9
3
-105
-64
71
-102
25
-94
-91
-75
111
-13
-5
22
92
55
78
4
33
125
-1
-87
78
-28
65
-71
-41
94
-48
84
106
-76
-31
46
0
-53
84
-19
-77
37
49
-46
-49
-86
82
-100
43
-87
93
-87
-70
26
-10
95
93
38
50
-54
-5
-23
78
-122
-44
118
-95
-32
18
27
-49
56
-95
-25
64
-86
65
106
-48
-19
-38
-68
-56
122
15
-63
14
-15
21
-86
-104
-71
-58
-65
38
-25
-15
92
49
98
-11
58
30
68
-114
-16
-72
-125
-18
-70
-35
-48
16
120
119
-65
73
-6
-81
41
32
122
93
-49
95
106
-62
63
106
113
121
-4
-48
-80
-85
-39
32
73
-125
-90
-2
34
-31
14
117
-26
83
-64
-113
77
65
-51
35
-98
103
81
-17
114
-120
86
-26
-70
97
-11
-53
3
-35
-66
-1
-7
-121
91
-104
42
68
111
-78
13
66
-60
10
67
44
-90
-55
28
-96
-118
-99
93
-30
-12
14
65
-46
-105
16
-67
27
-67
-44
8
-82
-23
-28
91
111
-69
111
-10
45
21
-31
99
-40
124
-73
-2
-18
-63
-110
-75
55
-32
-118
13
-78
40
-60
101
-49
-100
71
127
-34
-102
11
60
-56
-70
83
-89
-3
-7
61
53
-83
23
-104
76
59
61
-11
1
-17
-29
1
38
-21
-15
18
-124
96
36
-1
101
1
-76
53
86
-72
52
7
42
-104
-71
70
66
20
62
18
12
110
71
-17
-54
114
-59
28
-107
99
58
32
-95
54
29
-91
-62
-2
-128
-119
47
-88
-16
51
-121
-24
-99
35
17
115
-69
-51
72
111
39
-88
-105
39
78
-126
97
4
75
22
68
-71
79
-32
-97
-67
70
48
81
-2
-73
126
-60
-44
-20
-3
43
51
84
114
7
38
37
71
-16
120
69
-37
-110
-76
107
29
-10
81
-126
89
3
38
78
82
68
36
81
-112
-21
67
-16
-5
22
-67
-46
-87
82
123
-119
-11
93
-52
116
-47
49
93
-29
93
61
102
125
-72
-10
33
-33
21
-114
-128
-122
18
3
31
-17
70
92
120
-4
25
48
86
-102
-39
103
-116
-95
10
68
-26
-4
-3
-92
96
9
-92
-128
-106
66
-92
-71
124
30
-84
21
79
50
5
-124
-53
-100
107
-87
-97
-95
28
-107
30
-107
46
-42
55
-5
37
-80
-89
-18
-59
-86
109
-64
37
77
126
-32
5
40
-69
1
97
23
32
120
71
-59
62
-26
-27
112
-21
24
-26
-20
56
43
-1
-21
-93
-12
-60
123
-114
-97
-63
-48
-16
-107
-58
68
75
-92
-126
-100
-34
90
83
-115
27
-79
93
127
91
-14
-38
-112
-47
-45
-80
-36
-68
-30
73
-4
-31
39
-97
-52
57
5
-106
113
-25
98
-113
-101
108
8
58
8
30
74
-85
74
-41
-22
-79
-55
-22
58
99
11
91
-126
-5
51
79
-94
-24
-56
-63
-8
30
-72
119
-124
-79
-99
52
74
-94
62
48
-8
-7
89
-59
-55
19
-96
107
-87
62
1
-26
-102
-125
42
-66
86
-61
77
-16
54
6
32
-29
82
15
41
-99
-22
52
56
55
5
108
53
-114
87
-86
27
60
104
105
69
-57
-13
-120
-23
23
-116
89
-30
46
-122
-11
-78
19
20
-46
-57
15
-82
-105
-3
28
-73
46
101
-101
92
27
69
69
-65
13
95
100
85
-77
118
67
-116
-47
15
-29
-78
-109
117
-17
18
33
-1
-14
96
115
-107
-56
87
103
113
83
-96
17
35
111
-10
82
-40
39
-120
-84
-37
41
-98
84
92
119
-128
-119
113
96
-108
37
90
-81
-58
114
9
34
44
62
-30
29
-22
50
-65
-96
84
95
55
119
83
26
32
-80
10
10
82
82
-71
127
-82
76
-31
5
95
-84
-87
58
96
17
-128
-36
62
99
4
38
32
-63
34
93
4
-69
127
-90
75
-62
23
26
120
-36
37
28
53
-99
66
-22
-105
82
-48
115
-94
127
-103
105
16
-116
-76
-106
78
-69
-87
115
-56
93
-44
-9
102
70
15
-83
86
126
-117
9
13
57
-1
-4
-120
9
5
-58
-40
83
-64
12
-35
0
-61
42
82
116
46
-54
9
-60
26
-74
120
35
56
-22
117
-98
-76
-18
62
10
96
98
-68
58
14
-38
9
117
61
-19
47
38
-7
-119
51
-42
-4
-119
82
88
25
-118
-118
67
-37
-6
92
-90
105
113
-47
-10
-84
69
-69
75
-76
89
61
-52
88
53
-115
104
29
92
-7
-56
90
-39
40
-127
-103
28
-93
-115
63
4
-109
-4
112
61
-51
-25
45
-52
11
-90
-65
-24
124
66
89
12
-128
45
-7
74
-84
49
-113
-30
21
-89
97
19
-53
-23
-82
49
-93
10
-111
-8
58
-60
41
32
54
-79
-9
49
-49
-66
-121
-103
-113
-34
83
-4
85
-5
-28
-53
-96
50
58
24
10
63
110
-87
19
54
-106
75
32
117
-23
104
-60
-42
36
-36
61
41
44
5
66
-31
-12
25
-4
13
-95
-67
82
-118
-20
-45
105
119
-56
-109
107
-22
69
-35
-120
-31
-75
-51
59
124
13
-111
-49
105
-114
119
33
-97
-92
74
-89
79
14
-33
-79
23
63
-21
-17
122
4
23
52
-115
104
87
121
-14
-43
119
37
10
123
-9
-116
103
-11
24
-75
-128
42
55
96
-87
114
90
71
66
-5
9
-91
46
106
95
-11
-121
-59
96
-4
-113
-112
-115
9
-22
54
-74
124
11
-85
16
-123
-19
80
-121
46
3
23
85
-100
113
-25
-44
-111
124
66
-112
54
63
37
-95
24
-96
47
56
112
-125
6
119
-89
62
-9
-122
25
76
-36
-29
26
69
67
-7
54
13
-52
-11
-67
76
-45
-43
-128
31
79
-63
-43
14
-6
-97
-31
61
-77
-30
22
-26
32
-94
-6
6
-105
-14
42
87
63
110
-97
127
114
19
49
-121
102
84
89
-114
13
105
59
-65
57
-21
-28
-128
4
-98
-48
-20
111
-114
-81
-124
73
93
104
33
83
-37
95
46
-95
-41
-12
19
67
53
76
-12
37
65
83
-100
52
67
1
-76
-62
84
-35
57
44
111
-64
45
-70
-53
-36
-116
-58
104
-4
-127
33
-24
13
-38
-78
-95
-34
-70
96
-16
36
-115
51
-48
-63
65
-75
-85
70
-76
-97
112
-74
104
-79
-27
-115
126
-30
63
0
-30
-71
-16
-121
-61
-5
-64
-103
70
-122
31
-74
123
125
-71
-85
-112
-91
76
18
68
15
-74
24
-97
-8
83
-125
-32
-19
-123
-13
-72
51
-108
103
-75
101
-71
4
1
95
117
18
76
91
39
72
7
90
-34
73
-45
-58
108
110
57
85
-68
-58
-101
48
101
91
106
85
126
-73
-102
57
-75
-89
83
-78
-101
63
-22
21
66
30
15
-101
10
-12
72
10
-72
65
-98
-111
-56
95
-107
-13
5
-62
98
-24
86
127
89
-64
-37
11
-91
73
56
69
59
-13
49
-73
17
50
120
25
-118
36
-62
23
53
116
32
85
-72
126
-115
-81
7
-77
-61
-59
-38
63
84
-73
93
-22
-11
45
41
60
29
-101
115
-27
-49
-61
-125
92
-77
123
104
-59
108
-80
-21
24
38
-85
-63
-128
110
-109
5
1
71
51
-27
94
122
-2
-101
58
45
80
-97
125
-73
-9
26
-7
-77
-14
-98
78
83
120
21
10
-8
61
-8
21
-1
-16
-62
77
-35
8
-93
109
110
-64
120
51
-118
96
-5
-62
-38
-65
55
69
-23
6
64
-43
126
-74
32
-99
42
-19
20
59
29
-27
-7
106
61
-67
1
-34
122
124
-86
112
91
83
-15
123
-35
34
-62
-122
126
62
-76
35
-107
114
-13
22
-28
67
125
-70
112
120
-110
-95
-111
-38
101
123
69
57
24
57
-55
-81
-25
114
107
41
-92
5
-102
34
99
0
63
-78
118
-64
80
-56
-100
90
-95
-77
117
58
-2
-24
57
10
120
-1
-86
-42
-4
-2
71
109
42
-38
-61
10
99
59
-75
51
36
-128
-111
-30
-109
3
-41
-29
88
-98
-118
125
-82
110
-28
84
-70
-42
72
-114
27
-57
120
53
-62
63
8
-36
4
16
19
-122
-19
-29
44
-61
-40
124
-105
28
60
64
-70
-79
-55
-12
-50
33
-76
-57
-38
-86
79
-109
-30
-110
-36
96
91
-59
-93
42
-29
-65
66
-28
47
-84
69
-68
69
-50
-10
-95
-21
32
118
2
95
57
13
-39
72
114
-65
-23
-19
75
32
67
-91
11
105
15
-114
-89
-54
-119
-126
-27
2
74
71
-63
46
-55
6
16
-34
33
-1
99
110
21
122
46
-108
81
1
42
53
-14
-52
-9
125
73
125
6
46
-36
14
-74
56
-82
7
-67
-117
-63
-12
-54
41
-40
22
105
127
-127
89
38
-11
83
-122
-11
-60
117
-70
-47
7
96
23
-92
22
-27
-71
103
15
113
-21
-118
-75
-112
-101
-106
126
-80
12
17
-25
40
-53
-94
11
120
-28
117
116
-46
85
-31
49
-38
-61
72
40
-85
108
63
-82
26
93
-17
85
62
-27
-69
5
48
73
36
79
15
-71
-23
-3
71
-125
114
-18
19
-121
110
33
65
-21
-68
15
54
16
-121
62
49
-60
-74
19
-44
-71
-125
-24
-32
53
105
94
64
12
68
-12
73
-52
-76
-39
64
55
-62
-1
28
-10
-58
113
-114
-117
-120
-26
63
-120
-91
-106
89
-2
52
76
72
57
-86
-67
-62
-86
-5
24
4
37
2
-34
95
77
35
-12
-12
76
47
-9
-68
-57
-121
-49
-53
16
-123
-121
-43
-98
23
91
-15
-69
-83
19
-99
125
86
-112
2
-9
37
-91
122
-80
-38
40
80
85
-66
72
-57
-86
-49
32
93
-58
29
-115
80
-128
116
61
98
37
59
9
-39
108
-100
-123
-53
-85
-26
-43
-104
74
47
-62
-72
120
61
13
-73
30
-89
2
125
17
55
81
-45
-116
-109
26
35
-35
28
71
127
94
23
30
-27
-89
11
22
-62
2
105
-22
-76
32
114
-19
-108
10
86
-99
-76
89
-103
122
101
-86
-69
25
-67
77
24
116
-105
61
13
-124
-38
85
92
18
-1
-64
-46
-54
-51
-78
39
-111
103
85
37
24
-119
7
12
-79
15
-62
54
98
-73
-37
-9
56
39
-16
-57
-34
50
28
-93
110
87
108
-80
-121
-118
-105
34
-96
56
-23
92
-100
-123
-127
88
-98
-40
-68
74
30
-103
-15
-128
61
57
95
-115
85
115
99
-90
-43
-46
-17
76
76
116
55
44
-61
13
-83
67
80
46
48
69
-24
-56
-128
64
117
-20
-10
124
40
-44
114
-89
17
39
-108
46
-19
121
47
-18
63
17
-6
12
-94
-16
-119
33
93
15
124
-101
56
-25
-9
96
-114
54
82
-76
-92
1
17
92
57
-43
22
3
94
83
21
-34
-120
-20
73
-116
-28
-24
101
64
-22
-83
-50
33
53
62
7
-15
-110
2
108
-19
87
-57
36
-11
-10
6
81
-19
-47
104
-119
99
80
-118
-118
114
49
-3
41
-26
32
-110
-116
-96
-120
-44
-103
61
-88
-43
-82
-14
-23
46
-109
-70
111
65
-83
-76
-18
-63
116
-58
-65
117
39
-121
51
56
-66
92
39
69
32
-31
-40
-79
-106
-118
-7
57
127
-118
3
62
70
-13
-51
14
-110
31
92
101
-68
80
-4
52
-122
-109
-113
-96
10
-22
38
78
-16
-87
-50
-34
-28
33
-83
-75
71
124
77
0
37
-24
55
-11
104
-8
-60
92
75
70
48
79
17
94
-16
62
-10
-41
69
54
102
-61
18
98
109
74
-21
-46
111
-111
110
123
25
-31
-42
127
-105
5
-51
-81
7
-13
-126
78
46
-81
-4
24
106
109
-82
-125
-24
-10
75
69
23
76
-37
22
93
-111
15
-73
8
37
-47
51
-121
15
32
101
-38
-98
27
-70
71
79
91
57
79
-14
-122
-64
-32
9
33
-112
-52
113
-90
11
122
68
-41
-67
-36
-3
81
-102
-96
-35
100
-122
-85
-114
34
27
-61
7
-74
-90
-117
-81
-8
114
-75
-59
62
74
115
-1
116
57
46
113
111
-108
123
-79
126
58
75
57
66
27
97
12
-64
-9
10
-99
-75
104
8
-20
41
35
-49
-14
71
123
-12
63
108
39
-30
-30
126
68
-49
-119
127
-98
-18
-23
98
43
-26
96
29
-40
-124
-39
-1
-120
-84
-15
68
90
-106
88
-25
43
55
121
-73
93
-4
93
-83
-42
-66
-52
125
75
-13
-74
107
-66
33
-46
96
69
-103
-123
61
14
97
5
111
-96
114
-66
-60
99
35
-11
124
99
-26
-85
-92
81
50
-60
-97
-53
-64
104
6
-36
-6
-86
-78
-57
-79
103
22
0
14
113
-46
124
-53
-19
-122
42
-94
-6
-28
-62
6
-108
10
-67
18
-73
14
-92
-65
-57
-38
-114
89
47
58
-27
52
73
51
104
-101
126
-105
118
9
-82
-42
-119
-100
-47
23
1
-58
-33
-121
35
2 1
3 1
4 3
5 2
6 4
7 3
8 3
9 4
10 9
11 9
12 1
13 4
14 12
15 10
16 3
17 14
18 17
19 18
20 10
21 3
22 14
23 18
24 19
25 8
26 8
27 2
28 21
29 25
30 9
31 25
32 8
33 11
34 13
35 32
36 2
37 20
38 27
39 2
40 30
41 13
42 15
43 24
44 15
45 42
46 19
47 28
48 42
49 25
50 37
51 50
52 1
53 34
54 14
55 53
56 14
57 13
58 23
59 45
60 37
61 12
62 15
63 34
64 36
65 59
66 51
67 13
68 11
69 65
70 13
71 37
72 10
73 41
74 44
75 11
76 17
77 65
78 36
79 38
80 38
81 33
82 14
83 50
84 32
85 15
86 81
87 2
88 15
89 9
90 80
91 55
92 19
93 84
94 26
95 92
96 72
97 92
98 61
99 21
100 33
101 97
102 76
103 39
104 57
105 32
106 39
107 84
108 9
109 40
110 53
111 73
112 56
113 78
114 112
115 19
116 71
117 70
118 56
119 107
120 7
121 61
122 116
123 16
124 26
125 52
126 35
127 75
128 113
129 23
130 94
131 73
132 69
133 14
134 127
135 106
136 7
137 10
138 12
139 38
140 67
141 3
142 9
143 30
144 102
145 56
146 112
147 116
148 105
149 32
150 140
151 142
152 38
153 112
154 47
155 34
156 131
157 129
158 132
159 14
160 143
161 51
162 58
163 57
164 110
165 130
166 136
167 148
168 137
169 144
170 9
171 83
172 160
173 35
174 127
175 48
176 29
177 56
178 156
179 89
180 72
181 112
182 109
183 121
184 142
185 130
186 68
187 121
188 152
189 6
190 90
191 47
192 59
193 121
194 7
195 171
196 109
197 44
198 36
199 44
200 184
201 185
202 100
203 27
204 160
205 59
206 174
207 71
208 49
209 37
210 130
211 26
212 181
213 178
214 197
215 154
216 143
217 100
218 87
219 201
220 193
221 143
222 95
223 116
224 173
225 175
226 197
227 205
228 47
229 133
230 224
231 87
232 177
233 173
234 192
235 77
236 157
237 135
238 175
239 120
240 214
241 216
242 9
243 231
244 218
245 127
246 157
247 199
248 160
249 85
250 34
251 168
252 194
253 100
254 187
255 96
256 57
257 159
258 243
259 71
260 94
261 243
262 231
263 183
264 234
265 93
266 226
267 190
268 85
269 28
270 48
271 141
272 260
273 151
274 219
275 247
276 190
277 62
278 159
279 119
280 211
281 29
282 250
283 270
284 261
285 122
286 144
287 149
288 70
289 241
290 144
291 90
292 1
293 100
294 97
295 30
296 36
297 288
298 128
299 166
300 188
301 141
302 280
303 194
304 55
305 108
306 82
307 265
308 241
309 11
310 147
311 173
312 209
313 69
314 161
315 203
316 66
317 280
318 258
319 145
320 295
321 11
322 49
323 69
324 152
325 24
326 129
327 62
328 159
329 262
330 176
331 253
332 45
333 126
334 31
335 88
336 134
337 287
338 142
339 50
340 229
341 251
342 118
343 166
344 111
345 164
346 232
347 183
348 316
349 227
350 141
351 298
352 109
353 215
354 273
355 312
356 67
357 238
358 309
359 352
360 350
361 80
362 284
363 7
364 126
365 304
366 352
367 103
368 336
369 198
370 357
371 331
372 369
373 225
374 23
375 88
376 64
377 122
378 125
379 68
380 256
381 133
382 35
383 257
384 326
385 317
386 284
387 137
388 155
389 78
390 74
391 186
392 84
393 316
394 145
395 36
396 71
397 69
398 71
399 277
400 374
401 59
402 204
403 247
404 331
405 201
406 399
407 47
408 343
409 192
410 97
411 27
412 200
413 196
414 98
415 413
416 232
417 355
418 283
419 195
420 180
421 416
422 20
423 224
424 116
425 5
426 304
427 308
428 344
429 228
430 18
431 288
432 239
433 358
434 233
435 259
436 419
437 223
438 94
439 294
440 435
441 381
442 184
443 145
444 244
445 44
446 431
447 76
448 49
449 307
450 383
451 14
452 233
453 137
454 6
455 425
456 236
457 376
458 395
459 131
460 25
461 314
462 363
463 301
464 293
465 205
466 350
467 48
468 185
469 220
470 82
471 9
472 82
473 121
474 290
475 432
476 313
477 223
478 4
479 436
480 243
481 53
482 32
483 246
484 276
485 52
486 39
487 109
488 218
489 207
490 487
491 91
492 292
493 189
494 166
495 273
496 277
497 106
498 474
499 97
500 333
501 243
502 172
503 380
504 287
505 316
506 430
507 18
508 145
509 295
510 375
511 283
512 245
513 239
514 29
515 278
516 485
517 261
518 516
519 441
520 398
521 9
522 104
523 432
524 517
525 144
526 257
527 346
528 23
529 68
530 443
531 58
532 12
533 37
534 316
535 116
536 160
537 135
538 430
539 514
540 416
541 328
542 378
543 320
544 319
545 235
546 496
547 472
548 447
549 276
550 194
551 158
552 138
553 455
554 52
555 162
556 512
557 115
558 451
559 188
560 87
561 212
562 494
563 523
564 293
565 141
566 388
567 560
568 348
569 65
570 497
571 508
572 541
573 188
574 360
575 386
576 353
577 304
578 524
579 464
580 493
581 214
582 408
583 293
584 39
585 407
586 409
587 467
588 472
589 451
590 282
591 115
592 395
593 65
594 413
595 479
596 33
597 243
598 44
599 508
600 450
601 362
602 318
603 352
604 202
605 165
606 63
607 329
608 81
609 71
610 202
611 251
612 589
613 303
614 333
615 258
616 219
617 523
618 225
619 357
620 22
621 423
622 464
623 386
624 162
625 131
626 451
627 350
628 224
629 595
630 23
631 173
632 375
633 563
634 232
635 134
636 164
637 618
638 223
639 167
640 241
641 182
642 441
643 292
644 366
645 625
646 562
647 494
648 538
649 259
650 493
651 573
652 278
653 416
654 526
655 439
656 473
657 210
658 173
659 518
660 264
661 398
662 567
663 630
664 311
665 187
666 291
667 459
668 336
669 400
670 142
671 8
672 258
673 72
674 301
675 73
676 442
677 34
678 613
679 174
680 52
681 606
682 183
683 502
684 567
685 496
686 540
687 570
688 256
689 407
690 447
691 184
692 494
693 15
694 300
695 604
696 52
697 419
698 595
699 578
700 198
701 602
702 664
703 199
704 256
705 514
706 429
707 30
708 430
709 233
710 630
711 600
712 165
713 668
714 316
715 701
716 318
717 305
718 219
719 522
720 250
721 9
722 565
723 434
724 486
725 610
726 204
727 179
728 114
729 489
730 208
731 31
732 577
733 144
734 188
735 94
736 280
737 334
738 243
739 453
740 671
741 131
742 355
743 580
744 433
745 501
746 536
747 174
748 513
749 523
750 335
751 594
752 127
753 641
754 664
755 631
756 49
757 540
758 677
759 228
760 697
761 503
762 105
763 698
764 541
765 686
766 605
767 675
768 713
769 659
770 601
771 540
772 368
773 602
774 138
775 443
776 334
777 490
778 239
779 371
780 366
781 232
782 368
783 286
784 288
785 277
786 468
787 535
788 259
789 232
790 209
791 81
792 486
793 653
794 263
795 495
796 573
797 601
798 270
799 683
800 370
801 313
802 450
803 128
804 691
805 180
806 317
807 483
808 25
809 177
810 642
811 601
812 609
813 210
814 809
815 234
816 795
817 751
818 802
819 96
820 76
821 126
822 449
823 238
824 203
825 161
826 135
827 417
828 520
829 500
830 179
831 591
832 223
833 297
834 28
835 536
836 548
837 89
838 220
839 520
840 642
841 269
842 584
843 552
844 772
845 616
846 314
847 553
848 247
849 327
850 181
851 523
852 277
853 510
854 625
855 826
856 508
857 229
858 570
859 291
860 239
861 676
862 319
863 325
864 679
865 202
866 445
867 794
868 495
869 760
870 31
871 9
872 759
873 619
874 763
875 180
876 692
877 3
878 691
879 721
880 244
881 707
882 788
883 80
884 234
885 105
886 421
887 843
888 120
889 304
890 796
891 820
892 118
893 795
894 635
895 875
896 661
897 388
898 537
899 606
900 243
901 189
902 613
903 283
904 599
905 501
906 501
907 582
908 377
909 126
910 69
911 8
912 175
913 109
914 662
915 769
916 794
917 111
918 111
919 385
920 58
921 227
922 611
923 877
924 765
925 127
926 512
927 635
928 434
929 736
930 596
931 269
932 248
933 288
934 523
935 252
936 822
937 466
938 690
939 532
940 536
941 789
942 760
943 836
944 855
945 29
946 711
947 113
948 408
949 782
950 465
951 195
952 324
953 845
954 16
955 77
956 787
957 884
958 63
959 431
960 483
961 677
962 563
963 29
964 515
965 862
966 240
967 194
968 536
969 131
970 506
971 165
972 449
973 876
974 592
975 316
976 649
977 649
978 554
979 639
980 304
981 680
982 739
983 383
984 913
985 694
986 341
987 297
988 654
989 16
990 324
991 753
992 655
993 987
994 651
995 146
996 798
997 702
998 257
999 839
1000 536
1001 695
1002 333
1003 491
1004 734
1005 80
1006 983
1007 85
1008 937
1009 315
1010 107
1011 754
1012 852
1013 80
1014 355
1015 1013
1016 610
1017 302
1018 942
1019 174
1020 287
1021 9
1022 124
1023 175
1024 98
1025 651
1026 391
1027 541
1028 572
1029 732
1030 286
1031 265
1032 638
1033 846
1034 771
1035 210
1036 267
1037 356
1038 736
1039 85
1040 133
1041 666
1042 38
1043 891
1044 276
1045 930
1046 1006
1047 44
1048 339
1049 166
1050 1014
1051 417
1052 464
1053 566
1054 595
1055 589
1056 642
1057 283
1058 846
1059 750
1060 89
1061 917
1062 977
1063 13
1064 510
1065 16
1066 657
1067 223
1068 872
1069 141
1070 767
1071 1020
1072 692
1073 463
1074 875
1075 229
1076 872
1077 707
1078 338
1079 74
1080 849
1081 1021
1082 15
1083 472
1084 462
1085 32
1086 352
1087 357
1088 607
1089 438
1090 987
1091 355
1092 867
1093 983
1094 307
1095 744
1096 793
1097 158
1098 342
1099 558
1100 314
1101 565
1102 118
1103 58
1104 997
1105 593
1106 109
1107 249
1108 874
1109 518
1110 679
1111 290
1112 952
1113 836
1114 553
1115 1101
1116 43
1117 418
1118 334
1119 1013
1120 66
1121 385
1122 351
1123 187
1124 348
1125 725
1126 518
1127 262
1128 879
1129 487
1130 180
1131 268
1132 429
1133 394
1134 503
1135 396
1136 721
1137 408
1138 671
1139 704
1140 593
1141 584
1142 441
1143 386
1144 364
1145 249
1146 171
1147 407
1148 1033
1149 840
1150 583
1151 1126
1152 949
1153 934
1154 71
1155 287
1156 281
1157 524
1158 445
1159 343
1160 113
1161 140
1162 796
1163 807
1164 1154
1165 448
1166 875
1167 582
1168 888
1169 924
1170 548
1171 867
1172 508
1173 1171
1174 346
1175 968
1176 489
1177 734
1178 1158
1179 900
1180 9
1181 607
1182 679
1183 1107
1184 878
1185 268
1186 1166
1187 1151
1188 956
1189 258
1190 91
1191 779
1192 824
1193 955
1194 30
1195 433
1196 69
1197 330
1198 180
1199 260
1200 670
1201 54
1202 1145
1203 1168
1204 425
1205 1069
1206 644
1207 751
1208 219
1209 11
1210 448
1211 1046
1212 712
1213 969
1214 841
1215 1010
1216 1142
1217 475
1218 563
1219 799
1220 651
1221 14
1222 745
1223 165
1224 1147
1225 334
1226 932
1227 307
1228 1124
1229 600
1230 229
1231 893
1232 89
1233 1117
1234 160
1235 611
1236 761
1237 422
1238 915
1239 287
1240 1095
1241 222
1242 1074
1243 354
1244 978
1245 1081
1246 261
1247 583
1248 258
1249 380
1250 1085
1251 397
1252 92
1253 453
1254 171
1255 278
1256 496
1257 1053
1258 291
1259 827
1260 284
1261 1014
1262 841
1263 156
1264 504
1265 298
1266 67
1267 948
1268 319
1269 920
1270 647
1271 819
1272 830
1273 401
1274 71
1275 1086
1276 1122
1277 204
1278 673
1279 403
1280 507
1281 982
1282 726
1283 477
1284 1033
1285 1213
1286 139
1287 645
1288 157
1289 22
1290 492
1291 667
1292 990
1293 880
1294 475
1295 785
1296 780
1297 883
1298 805
1299 934
1300 359
1301 701
1302 1160
1303 1187
1304 1158
1305 572
1306 1143
1307 114
1308 1179
1309 900
1310 854
1311 994
1312 1118
1313 498
1314 213
1315 298
1316 847
1317 1301
1318 911
1319 343
1320 1024
1321 187
1322 948
1323 65
1324 1253
1325 295
1326 139
1327 796
1328 629
1329 898
1330 711
1331 832
1332 886
1333 352
1334 781
1335 1027
1336 611
1337 765
1338 486
1339 739
1340 1318
1341 196
1342 443
1343 906
1344 54
1345 150
1346 540
1347 1245
1348 841
1349 514
1350 521
1351 207
1352 1001
1353 91
1354 561
1355 1096
1356 1213
1357 279
1358 931
1359 1066
1360 198
1361 511
1362 1091
1363 451
1364 1307
1365 366
1366 715
1367 982
1368 503
1369 118
1370 422
1371 350
1372 210
1373 1184
1374 730
1375 1200
1376 410
1377 204
1378 1028
1379 52
1380 848
1381 1122
1382 636
1383 574
1384 280
1385 519
1386 1232
1387 1179
1388 537
1389 1038
1390 526
1391 1019
1392 157
1393 1040
1394 73
1395 90
1396 1269
1397 406
1398 923
1399 194
1400 315
1401 1375
1402 483
1403 399
1404 44
1405 1253
1406 876
1407 1004
1408 166
1409 1308
1410 921
1411 765
1412 646
1413 696
1414 119
1415 735
1416 173
1417 1294
1418 1313
1419 416
1420 433
1421 110
1422 1377
1423 795
1424 767
1425 1295
1426 592
1427 878
1428 389
1429 396
1430 149
1431 1269
1432 343
1433 1342
1434 12
1435 534
1436 961
1437 418
1438 387
1439 224
1440 642
1441 1004
1442 1262
1443 565
1444 605
1445 44
1446 660
1447 1141
1448 971
1449 1128
1450 1256
1451 629
1452 1049
1453 910
1454 889
1455 406
1456 661
1457 852
1458 252
1459 442
1460 178
1461 269
1462 1409
1463 1358
1464 471
1465 509
1466 1042
1467 613
1468 824
1469 643
1470 28
1471 991
1472 618
1473 1126
1474 1083
1475 1130
1476 28
1477 907
1478 825
1479 1110
1480 1348
1481 166
1482 1331
1483 1363
1484 259
1485 1387
1486 1140
1487 1079
1488 981
1489 1077
1490 794
1491 215
1492 1451
1493 563
1494 473
1495 663
1496 1060
1497 635
1498 365
1499 223
1500 78
1501 737
1502 1289
1503 85
1504 1435
1505 1073
1506 989
1507 110
1508 634
1509 436
1510 1070
1511 1084
1512 606
1513 662
1514 189
1515 374
1516 1174
1517 103
1518 1255
1519 15
1520 335
1521 988
1522 617
1523 1508
1524 1462
1525 105
1526 684
1527 608
1528 419
1529 353
1530 412
1531 626
1532 609
1533 899
1534 662
1535 281
1536 853
1537 374
1538 276
1539 154
1540 252
1541 779
1542 478
1543 1440
1544 1152
1545 67
1546 529
1547 130
1548 1130
1549 289
1550 1396
1551 1456
1552 1023
1553 448
1554 518
1555 751
1556 1520
1557 1260
1558 1182
1559 1116
1560 215
1561 421
1562 1340
1563 142
1564 899
1565 509
1566 629
1567 855
1568 1535
1569 924
1570 336
1571 1186
1572 816
1573 549
1574 439
1575 1400
1576 180
1577 1066
1578 888
1579 446
1580 5
1581 974
1582 1434
1583 334
1584 1077
1585 1210
1586 863
1587 874
1588 784
1589 54
1590 1230
1591 603
1592 217
1593 1249
1594 975
1595 996
1596 1020
1597 1256
1598 911
1599 193
1600 1498
1601 1099
1602 872
1603 562
1604 55
1605 1256
1606 290
1607 490
1608 923
1609 5
1610 511
1611 1408
1612 598
1613 628
1614 1019
1615 327
1616 731
1617 1377
1618 784
1619 1358
1620 1278
1621 1186
1622 736
1623 1386
1624 635
1625 1341
1626 268
1627 1364
1628 655
1629 1511
1630 1020
1631 952
1632 657
1633 332
1634 1620
1635 511
1636 285
1637 455
1638 1205
1639 71
1640 1311
1641 1483
1642 1570
1643 1420
1644 10
1645 342
1646 441
1647 102
1648 1160
1649 1101
1650 709
1651 833
1652 1647
1653 112
1654 383
1655 257
1656 1361
1657 1216
1658 341
1659 705
1660 796
1661 1422
1662 913
1663 740
1664 398
1665 1637
1666 990
1667 950
1668 1030
1669 719
1670 301
1671 1315
1672 1437
1673 916
1674 98
1675 713
1676 89
1677 1588
1678 1592
1679 738
1680 205
1681 1222
1682 1537
1683 1613
1684 611
1685 557
1686 202
1687 324
1688 1243
1689 1666
1690 169
1691 1305
1692 245
1693 1649
1694 963
1695 1499
1696 607
1697 1600
1698 669
1699 379
1700 1196
1701 1262
1702 916
1703 137
1704 1651
1705 777
1706 126
1707 178
1708 1250
1709 591
1710 901
1711 312
1712 1567
1713 1525
1714 1467
1715 1107
1716 526
1717 1384
1718 237
1719 960
1720 1259
1721 571
1722 399
1723 1138
1724 222
1725 1625
1726 455
1727 1046
1728 250
1729 1093
1730 1552
1731 330
1732 113
1733 1019
1734 344
1735 1127
1736 1022
1737 1081
1738 1621
1739 1054
1740 1015
1741 898
1742 1429
1743 1371
1744 1470
1745 113
1746 638
1747 1737
1748 703
1749 1477
1750 1337
1751 159
1752 1084
1753 212
1754 177
1755 817
1756 1321
1757 777
1758 95
1759 514
1760 916
1761 91
1762 268
1763 431
1764 1241
1765 679
1766 326
1767 1625
1768 373
1769 980
1770 1222
1771 744
1772 1157
1773 1397
1774 1335
1775 208
1776 1589
1777 1427
1778 629
1779 268
1780 1114
1781 1769
1782 1692
1783 941
1784 62
1785 620
1786 744
1787 1484
1788 491
1789 1022
1790 833
1791 78
1792 174
1793 1130
1794 611
1795 1652
1796 1529
1797 793
1798 1376
1799 1198
1800 268
1801 899
1802 460
1803 1667
1804 1069
1805 1365
1806 1262
1807 1576
1808 257
1809 1377
1810 1634
1811 1552
1812 308
1813 1755
1814 722
1815 921
1816 1070
1817 179
1818 726
1819 738
1820 1686
1821 259
1822 851
1823 1015
1824 1552
1825 1370
1826 447
1827 814
1828 1346
1829 685
1830 689
1831 1086
1832 1684
1833 1645
1834 255
1835 1200
1836 1356
1837 1665
1838 1482
1839 1186
1840 1710
1841 741
1842 1508
1843 73
1844 817
1845 559
1846 1394
1847 1376
1848 1678
1849 690
1850 570
1851 1123
1852 647
1853 712
1854 1587
1855 668
1856 1184
1857 980
1858 754
1859 1452
1860 285
1861 1135
1862 355
1863 851
1864 8
1865 474
1866 705
1867 488
1868 1400
1869 437
1870 842
1871 1807
1872 430
1873 935
1874 442
1875 1722
1876 1659
1877 330
1878 1423
1879 1500
1880 253
1881 1711
1882 1426
1883 1095
1884 240
1885 1653
1886 550
1887 806
1888 132
1889 927
1890 304
1891 1720
1892 1823
1893 1228
1894 24
1895 84
1896 1059
1897 1427
1898 129
1899 744
1900 1298
1901 1673
1902 699
1903 571
1904 121
1905 1645
1906 1897
1907 995
1908 117
1909 38
1910 1001
1911 1351
1912 1596
1913 845
1914 1428
1915 979
1916 1877
1917 1231
1918 675
1919 1396
1920 719
1921 771
1922 566
1923 1396
1924 1842
1925 799
1926 1085
1927 397
1928 1655
1929 1919
1930 1842
1931 794
1932 209
1933 1894
1934 145
1935 602
1936 1474
1937 881
1938 1204
1939 1050
1940 783
1941 1766
1942 504
1943 243
1944 1475
1945 1033
1946 1382
1947 1887
1948 790
1949 1889
1950 321
1951 1405
1952 1804
1953 233
1954 1723
1955 635
1956 544
1957 1024
1958 1274
1959 922
1960 1296
1961 614
1962 1694
1963 776
1964 335
1965 1816
1966 1054
1967 1677
1968 1703
1969 1691
1970 1385
1971 790
1972 1756
1973 1559
1974 726
1975 164
1976 796
1977 501
1978 274
1979 659
1980 572
1981 1503
1982 443
1983 653
1984 706
1985 248
1986 595
1987 909
1988 38
1989 1972
1990 1426
1991 592
1992 1365
1993 1816
1994 966
1995 1842
1996 249
1997 1457
1998 71
1999 464
2000 1114
2001 1985
2002 768
2003 962
2004 637
2005 1215
2006 1416
2007 521
2008 1688
2009 640
2010 633
2011 1374
2012 712
2013 406
2014 1549
2015 68
2016 1575
2017 1560
2018 381
2019 1114
2020 971
2021 1758
2022 1968
2023 1068
2024 1401
2025 1118
2026 1056
2027 369
2028 536
2029 1431
2030 681
2031 1941
2032 152
2033 2029
2034 689
2035 911
2036 1996
2037 553
2038 183
2039 1335
2040 1507
2041 1307
2042 395
2043 1596
2044 573
2045 1761
2046 916
2047 54
2048 1510
2049 1457
2050 181
2051 1811
2052 67
2053 1422
2054 1845
2055 1728
2056 1007
2057 295
2058 1731
2059 564
2060 1604
2061 1241
2062 1998
2063 419
2064 1076
2065 1574
2066 827
2067 1497
2068 612
2069 1258
2070 1903
2071 624
2072 584
2073 717
2074 694
2075 1963
2076 885
2077 616
2078 1477
2079 332
2080 455
2081 940
2082 1329
2083 448
2084 2072
2085 1113
2086 1050
2087 1630
2088 1713
2089 396
2090 1033
2091 823
2092 1333
2093 467
2094 1591
2095 1864
2096 607
2097 725
2098 1450
2099 246
2100 121
2101 1780
2102 946
2103 208
2104 1848
2105 1918
2106 1435
2107 1598
2108 1977
2109 156
2110 898
2111 1029
2112 1363
2113 1073
2114 1538
2115 1579
2116 2009
2117 1850
2118 1166
2119 1958
2120 429
2121 1003
2122 1066
2123 674
2124 888
2125 730
2126 502
2127 1618
2128 122
2129 257
2130 613
2131 1726
2132 2047
2133 1925
2134 1920
2135 1760
2136 1482
2137 614
2138 646
2139 402
2140 1650
2141 1868
2142 68
2143 1591
2144 1780
2145 582
2146 869
2147 591
2148 69
2149 1001
2150 534
2151 1830
2152 1525
2153 271
2154 1545
2155 457
2156 1867
2157 2041
2158 1599
2159 1662
2160 489
2161 1682
2162 191
2163 1259
2164 2041
2165 2145
2166 1329
2167 1124
2168 1281
2169 1942
2170 1047
2171 1907
2172 888
2173 1836
2174 1026
2175 428
2176 1783
2177 1909
2178 515
2179 1549
2180 1816
2181 1110
2182 176
2183 1470
2184 247
2185 2013
2186 1760
2187 1047
2188 287
2189 1041
2190 1750
2191 703
2192 2075
2193 848
2194 1192
2195 1718
2196 1290
2197 362
2198 591
2199 64
2200 1945
2201 1133
2202 1497
2203 1249
2204 1170
2205 548
2206 1006
2207 158
2208 293
2209 645
2210 1810
2211 247
2212 1045
2213 358
2214 329
2215 424
2216 1854
2217 1311
2218 1964
2219 890
2220 1032
2221 1768
2222 718
2223 1933
2224 1704
2225 116
2226 857
2227 1975
2228 949
2229 1514
2230 2201
2231 1217
2232 66
2233 1819
2234 1989
2235 1414
2236 2160
2237 105
2238 1041
2239 1539
2240 1256
2241 894
2242 2095
2243 481
2244 207
2245 1068
2246 18
2247 1471
2248 1099
2249 604
2250 551
2251 362
2252 1147
2253 1068
2254 1981
2255 1734
2256 1922
2257 2085
2258 1175
2259 1896
2260 1359
2261 121
2262 115
2263 1737
2264 1574
2265 1265
2266 770
2267 2266
2268 273
2269 342
2270 1957
2271 1216
2272 752
2273 1129
2274 2089
2275 565
2276 1394
2277 1957
2278 1077
2279 546
2280 1505
2281 1332
2282 26
2283 1624
2284 721
2285 2016
2286 887
2287 1838
2288 1982
2289 731
2290 1508
2291 1365
2292 162
2293 621
2294 1470
2295 532
2296 785
2297 262
2298 1865
2299 917
2300 1581
2301 2016
2302 1246
2303 2004
2304 8
2305 333
2306 1794
2307 2239
2308 1723
2309 168
2310 1138
2311 126
2312 1099
2313 48
2314 1715
2315 1269
2316 777
2317 905
2318 40
2319 285
2320 225
2321 511
2322 91
2323 751
2324 1777
2325 176
2326 1302
2327 1067
2328 2036
2329 170
2330 775
2331 921
2332 909
2333 1058
2334 385
2335 659
2336 843
2337 595
2338 93
2339 1146
2340 1149
2341 1981
2342 742
2343 851
2344 1235
2345 1975
2346 254
2347 1515
2348 1816
2349 1346
2350 1263
2351 1626
2352 829
2353 808
2354 1799
2355 1938
2356 996
2357 642
2358 311
2359 1961
2360 1316
2361 1678
2362 1807
2363 140
2364 1736
2365 372
2366 907
2367 833
2368 170
2369 1953
2370 1550
2371 1289
2372 952
2373 132
2374 834
2375 674
2376 1222
2377 25
2378 1998
2379 708
2380 1281
2381 151
2382 588
2383 1532
2384 1162
2385 1903
2386 1896
2387 1594
2388 1109
2389 517
2390 1035
2391 1215
2392 1054
2393 1041
2394 1278
2395 1916
2396 2001
2397 1566
2398 1690
2399 1559
2400 1088
2401 993
2402 1430
2403 1798
2404 1959
2405 278
2406 1300
2407 1943
2408 1320
2409 750
2410 1418
2411 1188
2412 1133
2413 1593
2414 1078
2415 407
2416 785
2417 586
2418 334
2419 1653
2420 2271
2421 923
2422 1242
2423 1772
2424 1127
2425 2211
2426 1822
2427 1267
2428 1487
2429 2165
2430 1948
2431 429
2432 653
2433 1723
2434 1359
2435 33
2436 21
2437 1074
2438 2077
2439 2412
2440 2401
2441 1303
2442 2196
2443 1397
2444 1196
2445 155
2446 198
2447 1299
2448 1669
2449 2227
2450 629
2451 2197
2452 111
2453 1679
2454 535
2455 661
2456 736
2457 2220
2458 418
2459 832
2460 251
2461 828
2462 1351
2463 453
2464 306
2465 1333
2466 1287
2467 741
2468 1978
2469 2044
2470 2046
2471 1326
2472 775
2473 275
2474 304
2475 265
2476 2234
2477 2005
2478 1699
2479 393
2480 317
2481 1249
2482 802
2483 989
2484 894
2485 146
2486 315
2487 355
2488 2253
2489 21
2490 394
2491 1168
2492 367
2493 2479
2494 1866
2495 1464
2496 1706
2497 1177
2498 1595
2499 1990
2500 2447
2501 1065
2502 1827
2503 155
2504 418
2505 571
2506 215
2507 2084
2508 1883
2509 1727
2510 1373
2511 7
2512 2006
2513 1277
2514 2154
2515 448
2516 2179
2517 1523
2518 1654
2519 403
2520 2225
2521 1573
2522 2225
2523 789
2524 2256
2525 1107
2526 1723
2527 1179
2528 298
2529 1806
2530 705
2531 1466
2532 1433
2533 992
2534 1251
2535 219
2536 1072
2537 2078
2538 1548
2539 1758
2540 1649
2541 1402
2542 1043
2543 2153
2544 1411
2545 670
2546 1441
2547 1015
2548 2408
2549 2190
2550 1958
2551 704
2552 391
2553 69
2554 1412
2555 2463
2556 2217
2557 2251
2558 2523
2559 1582
2560 1037
2561 1853
2562 2141
2563 336
2564 1086
2565 1633
2566 2024
2567 1248
2568 224
2569 1436
2570 48
2571 199
2572 1186
2573 845
2574 889
2575 1126
2576 1981
2577 2508
2578 264
2579 1350
2580 1556
2581 1899
2582 1704
2583 2162
2584 2423
2585 308
2586 914
2587 255
2588 1851
2589 2031
2590 1195
2591 1556
2592 2568
2593 1837
2594 109
2595 756
2596 2588
2597 365
2598 866
2599 361
2600 262
2601 1437
2602 2402
2603 1933
2604 1394
2605 1505
2606 934
2607 1318
2608 2162
2609 1664
2610 1857
2611 33
2612 268
2613 2007
2614 264
2615 1045
2616 553
2617 370
2618 946
2619 2199
2620 2348
2621 667
2622 1988
2623 1484
2624 289
2625 1254
2626 2090
2627 2252
2628 590
2629 1875
2630 985
2631 119
2632 507
2633 954
2634 977
2635 2151
2636 2108
2637 456
2638 770
2639 2136
2640 2392
2641 353
2642 1592
2643 1531
2644 1646
2645 2417
2646 1157
2647 1229
2648 526
2649 415
2650 550
2651 743
2652 2026
2653 704
2654 1205
2655 1801
2656 785
2657 176
2658 2155
2659 885
2660 410
2661 1563
2662 922
2663 930
2664 1106
2665 2354
2666 853
2667 2254
2668 2524
2669 2120
2670 1374
2671 2000
2672 908
2673 1351
2674 2588
2675 158
2676 1721
2677 1369
2678 1362
2679 2593
2680 948
2681 1924
2682 103
2683 1573
2684 2495
2685 1134
2686 2061
2687 2649
2688 254
2689 340
2690 2604
2691 68
2692 411
2693 2473
2694 1160
2695 1250
2696 1989
2697 1182
2698 878
2699 1312
2700 2159
2701 2245
2702 926
2703 2300
2704 1620
2705 2570
2706 2195
2707 1052
2708 1605
2709 1648
2710 1782
2711 1884
2712 696
2713 1616
2714 2183
2715 2374
2716 1821
2717 2507
2718 646
2719 1041
2720 1738
2721 953
2722 1535
2723 1609
2724 2388
2725 66
2726 360
2727 199
2728 1477
2729 1652
2730 2252
2731 1045
2732 1813
2733 301
2734 987
2735 855
2736 2430
2737 643
2738 1325
2739 2418
2740 493
2741 25
2742 2275
2743 1148
2744 553
2745 1947
2746 707
2747 2341
2748 1485
2749 2501
2750 1388
2751 149
2752 1692
2753 1928
2754 1497
2755 724
2756 2419
2757 229
2758 671
2759 2732
2760 2599
2761 1062
2762 138
2763 2116
2764 602
2765 1326
2766 2701
2767 263
2768 651
2769 2265
2770 2364
2771 78
2772 776
2773 928
2774 569
2775 1383
2776 1277
2777 1598
2778 1285
2779 2282
2780 1192
2781 2471
2782 1219
2783 2773
2784 633
2785 2760
2786 1342
2787 1103
2788 2556
2789 979
2790 1426
2791 950
2792 2094
2793 1692
2794 664
2795 539
2796 1990
2797 2164
2798 2077
2799 164
2800 2399
2801 2020
2802 897
2803 793
2804 2321
2805 18
2806 97
2807 1501
2808 654
2809 2144
2810 620
2811 791
2812 1500
2813 182
2814 1703
2815 812
2816 2288
2817 2689
2818 1212
2819 1508
2820 2278
2821 939
2822 881
2823 2511
2824 2357
2825 1748
2826 1028
2827 1708
2828 877
2829 2329
2830 2638
2831 85
2832 201
2833 1133
2834 680
2835 949
2836 1104
2837 1234
2838 1365
2839 1275
2840 513
2841 777
2842 2046
2843 1880
2844 800
2845 460
2846 2066
2847 104
2848 394
2849 859
2850 1135
2851 850
2852 1899
2853 281
2854 327
2855 1345
2856 535
2857 1864
2858 33
2859 124
2860 1097
2861 1003
2862 2008
2863 2602
2864 1466
2865 1243
2866 667
2867 1494
2868 1316
2869 2136
2870 2174
2871 2121
2872 1116
2873 2090
2874 1525
2875 346
2876 723
2877 1287
2878 2229
2879 2741
2880 127
2881 447
2882 1163
2883 286
2884 62
2885 1289
2886 740
2887 1360
2888 2552
2889 2447
2890 564
2891 597
2892 314
2893 318
2894 1813
2895 1531
2896 2844
2897 199
2898 2316
2899 2615
2900 1886
2901 617
2902 236
2903 445
2904 1916
2905 2458
2906 2013
2907 1181
2908 549
2909 823
2910 380
2911 1361
2912 206
2913 2836
2914 1638
2915 570
2916 737
2917 2192
2918 1231
2919 738
2920 2181
2921 1002
2922 2782
2923 2369
2924 2221
2925 2492
2926 335
2927 2421
2928 1617
2929 343
2930 382
2931 1494
2932 1140
2933 2400
2934 366
2935 412
2936 2624
2937 2241
2938 2664
2939 1129
2940 1979
2941 403
2942 1696
2943 2489
2944 2257
2945 1090
2946 2692
2947 2498
2948 1118
2949 2097
2950 598
2951 2052
2952 1136
2953 2320
2954 197
2955 259
2956 674
2957 351
2958 1057
2959 1578
2960 36
2961 1157
2962 181
2963 1173
2964 2481
2965 2937
2966 2840
2967 2559
2968 107
2969 2208
2970 1102
2971 2598
2972 2314
2973 2895
2974 358
2975 1974
2976 1757
2977 530
2978 2175
2979 1363
2980 1042
2981 388
2982 2543
2983 1669
2984 2970
2985 2921
2986 2387
2987 1251
2988 1721
2989 2290
2990 277
2991 2245
2992 999
2993 1064
2994 1183
2995 27
2996 1586
2997 1484
2998 176
2999 310
3000 1988
0 0
