500
-80
-100
-50
3
-9
-103
-90
79
-47
8
-95
-55
103
-128
-54
-33
-73
25
-87
-122
54
126
12
-26
-70
67
7
83
-104
121
57
-128
9
-128
81
-17
-45
29
-47
-84
37
-52
18
59
-62
88
-120
-49
97
-88
72
-67
84
-36
-57
47
105
-103
-27
29
14
-96
42
121
-72
-90
79
-86
-123
96
0
60
32
-35
-32
-42
-27
24
-50
108
69
-50
103
-75
108
-115
-53
-32
34
14
-92
-125
-17
-60
101
-44
-125
-75
-48
27
84
-119
-69
103
-119
-32
19
-128
23
-23
33
30
42
49
12
88
-58
-72
-96
95
-82
74
77
108
-123
12
115
-9
51
86
-35
42
-118
-64
-117
-107
42
-128
-76
35
-95
-13
11
77
-41
121
66
-115
-86
-122
-52
22
-43
-10
-24
-62
22
-95
-37
76
-112
48
124
-65
110
47
-10
46
-55
99
-54
-90
-53
93
19
97
21
79
14
60
95
31
-39
107
94
-70
123
108
-21
-85
37
57
97
-20
-72
-62
71
-5
-122
-102
47
49
93
-15
-35
80
-62
-62
-84
91
122
77
46
-86
79
-56
19
61
16
82
76
81
-38
40
112
49
-106
27
94
79
-61
66
36
-109
118
-20
31
-13
-98
-40
100
68
-115
-87
95
79
-76
-108
-70
40
-82
92
-128
-69
-127
-128
-125
-88
32
-77
-5
81
52
-116
111
48
27
127
-39
111
49
12
5
-78
79
54
58
56
-110
55
28
34
94
114
-47
18
-94
-87
99
-8
93
112
101
41
97
-31
-38
-78
87
-110
82
-21
3
-60
86
79
-55
-35
6
-118
112
25
1
-44
39
124
-123
126
-59
11
-40
-54
85
59
-26
0
-46
-86
43
-66
47
13
-45
-112
-102
105
32
-64
2
-121
13
112
-41
-94
49
-27
17
98
-27
38
115
14
-87
-58
17
-3
-60
-2
16
77
43
-1
-83
-40
-92
-123
-128
100
43
-80
2
26
-107
16
78
58
115
-2
36
12
57
51
51
26
-96
-109
-104
-100
72
74
-94
52
-94
26
-40
-37
13
-13
61
27
63
-59
-46
-128
-25
-110
93
73
-112
-57
105
98
-55
-52
-114
-105
-125
-38
-14
2
-70
13
16
-59
88
-70
-72
-1
86
2
87
-8
36
-89
121
-97
75
31
-116
55
81
-25
-25
77
-36
26
11
-19
27
66
40
21
98
110
-29
106
20
-123
86
42
-58
-39
88
98
-95
-1
-1
97
8
-33
100
108
123
7
-90
-77
-68
69
50
-124
48
116
65
-65
-121
-106
-94
-118
-96
35
-71
69
-90
-95
-56
-63
-128
117
109
-84
2 1
3 2
4 1
5 1
6 5
7 5
8 4
9 7
10 9
11 1
12 9
13 9
14 10
15 12
16 12
17 7
18 14
19 9
20 5
21 5
22 1
23 12
24 22
25 2
26 4
27 2
28 3
29 1
30 22
31 11
32 13
33 11
34 9
35 30
36 18
37 12
38 31
39 16
40 34
41 21
42 6
43 34
44 33
45 7
46 12
47 31
48 29
49 5
50 33
51 24
52 2
53 35
54 26
55 50
56 22
57 29
58 52
59 55
60 11
61 10
62 32
63 48
64 43
65 3
66 29
67 18
68 57
69 19
70 26
71 32
72 26
73 24
74 18
75 8
76 27
77 29
78 67
79 50
80 30
81 33
82 2
83 34
84 48
85 84
86 12
87 71
88 55
89 25
90 15
91 15
92 64
93 20
94 89
95 16
96 14
97 61
98 95
99 90
100 10
101 16
102 33
103 82
104 52
105 78
106 34
107 11
108 78
109 20
110 62
111 64
112 81
113 67
114 8
115 6
116 82
117 24
118 103
119 32
120 112
121 37
122 14
123 89
124 122
125 31
126 42
127 30
128 56
129 97
130 82
131 44
132 122
133 129
134 22
135 116
136 78
137 49
138 10
139 42
140 56
141 69
142 35
143 56
144 133
145 3
146 57
147 77
148 92
149 119
150 23
151 132
152 42
153 40
154 1
155 59
156 124
157 19
158 132
159 2
160 84
161 55
162 54
163 53
164 153
165 108
166 89
167 115
168 16
169 16
170 19
171 148
172 25
173 19
174 170
175 49
176 19
177 89
178 112
179 74
180 126
181 5
182 24
183 124
184 150
185 68
186 170
187 160
188 40
189 80
190 189
191 63
192 60
193 135
194 146
195 126
196 188
197 31
198 51
199 82
200 191
201 11
202 176
203 47
204 79
205 57
206 23
207 36
208 8
209 141
210 153
211 182
212 26
213 122
214 57
215 211
216 119
217 24
218 131
219 56
220 55
221 162
222 81
223 55
224 175
225 57
226 112
227 116
228 97
229 85
230 59
231 52
232 56
233 145
234 8
235 54
236 224
237 217
238 73
239 196
240 183
241 151
242 57
243 146
244 54
245 87
246 228
247 120
248 148
249 196
250 163
251 42
252 235
253 122
254 178
255 31
256 246
257 181
258 24
259 81
260 219
261 173
262 92
263 62
264 32
265 188
266 68
267 11
268 191
269 122
270 22
271 170
272 104
273 127
274 246
275 255
276 187
277 182
278 219
279 133
280 77
281 32
282 143
283 47
284 75
285 246
286 136
287 235
288 211
289 67
290 215
291 104
292 12
293 57
294 121
295 179
296 84
297 187
298 108
299 17
300 194
301 172
302 104
303 193
304 114
305 174
306 115
307 186
308 115
309 284
310 204
311 229
312 217
313 148
314 31
315 144
316 116
317 59
318 51
319 220
320 279
321 44
322 48
323 170
324 292
325 236
326 311
327 24
328 295
329 14
330 27
331 102
332 188
333 122
334 125
335 136
336 301
337 90
338 17
339 326
340 238
341 98
342 314
343 137
344 337
345 248
346 118
347 110
348 46
349 222
350 34
351 147
352 62
353 118
354 191
355 176
356 286
357 18
358 188
359 116
360 110
361 198
362 291
363 239
364 246
365 126
366 272
367 73
368 344
369 92
370 301
371 265
372 301
373 158
374 20
375 292
376 276
377 292
378 80
379 7
380 35
381 349
382 117
383 221
384 177
385 42
386 244
387 7
388 190
389 371
390 111
391 118
392 321
393 257
394 166
395 199
396 313
397 351
398 46
399 289
400 113
401 301
402 233
403 318
404 306
405 74
406 7
407 75
408 294
409 184
410 93
411 160
412 69
413 62
414 249
415 405
416 148
417 401
418 150
419 229
420 57
421 63
422 78
423 200
424 263
425 304
426 384
427 403
428 390
429 281
430 17
431 347
432 287
433 275
434 199
435 358
436 156
437 384
438 345
439 371
440 274
441 269
442 408
443 248
444 358
445 439
446 6
447 285
448 145
449 241
450 63
451 45
452 44
453 402
454 126
455 319
456 8
457 99
458 250
459 452
460 171
461 281
462 8
463 26
464 153
465 216
466 278
467 188
468 273
469 370
470 177
471 443
472 271
473 113
474 284
475 240
476 451
477 22
478 448
479 344
480 304
481 52
482 216
483 357
484 250
485 76
486 47
487 172
488 275
489 307
490 260
491 314
492 258
493 465
494 367
495 335
496 196
497 115
498 455
499 155
500 236
0 0
