100000
200
1
3
6
10
15
21
28
36
45
55
66
78
91
105
120
136
153
171
190
210
231
253
276
300
325
351
378
406
435
465
496
528
561
595
630
666
703
741
780
820
861
903
946
990
1035
1081
1128
1176
1225
1275
1326
1378
1431
1485
1540
1596
1653
1711
1770
1830
1891
1953
2016
2080
2145
2211
2278
2346
2415
2485
2556
2628
2701
2775
2850
2926
3003
3081
3160
3240
3321
3403
3486
3570
3655
3741
3828
3916
4005
4095
4186
4278
4371
4465
4560
4656
4753
4851
4950
5050
99999
99997
99994
99990
99985
99979
99972
99964
99955
99945
99934
99922
99909
99895
99880
99864
99847
99829
99810
99790
99769
99747
99724
99700
99675
99649
99622
99594
99565
99535
99504
99472
99439
99405
99370
99334
99297
99259
99220
99180
99139
99097
99054
99010
98965
98919
98872
98824
98775
98725
98674
98622
98569
98515
98460
98404
98347
98289
98230
98170
98109
98047
97984
97920
97855
97789
97722
97654
97585
97515
97444
97372
97299
97225
97150
97074
96997
96919
96840
96760
96679
96597
96514
96430
96345
96259
96172
96084
95995
95905
95814
95722
95629
95535
95440
95344
95247
95149
95050
94950
