10000000
300
4933872
3439215
2413726
9312269
8176798
8167283
7364650
5172359
6953064
4554803
8541910
3222069
4074609
5099653
6798108
9550667
6217101
9008670
4749538
4910156
1479078
5983063
1373696
2491772
5137590
6109983
6687791
7516083
2972995
9311440
2449282
6577209
5729365
9419319
8526189
1427293
6596236
6039827
4289507
9961052
7461959
6529707
4318173
2677046
5150758
5977711
6271941
8515882
2333848
7777088
2735751
8816817
5628539
6691896
7199606
4469088
2676473
7363814
8005346
7891428
1821973
2664600
1007548
6546934
6942317
9010620
8444674
6527225
4953900
3084345
3374646
9183439
2984658
3618807
2882665
4074649
9714156
6087327
3673618
4971814
4909485
8853742
5795363
4618311
3300822
5303381
7486439
3032011
9640577
3119673
2602931
4869978
7735492
9722125
7948756
3193081
8587663
1902264
4711047
3522499
6759132
1193849
1233196
2874632
6371292
8255435
2125846
3311680
2549146
1538649
1063049
3737076
1969744
5186473
4768940
1654222
8906752
5896061
9135838
3993326
1298030
9105472
6077169
8137040
7829465
4742901
2027319
5790616
8169087
2442533
4236385
4342176
4865594
5582133
3738994
7017481
6715754
4064738
8077852
2476496
2598633
5943227
7591726
4856735
3245177
3236192
9819504
6930092
3597235
6055449
9565983
9316264
8933987
4440236
1770041
1844659
6776680
3520552
5174670
9066728
6034473
5837799
2806956
4834820
4268144
8491695
9323192
6441696
4315655
1903966
3183674
4393249
6449794
1782994
2262327
1667179
3930375
9569429
1560035
1441746
4466801
2955629
1767486
8383086
1344828
7614075
6172785
9651445
1378592
7304439
7156080
5766180
4138773
4168344
3893049
3755272
8916197
7925771
2979498
2328992
2665877
3411562
7957528
8608795
8050955
6666673
5245510
3414378
7129197
6258420
9350745
6150262
5743090
2562686
1168650
8499639
7995674
4460833
1187872
3544873
7912523
7064709
5049856
2220777
6856171
6363559
2985413
2739037
5480314
4493531
3044999
6620903
9944078
7109695
3696908
7400159
4686822
4034748
9824700
4130206
6433495
7403714
2252326
1196508
3235187
9928088
7785955
8329248
3895125
8893757
3639630
7131621
6475743
3010684
4696376
2394146
4585588
1149051
2790857
1569156
9634467
4490794
7739168
7411820
4986432
4022547
8196732
6072636
8989752
2967918
2123411
1399621
3087916
6030576
9389281
7280904
4866325
6488463
5974371
2870635
4758553
1489888
9223274
8265407
4720218
3413524
3894717
8010888
7850387
2160729
6378334
8725684
1923929
3423063
4311141
9745362
3580896
5413784
6109604
6650881
