10000000
100
2027423
2027425
2027429
2027443
1838114
1838116
1838120
1838134
9754421
9754423
9754427
9754441
9632709
9632711
9632715
9632729
3622927
3622929
3622933
3622947
8169412
8169414
8169418
8169432
3266745
3266747
3266751
3266765
7571999
7572001
7572005
7572019
6562184
6562186
6562190
6562204
6988312
6988314
6988318
6988332
3520286
3520288
3520292
3520306
3238796
3238798
3238802
3238816
4405434
4405436
4405440
4405454
2336438
2336440
2336444
2336458
2571857
2571859
2571863
2571877
4493191
4493193
4493197
4493211
3715454
3715456
3715460
3715474
5216550
5216552
5216556
5216570
3543458
3543460
3543464
3543478
8250568
8250570
8250574
8250588
1811671
1811673
1811677
1811691
4163272
4163274
4163278
4163292
1804293
1804295
1804299
1804313
5899302
5899304
5899308
5899322
8764601
8764603
8764607
8764621
