90 2000
1 27 66 348 24 340 25 337 26 332 27 330 29 327 32 325 33 324 34 319 35 318 36 315 37 307 38 305 39 304 41 299 42 298 45 297 48 285 49 278 50 276 51 263 52 262 54 258 55 255 56 252 59 244 60 242 61 238 63 235 64 234 65 228 66 225 67 215 68 212 69 208 72 206 74 203 77 195 79 188 80 183 82 180 85 179 86 178 87 173 88 163 90 161 91 160 92 152 93 148 94 139 95 137 96 129 97 126 101 123 102 104 105 101 107 88 108 85 109 83 111 78 112 74 114 70 115 65 116 58 117 54 118 51 119
27 55 75 345 20 344 22 343 23 342 24 341 25 340 26 339 27 336 28 332 29 326 30 325 31 324 33 317 34 315 35 308 38 307 39 298 42 292 43 279 44 278 45 277 47 276 48 272 49 262 50 261 51 253 52 252 53 251 55 250 56 247 57 231 58 230 59 228 61 227 62 225 63 224 64 223 65 217 67 214 68 208 69 207 71 204 72 203 73 189 74 186 76 180 77 173 80 172 83 169 84 162 85 151 87 147 88 146 89 140 90 136 91 124 92 117 94 114 95 113 96 112 98 110 99 109 102 108 103 100 104 98 106 94 107 81 109 80 110 75 113 67 114 58 115 57 116 56 117 53 118 51 119
27 10 65 349 21 346 22 338 23 336 24 331 27 327 29 326 30 324 33 321 34 320 35 319 36 318 39 316 41 315 45 313 46 303 49 297 50 294 51 278 54 276 55 275 57 274 58 273 59 268 60 266 61 263 62 252 63 249 64 248 66 232 68 228 72 225 77 218 78 204 79 203 81 200 82 197 83 194 84 190 86 189 88 185 90 169 91 166 92 155 93 153 94 152 96 147 97 146 98 145 99 136 100 132 102 131 103 127 105 124 107 122 108 116 109 112 110 104 111 91 112 89 113 82 114 66 115 52 116 51 117 50 118
10 58 62 346 20 344 21 341 24 332 26 331 27 325 28 322 30 309 31 304 32 302 33 296 35 295 36 294 37 289 39 288 42 285 45 283 47 282 48 280 51 268 53 251 55 244 56 239 59 237 60 236 61 229 62 227 63 215 64 211 66 202 69 201 71 199 72 194 73 188 75 187 76 173 77 166 78 163 79 155 82 154 83 139 84 136 86 135 87 125 88 121 92 120 96 117 98 116 100 114 102 112 103 110 104 106 105 97 106 96 107 95 109 92 111 89 113 87 114 83 115 74 117 57 118 54 119
10 54 66 345 20 338 22 320 23 314 24 311 25 309 26 303 27 302 28 297 29 295 30 294 33 292 35 290 36 272 38 267 39 266 41 263 43 261 45 259 47 258 52 255 53 254 54 249 55 248 56 243 58 239 59 233 60 229 62 228 63 227 64 224 65 223 66 205 67 199 68 198 69 192 71 184 72 182 75 179 76 173 77 168 78 164 79 163 80 161 81 152 82 150 83 149 85 144 86 130 87 129 88 127 89 126 90 122 91 119 93 118 94 114 95 97 100 94 104 85 105 81 108 76 109 66 113 65 114 63 116 62 117 60 118
54 70 78 345 20 344 22 340 23 336 24 330 25 327 26 325 27 322 31 311 32 304 33 303 34 298 36 296 37 292 38 287 39 286 40 279 42 277 43 275 44 272 45 271 46 262 47 261 48 259 49 256 50 254 51 251 52 249 54 243 55 240 57 239 59 236 60 234 61 233 62 232 63 228 64 225 65 224 66 215 67 210 68 204 70 203 71 202 72 199 74 184 77 183 78 180 79 178 80 177 82 176 84 173 85 171 86 167 87 160 88 146 90 138 91 137 93 136 94 126 95 125 96 119 97 117 98 111 99 108 100 105 101 103 102 100 103 95 104 90 105 89 106 80 107 78 108 76 111 73 112 64 113 58 115 56 117 53 119
70 46 53 343 22 338 23 336 25 329 26 326 27 322 29 316 31 314 32 290 33 288 35 278 36 275 38 272 40 266 41 264 42 259 43 258 44 257 45 255 46 254 48 246 49 245 50 221 51 216 52 215 58 213 63 210 66 202 67 195 68 194 69 193 78 187 81 184 83 181 84 178 87 170 89 166 90 155 91 148 93 145 95 141 97 125 98 123 99 119 101 109 105 107 106 106 107 104 110 92 112 86 114 76 115 66 117 50 118
10 74 68 342 21 339 23 311 24 310 25 309 28 303 32 296 33 291 34 288 36 275 39 273 42 271 43 264 45 262 48 261 49 258 51 256 52 250 53 248 54 241 56 239 58 236 59 233 61 232 62 231 65 230 66 223 67 220 70 203 71 202 73 200 74 179 76 176 78 175 79 174 80 173 81 167 82 164 83 157 84 150 85 149 88 145 89 144 90 143 91 142 92 134 93 132 94 129 95 122 96 121 97 120 98 116 99 115 100 108 102 105 104 96 106 95 107 92 108 88 109 86 110 75 111 72 112 67 113 66 115 63 116 62 117 61 118 58 119
58 47 59 347 21 346 23 345 24 333 25 329 27 318 28 316 29 312 30 309 32 308 35 292 40 288 42 281 43 279 44 260 45 259 47 255 48 249 49 248 51 243 52 228 53 226 55 224 58 223 61 219 62 216 63 211 66 206 67 204 69 200 70 184 71 178 73 175 77 164 79 158 81 155 82 130 83 126 85 122 86 121 87 120 89 117 90 116 94 114 95 103 96 99 97 98 99 97 100 82 101 79 103 75 104 72 105 64 106 61 107 59 111 58 112 56 117 55 118 53 119
54 83 76 341 20 335 22 334 23 329 24 323 25 322 26 317 27 312 28 308 29 304 30 302 31 294 32 290 34 288 36 278 37 271 38 260 39 259 40 257 41 253 42 251 43 248 44 240 46 239 47 235 48 233 52 232 53 231 54 226 55 219 56 218 57 212 58 209 60 206 61 205 63 203 64 202 65 197 68 196 69 191 70 190 71 187 72 186 73 180 74 173 75 172 77 168 80 162 82 157 83 147 84 144 85 142 86 140 90 138 91 133 92 127 93 120 94 116 96 112 98 108 99 106 100 104 103 100 104 96 105 95 106 93 108 87 109 85 110 79 111 76 112 71 113 69 115 64 116 60 117 59 118 51 119
83 80 59 343 20 340 22 339 24 338 25 331 26 327 27 326 29 317 30 315 32 305 34 304 35 303 38 302 39 300 40 298 42 297 43 291 45 288 46 286 49 283 50 279 51 271 52 264 54 263 55 256 56 252 58 250 62 238 63 231 64 220 68 211 69 204 70 202 72 192 73 185 74 179 75 174 77 155 78 154 80 153 81 149 82 143 86 138 87 120 89 110 92 108 95 107 96 105 97 101 99 98 103 89 104 86 105 85 106 78 108 72 110 70 113 68 114 67 117 66 118
80 49 79 337 21 336 22 335 24 329 25 320 26 319 29 316 30 307 31 306 32 298 33 296 34 292 35 291 36 289 38 287 39 285 40 276 41 273 44 271 46 261 47 256 48 247 49 242 51 241 52 235 54 229 55 226 56 224 57 220 58 218 59 217 60 213 61 207 63 202 65 201 67 197 68 195 69 194 71 193 72 189 73 187 76 186 77 184 78 177 79 175 80 172 81 171 82 166 83 164 84 158 86 157 89 152 90 151 91 145 92 141 93 138 94 134 95 133 97 130 98 112 99 111 100 110 101 106 102 103 103 99 104 92 105 91 106 87 107 80 108 79 109 77 110 75 112 73 113 72 114 64 115 62 116 57 117 52 118 51 119
55 82 76 349 21 348 23 344 25 341 26 339 27 330 28 327 29 324 31 322 32 319 33 318 34 316 35 314 36 312 37 309 40 304 41 298 42 292 43 289 44 286 45 279 46 275 47 271 49 270 51 269 52 266 53 261 54 258 55 254 56 253 57 252 58 244 62 237 64 232 65 230 66 229 68 226 69 219 70 217 71 213 72 208 73 206 74 200 76 198 77 195 78 188 80 186 81 185 82 173 83 171 84 170 85 169 86 166 87 165 89 162 90 159 92 154 93 151 94 144 95 136 97 134 98 130 100 129 101 123 104 118 105 117 106 116 107 98 108 89 109 82 110 81 111 78 112 73 113 56 115 52 117 50 119
80 23 58 343 21 341 22 338 23 334 24 332 25 324 26 320 29 313 30 302 32 299 33 297 34 286 36 281 40 280 42 279 43 277 44 273 45 266 46 262 47 258 48 245 50 243 54 242 55 239 56 237 57 223 58 221 59 217 60 214 61 213 62 201 63 200 64 197 66 192 67 188 68 174 70 171 71 168 79 159 80 141 82 140 83 132 85 131 86 128 91 114 92 113 94 109 95 99 97 96 98 87 102 73 105 72 106 67 107 66 109 64 113 60 115 56 116 51 119
10 16 68 347 23 346 24 344 27 342 28 341 29 340 31 339 32 337 33 331 34 326 35 323 36 320 37 319 38 311 39 309 40 300 41 287 42 285 45 278 47 275 48 270 49 268 50 264 51 257 53 254 54 252 55 250 56 239 59 238 62 236 63 222 64 217 65 216 66 211 69 210 70 209 71 206 72 194 73 193 74 192 76 189 77 182 78 181 79 176 80 164 81 160 82 159 83 156 84 154 87 140 88 137 89 130 91 126 94 119 95 117 97 112 98 102 99 99 101 98 104 87 106 84 107 83 108 81 109 73 110 70 111 57 112 55 115 50 119
83 64 51 349 20 339 21 334 22 332 27 327 29 319 30 308 31 305 33 300 34 293 36 291 37 290 38 283 41 282 44 281 46 278 47 271 51 269 56 268 57 267 58 264 62 260 66 258 67 255 69 248 70 243 71 220 72 216 73 210 75 206 77 201 78 192 79 181 81 169 83 167 85 163 87 155 88 152 89 151 91 147 93 136 94 128 103 125 104 120 106 111 108 108 111 104 112 77 113 65 115 63 116 53 119
46 32 69 344 20 343 21 340 22 339 23 333 26 332 27 331 29 329 30 320 31 319 32 300 33 298 35 296 36 291 40 289 41 285 42 283 44 282 47 278 48 275 51 267 52 264 53 261 54 260 55 257 56 256 57 254 58 245 60 237 61 228 62 226 63 222 65 217 67 211 70 202 71 201 73 198 76 195 77 192 82 184 83 174 84 173 85 171 86 161 87 154 88 153 89 152 91 151 93 147 95 138 96 136 97 126 98 121 100 120 101 117 103 115 105 103 106 100 107 97 108 88 109 87 111 84 112 76 113 75 114 74 115 67 116 65 117 57 118 55 119
83 63 75 339 20 338 22 336 23 334 24 333 25 332 26 331 27 330 28 329 29 327 30 326 32 324 33 321 34 305 35 302 37 291 38 290 39 286 41 277 43 276 44 273 45 271 46 265 47 262 49 256 50 254 51 251 55 250 56 248 57 247 58 246 59 239 60 237 64 231 66 225 67 224 68 214 69 210 70 209 72 208 73 206 74 201 75 199 76 198 77 190 79 188 80 179 81 171 82 168 88 159 89 158 90 149 91 136 92 134 93 130 94 126 95 123 96 117 97 112 98 102 100 99 101 96 102 94 104 93 105 89 108 83 109 79 110 78 111 70 112 63 113 59 114 58 115 57 117 55 118 54 119
1 4 68 348 22 343 23 331 24 323 26 315 27 312 29 310 30 308 31 301 32 299 34 298 35 296 36 295 37 292 38 287 40 285 44 282 46 281 50 276 52 275 53 263 54 258 55 252 56 242 58 236 59 220 60 197 61 196 62 195 63 194 64 190 65 189 66 185 67 184 68 182 71 174 72 172 74 168 75 165 76 163 78 154 79 152 81 147 82 146 83 144 85 141 86 140 87 139 88 138 90 137 91 125 93 113 94 112 95 105 97 97 99 94 100 90 101 88 102 84 106 83 107 79 110 76 111 66 113 65 114 64 115 58 116 56 117 54 118
58 21 78 347 22 346 23 345 24 344 26 337 27 335 28 334 30 327 31 323 32 318 33 316 34 314 37 312 38 300 39 293 40 281 41 274 43 266 44 264 46 263 47 261 48 259 49 256 50 250 51 247 53 244 54 232 55 223 56 220 57 219 58 214 61 212 62 211 63 208 64 207 65 206 67 198 68 197 69 196 70 192 71 189 74 185 75 181 76 176 78 169 79 163 80 161 81 153 82 150 83 139 84 138 85 137 86 135 87 132 88 130 90 128 91 122 92 121 93 119 94 118 95 109 96 105 97 104 99 98 100 97 101 93 104 88 105 84 106 81 107 75 108 73 109 72 111 70 112 68 113 65 114 58 116 57 117 55 118
70 5 52 343 21 341 22 333 24 332 29 330 30 328 31 320 33 314 35 310 37 304 41 270 43 260 45 257 47 254 49 249 50 248 53 247 54 235 56 234 57 233 59 231 61 225 63 221 65 209 72 207 73 205 76 201 77 197 79 177 80 169 82 167 86 162 87 156 88 146 89 144 90 138 92 136 98 126 99 118 100 115 101 112 103 111 104 110 106 100 107 98 109 97 110 94 111 91 113 90 115 84 116 73 118 60 119
21 11 63 344 20 342 22 340 25 337 26 336 27 331 30 325 31 313 32 303 33 302 34 296 35 287 37 286 38 284 42 278 43 270 44 268 47 261 50 252 52 251 55 247 57 242 58 233 59 230 61 229 62 222 63 220 64 217 65 215 67 212 68 210 70 205 71 202 73 199 74 198 75 196 76 192 77 191 79 185 82 184 83 180 84 169 86 164 87 162 89 156 91 141 92 140 93 136 94 132 96 128 101 123 103 121 105 116 106 113 107 111 108 103 110 101 111 98 112 95 113 88 114 74 115 67 116 64 118
58 53 53 345 21 341 22 339 24 338 25 336 27 335 31 316 32 315 33 313 34 296 36 292 39 289 45 272 46 271 47 270 50 263 52 257 53 244 56 241 57 232 60 224 61 223 62 221 63 219 65 217 66 216 69 215 71 205 77 195 79 191 81 187 82 184 86 182 87 180 88 179 90 178 91 175 93 166 98 157 99 147 100 132 101 128 102 115 103 95 104 87 105 82 107 81 109 80 110 75 112 73 114 64 116 56 117 54 119
64 33 56 346 20 340 21 327 22 323 23 313 24 311 30 309 33 300 34 297 35 296 36 291 40 289 41 282 42 275 43 273 45 269 46 266 47 265 48 262 49 260 50 245 52 244 53 236 56 215 57 212 58 208 59 202 63 201 65 199 71 190 72 185 74 183 76 177 77 176 78 174 79 169 80 167 81 161 84 160 85 159 87 157 91 156 92 155 98 150 99 135 100 128 101 122 102 113 103 97 107 96 108 93 110 80 111 60 114 56 116 52 118 50 119
27 69 67 349 20 343 22 342 23 337 25 332 27 329 30 327 31 326 34 323 37 322 38 320 39 319 40 318 41 317 42 312 44 307 45 305 46 303 47 300 48 298 49 292 51 290 52 284 53 265 54 259 55 250 56 245 57 243 58 227 61 219 63 216 64 212 65 204 66 202 69 201 71 196 72 185 73 184 75 176 77 175 78 173 79 172 81 165 83 164 85 149 86 147 88 141 90 137 91 128 93 125 95 122 96 121 97 120 98 119 99 110 100 108 101 95 102 90 104 86 105 84 106 82 109 70 112 69 113 66 114 60 116 55 117 51 118
74 35 74 347 20 346 21 344 23 340 24 333 25 328 26 327 27 326 28 323 29 321 30 320 31 318 32 312 33 310 37 306 39 305 40 304 42 303 43 299 44 298 46 295 48 293 49 287 51 285 52 280 53 272 55 271 57 267 58 259 59 246 62 243 63 240 64 238 65 237 66 236 67 231 68 229 70 227 71 226 72 222 74 219 75 217 76 216 78 212 79 211 82 210 83 201 84 197 85 193 87 192 88 184 89 176 90 170 91 164 92 163 95 158 96 138 97 136 98 124 99 121 101 115 102 112 103 111 104 110 105 104 106 102 107 100 108 86 109 85 110 83 112 72 115 64 116 62 118 57 119
27 75 55 343 21 333 23 327 24 323 25 310 28 298 30 293 31 291 35 277 37 272 39 266 40 264 41 260 45 253 47 240 51 227 52 221 57 218 58 213 59 210 60 209 64 207 65 202 66 198 68 195 69 192 71 190 72 188 75 177 76 175 78 172 82 171 83 159 84 150 86 141 87 140 90 138 93 115 98 114 99 109 101 107 102 103 103 101 104 99 105 87 107 86 108 82 110 79 111 77 112 74 113 61 114 57 115 54 116 53 117 50 118
23 36 57 336 22 335 23 334 25 324 26 317 27 312 28 311 29 300 30 294 32 292 33 289 35 279 36 277 39 275 40 272 41 259 43 258 46 257 47 246 49 242 51 232 54 226 55 225 58 224 64 223 65 219 70 214 71 210 73 202 75 193 76 192 79 187 80 184 82 183 83 179 84 176 88 173 89 167 90 166 92 165 94 163 95 160 96 157 97 146 101 127 104 112 105 109 106 100 108 96 109 93 111 82 112 76 113 74 114 70 116 69 117 64 118 59 119
82 77 51 331 20 327 22 325 23 314 24 313 25 306 26 305 27 303 28 293 30 280 33 265 35 256 36 254 37 251 40 247 42 243 44 242 50 240 52 239 55 238 57 234 59 233 60 226 65 225 67 224 70 223 72 216 73 213 74 211 75 198 76 191 77 190 78 188 79 176 81 172 83 162 84 158 88 142 91 129 93 120 95 119 97 113 100 108 101 106 104 85 110 76 111 71 113 70 114 68 115 58 118 57 119
58 88 50 348 20 347 22 344 23 333 26 326 28 316 29 315 32 306 33 304 35 299 37 297 39 293 40 287 43 279 45 256 47 247 49 237 50 235 53 229 54 226 55 223 56 222 60 220 64 215 65 208 66 207 67 199 73 196 76 182 80 167 81 166 83 163 85 162 87 153 88 146 90 144 93 142 94 141 95 135 96 130 98 123 99 122 104 117 107 109 108 97 110 94 112 93 113 87 115 79 116 71 119
23 61 66 349 20 347 21 342 23 339 24 338 25 335 26 331 28 330 29 327 31 314 33 312 34 311 36 309 37 293 40 292 41 275 42 259 43 251 45 249 46 243 48 242 49 236 50 234 51 224 59 222 64 213 67 212 68 209 69 206 70 200 71 198 72 197 74 189 75 187 76 185 77 173 79 170 82 166 83 158 86 146 87 143 88 139 90 138 92 135 93 133 94 131 96 128 97 124 98 123 99 119 100 114 102 112 103 111 104 107 105 86 106 84 107 82 109 79 111 76 112 75 113 74 114 69 115 63 116 61 117 54 118 50 119
75 31 57 349 20 326 22 320 23 316 27 315 28 313 29 308 31 306 32 285 33 283 34 279 37 277 39 272 40 242 42 230 44 224 45 221 46 220 49 212 51 205 52 204 53 200 54 193 56 187 59 186 61 181 62 180 63 178 64 176 65 174 68 170 69 169 70 167 73 154 74 151 77 143 79 141 80 139 86 129 88 116 90 110 93 108 94 106 95 105 96 103 97 101 100 100 101 93 102 88 103 85 107 78 108 77 109 74 111 70 112 67 113 63 118 55 119
33 20 67 346 20 339 21 335 22 334 23 328 26 327 29 326 30 322 31 320 32 319 38 310 40 306 41 303 42 302 43 295 45 290 46 281 48 278 49 274 50 272 51 271 52 261 55 256 56 255 58 250 59 243 60 240 61 239 63 237 65 227 66 221 67 217 70 213 71 207 73 206 74 181 75 179 76 176 79 157 80 156 82 151 83 145 84 144 85 139 87 136 88 131 89 129 90 128 91 125 93 120 94 111 98 107 99 101 100 98 101 94 102 90 103 88 104 87 106 72 109 70 110 65 111 62 112 61 114 59 115 56 117 53 118 51 119
54 48 51 343 23 328 25 323 27 316 28 314 29 313 31 298 32 295 33 294 34 293 38 291 39 290 40 287 41 285 43 274 45 267 46 265 47 264 48 259 52 258 55 257 56 249 57 240 58 222 59 212 66 205 67 198 71 193 73 192 75 189 76 186 77 168 79 161 80 150 84 149 85 146 87 138 88 136 91 125 94 119 97 113 99 110 100 98 101 85 104 81 106 80 107 79 108 67 109 59 114 55 116 50 117
80 44 76 349 21 348 22 347 23 346 24 339 25 338 26 328 28 325 29 322 30 321 31 313 33 311 34 304 35 294 36 290 37 281 39 280 40 279 41 276 43 275 45 270 46 264 47 259 49 253 50 252 51 248 52 241 53 237 55 236 56 234 57 231 58 225 59 222 61 219 62 217 63 212 64 209 65 206 66 205 67 204 69 196 71 188 72 187 75 185 76 184 77 182 78 170 79 167 80 163 81 162 82 161 83 158 84 154 85 152 87 149 89 145 91 144 92 141 93 133 94 132 96 131 97 124 100 118 101 116 102 108 103 96 104 90 105 89 106 88 109 79 110 77 111 76 113 67 114 64 116 59 118 50 119
54 56 52 329 21 324 22 322 23 320 26 318 27 317 29 311 30 305 31 304 32 302 34 286 35 282 37 278 38 271 41 270 44 262 46 261 48 253 49 248 50 245 51 241 52 222 54 219 56 217 60 202 61 192 66 190 68 188 69 180 70 173 73 155 75 154 76 151 79 148 80 143 85 142 87 131 88 127 90 124 91 122 92 121 93 110 96 107 97 103 98 102 100 97 101 88 102 78 105 76 107 72 109 58 113 56 115
31 68 71 341 20 338 21 325 22 323 23 319 24 311 25 310 26 308 27 307 28 306 31 297 32 289 33 283 34 280 35 277 38 274 41 272 43 261 44 260 46 257 47 255 48 250 50 234 51 230 52 229 54 217 55 215 57 212 58 210 59 208 60 207 62 203 63 199 64 198 65 192 66 191 67 189 69 183 70 180 71 161 72 160 73 159 75 156 77 154 78 153 79 152 80 149 82 146 84 144 88 143 90 138 91 107 92 103 93 102 94 99 97 94 98 93 100 85 101 83 102 82 103 81 105 74 106 72 107 70 108 65 109 62 110 59 111 56 113 54 114 51 116 50 118
46 90 62 342 20 340 21 330 24 319 25 317 27 315 29 310 31 306 32 298 33 294 34 292 35 290 36 288 37 287 39 283 40 280 45 272 46 271 47 258 50 254 51 252 52 247 53 246 54 245 55 234 57 227 59 225 61 222 62 218 63 214 64 207 65 205 66 200 67 197 69 196 71 194 72 182 75 177 76 170 78 169 79 166 81 161 82 158 84 157 88 156 89 148 90 145 91 140 92 138 93 137 95 134 96 127 97 99 98 98 103 95 105 89 106 86 107 76 110 72 112 65 115 54 116 51 119
32 76 76 344 20 335 21 331 22 330 24 327 25 323 26 320 28 318 30 315 32 314 33 311 35 309 36 305 37 302 39 300 40 298 42 295 43 292 44 289 45 288 46 286 47 276 48 267 49 266 52 264 54 262 55 261 56 255 57 254 59 250 60 249 61 244 62 238 63 236 64 230 65 228 67 226 68 222 69 221 70 218 71 214 73 207 74 206 75 204 76 201 77 194 79 192 80 191 81 180 82 173 84 167 86 157 87 153 88 149 89 135 90 129 91 124 92 121 94 118 95 116 97 115 98 113 99 110 100 108 101 105 102 101 104 100 105 99 108 83 110 82 111 68 112 59 115 58 116 55 117 52 118 50 119
21 19 72 343 20 342 22 341 24 334 26 333 27 332 28 331 30 324 31 323 32 322 35 321 37 319 39 317 40 312 42 305 43 301 44 299 45 293 46 290 47 288 48 287 49 280 50 279 51 278 52 275 53 273 54 243 55 241 56 233 58 232 60 231 62 217 64 214 65 209 67 208 69 207 70 204 71 198 72 197 73 190 74 188 75 179 79 178 81 176 82 171 83 170 85 165 86 164 88 163 89 162 91 156 92 153 93 138 94 136 95 131 96 126 98 122 99 121 100 116 102 104 104 103 105 96 106 94 107 92 108 88 109 87 112 84 113 79 114 64 115 59 116 56 117 52 118
21 2 75 349 20 348 21 345 22 339 23 336 24 333 25 332 26 329 27 323 29 321 33 313 35 311 36 306 38 293 39 284 40 279 41 271 42 269 43 267 44 266 46 263 48 260 49 259 50 243 51 242 52 240 53 239 54 235 56 223 57 218 58 217 59 215 61 212 62 211 63 209 64 207 65 205 66 199 67 195 68 192 69 188 71 187 72 185 73 178 75 175 78 174 79 167 80 155 81 153 82 150 83 149 84 147 85 143 86 138 87 136 88 131 90 127 93 126 94 120 95 118 97 112 98 111 99 110 101 99 102 97 103 94 105 91 107 86 108 82 110 78 112 67 113 66 114 64 115 61 117 59 118
23 24 77 342 21 330 22 325 23 320 24 315 25 314 26 311 28 308 29 301 30 295 33 288 34 287 35 281 36 277 37 276 38 269 39 266 40 256 41 240 42 230 43 228 44 227 45 225 46 223 47 218 48 216 49 214 50 212 52 209 53 208 55 203 57 202 58 201 59 197 60 195 61 194 63 188 65 182 66 181 67 177 68 173 70 165 71 158 72 152 73 151 74 150 76 148 77 143 78 140 79 133 80 132 82 131 83 129 84 126 85 123 88 120 90 118 91 116 93 114 94 113 95 108 97 103 99 97 100 91 101 90 102 89 103 82 104 78 105 72 106 71 107 66 108 63 110 58 111 57 112 54 113 51 116 50 119
77 72 69 347 20 340 23 337 24 335 25 324 26 320 27 311 28 301 29 298 33 296 34 292 35 283 36 279 37 278 38 275 39 265 40 263 41 261 42 258 43 255 45 254 46 243 49 239 50 238 52 236 53 235 55 232 56 231 57 229 59 226 61 222 63 219 65 212 66 205 68 204 69 202 70 200 71 196 73 181 74 174 76 173 77 164 78 159 79 158 81 153 82 144 83 143 84 133 85 131 89 130 90 126 92 121 93 118 96 112 97 107 98 106 100 105 101 103 102 101 103 95 104 91 105 87 107 82 109 78 111 69 112 68 113 67 116 66 117 54 118
16 67 56 345 25 341 29 340 30 336 31 332 34 330 35 328 37 326 39 313 40 312 41 309 42 292 44 291 45 290 48 289 49 287 50 283 52 279 54 273 55 270 57 266 61 261 62 257 63 230 64 228 69 212 71 211 72 207 73 204 77 202 81 197 82 196 84 188 85 185 86 177 87 172 88 163 90 159 91 157 93 152 95 150 97 135 99 134 101 125 102 124 103 121 104 115 105 114 109 95 110 88 111 83 112 81 114 79 116 76 117 74 118 60 119
10 28 52 344 20 338 21 317 24 316 28 315 29 309 32 301 36 299 37 296 38 286 39 281 40 280 41 267 44 262 45 253 46 250 47 249 49 246 51 240 53 228 56 226 57 218 61 212 63 209 65 208 66 204 68 202 70 200 71 199 72 193 74 191 78 186 79 172 82 171 83 169 85 161 91 158 92 157 93 155 94 152 95 145 98 139 100 128 104 118 105 103 106 93 109 87 110 80 111 70 112 66 113 64 115 53 118
32 3 77 349 20 347 21 346 22 339 23 333 24 326 26 322 27 318 28 317 29 316 30 314 32 306 33 305 34 303 35 293 36 291 37 290 38 286 39 285 40 278 42 274 44 272 46 269 47 262 49 258 50 250 51 245 53 244 54 242 55 240 57 238 58 236 59 229 62 223 63 222 65 220 66 215 68 204 70 203 71 197 72 193 73 189 74 181 75 178 76 177 78 173 79 171 80 167 81 150 82 147 83 142 84 140 85 138 88 137 89 133 90 126 91 123 93 115 94 110 95 109 99 107 100 106 101 101 102 95 104 91 105 90 106 86 107 85 108 83 109 81 111 78 112 77 113 75 114 65 116 58 117 55 118 53 119
68 78 78 344 20 340 21 339 23 336 25 335 26 332 27 328 28 317 29 310 31 308 32 307 34 305 36 296 37 288 38 287 39 285 40 282 41 280 43 264 44 263 45 257 47 254 48 253 49 252 50 246 51 240 52 237 53 229 55 228 56 217 57 215 58 211 59 206 60 205 61 203 62 197 64 195 65 186 66 184 67 183 68 170 69 169 70 167 72 163 73 162 75 160 77 157 79 156 82 139 84 137 85 135 86 133 87 132 89 130 90 126 91 125 92 121 94 120 95 113 96 109 97 104 99 102 100 98 101 94 102 90 103 89 104 79 105 78 108 72 109 70 110 67 111 66 112 64 113 62 114 61 115 57 117 51 118 50 119
10 9 64 348 21 338 22 336 23 329 24 323 25 320 26 314 29 308 30 305 31 304 32 299 33 298 34 281 36 280 37 279 38 275 39 269 40 268 42 256 43 252 44 249 45 248 46 247 47 242 49 236 51 230 52 221 54 219 55 218 56 216 58 215 60 214 61 210 63 199 65 196 66 184 67 173 69 162 70 161 72 156 74 155 77 154 81 153 82 149 83 148 87 143 88 139 91 129 94 127 96 116 97 115 98 114 100 110 101 108 102 106 103 101 107 99 108 94 110 91 111 90 112 86 115 85 116 64 117 56 118
44 43 53 343 22 330 24 329 27 319 28 316 30 303 36 293 39 292 41 289 42 275 45 268 47 262 48 259 50 254 51 227 54 224 56 223 57 220 60 218 61 217 64 214 67 213 68 188 73 186 74 184 75 174 76 173 77 172 78 168 80 164 81 155 82 141 83 140 84 139 87 137 88 134 89 133 90 128 91 120 93 108 94 105 95 104 97 100 100 95 101 79 103 71 105 70 106 67 110 66 111 59 113 58 115 52 116 51 119
75 12 72 348 21 347 22 343 27 337 28 335 30 332 31 331 32 321 34 313 35 311 37 309 39 296 40 294 41 271 42 266 43 257 45 255 46 254 47 252 48 250 50 244 51 241 52 235 53 232 54 231 55 230 57 225 58 219 60 215 61 210 62 196 63 194 64 188 65 184 67 181 68 180 70 174 71 173 72 171 74 165 76 164 77 161 78 159 79 157 80 155 81 153 82 150 83 149 86 148 89 145 90 144 91 141 92 134 93 129 94 128 95 127 96 121 97 116 98 113 100 112 102 111 103 104 104 101 105 92 107 90 108 89 109 86 110 81 115 70 116 69 117 65 118 61 119
64 29 57 340 23 338 24 332 25 313 26 312 28 300 29 299 31 293 32 285 34 274 35 272 36 269 37 268 38 266 39 258 42 254 44 245 45 244 47 242 51 238 52 230 54 227 55 226 59 212 60 199 61 195 63 194 65 187 66 182 67 176 68 171 69 167 70 160 71 146 73 144 78 143 81 140 82 139 83 134 85 132 86 125 88 124 94 122 95 121 96 115 98 105 99 100 101 95 102 92 103 87 105 83 106 81 107 78 108 77 112 72 114 70 118 54 119
75 60 53 349 21 345 22 342 24 339 26 336 27 328 28 326 31 325 32 323 34 309 37 289 40 274 42 270 43 264 46 239 47 227 49 226 50 221 51 216 53 215 56 211 58 209 59 208 61 187 62 183 67 181 70 179 71 174 73 168 75 165 76 157 77 154 78 148 79 141 80 139 81 126 82 118 84 105 85 98 88 96 92 90 98 89 99 87 101 86 102 82 103 81 104 80 105 73 106 71 113 61 115 59 116 53 118 50 119
24 41 72 347 21 346 22 340 26 339 27 335 28 324 29 323 30 320 31 319 32 316 33 315 34 307 35 306 38 305 39 300 41 299 43 293 44 292 46 288 48 287 50 285 55 281 57 277 58 274 59 271 60 270 61 269 62 263 63 262 64 258 65 255 66 251 67 250 70 249 71 248 74 238 75 233 76 224 77 221 78 218 79 216 80 214 82 197 83 196 85 188 86 187 87 186 89 181 90 179 91 165 93 158 94 147 96 141 97 139 98 138 99 118 100 116 101 112 102 107 103 106 105 103 106 97 109 93 110 84 111 80 112 78 113 75 114 74 115 59 116 57 117 52 118 51 119
77 34 50 348 20 342 21 338 22 324 28 323 29 322 30 316 32 311 33 305 35 287 39 279 41 269 44 267 45 255 46 237 51 234 52 220 53 218 55 211 56 202 57 193 59 180 60 178 63 177 64 174 65 173 67 170 69 148 71 144 73 140 75 138 79 137 82 131 84 116 85 114 86 110 88 109 92 107 95 105 96 104 97 92 98 83 100 80 103 79 107 74 108 73 109 71 111 57 113 53 114 51 115
72 89 50 342 20 338 24 332 25 318 27 312 28 305 30 299 34 293 35 287 36 285 38 283 39 282 40 277 41 266 42 263 45 259 49 255 50 253 51 251 52 244 53 223 54 216 55 201 56 190 57 185 58 182 64 180 65 177 66 174 67 165 68 161 72 159 73 153 74 152 76 150 77 146 78 140 80 139 85 129 91 123 96 111 97 106 99 88 101 83 102 79 106 78 110 66 113 63 115 61 117 59 119
60 81 61 338 21 335 22 327 23 318 26 308 28 302 30 300 31 297 32 288 35 285 40 277 41 275 42 272 43 271 50 261 51 255 52 254 53 252 54 251 55 247 56 244 57 243 58 241 59 231 60 230 61 214 64 213 65 206 66 200 67 195 69 194 70 193 71 187 72 186 73 180 74 171 77 168 78 163 79 159 83 150 85 149 88 144 89 143 90 138 91 137 92 126 93 123 94 120 98 118 101 105 102 103 103 94 105 90 107 88 108 84 109 80 111 65 112 61 114 55 116 54 118 52 119
35 50 55 336 20 333 21 332 22 330 24 329 26 326 29 321 32 314 33 311 35 305 38 303 41 299 43 286 45 281 46 272 48 271 50 264 51 256 53 246 55 239 57 236 59 233 62 226 65 220 67 206 69 191 70 189 72 183 73 179 74 178 76 176 78 170 80 169 81 167 82 159 83 158 87 150 88 140 89 139 90 134 91 131 92 122 93 121 94 116 96 114 98 102 99 83 101 76 104 74 105 70 107 68 108 63 110 53 113 52 116 51 119
35 17 75 345 20 342 21 341 22 340 24 333 25 325 26 323 27 320 29 319 30 315 32 302 34 299 35 294 36 292 37 290 38 286 39 285 42 282 43 274 45 259 46 258 47 251 48 250 51 246 52 238 53 230 54 228 56 227 57 226 58 224 61 220 63 216 64 206 66 201 67 199 68 195 70 190 71 189 72 186 74 183 75 176 76 174 77 160 78 151 79 150 80 147 81 142 82 139 83 136 84 129 85 127 86 119 87 118 89 117 90 115 92 112 93 106 95 101 98 99 99 95 100 94 103 93 104 91 105 88 106 85 107 84 108 81 111 80 112 72 113 69 114 63 115 62 116 59 117 55 118 53 119
36 8 58 349 20 346 21 345 22 342 24 337 26 335 28 321 29 315 31 314 33 306 34 302 35 299 36 297 37 296 39 293 40 283 41 282 42 274 45 259 46 220 47 219 48 214 49 211 52 206 55 195 57 191 58 190 59 186 63 178 67 173 69 165 70 162 72 161 74 160 76 158 77 157 78 153 79 152 83 148 85 143 87 141 88 132 89 128 90 126 93 115 94 112 96 110 97 109 99 107 100 104 102 96 104 92 105 76 109 73 110 64 112 63 115 62 116 59 117
4 65 73 344 21 340 22 337 23 334 24 327 25 318 27 312 28 311 30 304 31 302 32 296 33 294 34 293 35 291 36 290 37 277 38 276 39 267 40 266 41 261 42 253 43 251 44 247 45 245 46 241 47 236 50 232 51 219 53 215 54 212 55 201 56 195 57 193 58 189 59 187 62 185 63 181 64 178 65 173 66 167 68 166 70 157 71 150 72 143 74 142 76 141 77 140 78 137 79 134 80 132 82 130 84 127 86 119 87 117 88 116 91 107 92 106 95 104 96 103 97 101 98 87 100 84 102 83 103 82 108 79 109 78 110 77 111 71 113 65 114 63 115 61 117 60 118 57 119
50 7 60 342 21 331 23 328 25 318 28 314 32 313 34 310 35 307 37 303 38 298 40 294 41 292 42 291 43 290 46 286 47 284 48 277 50 276 55 254 56 251 57 247 58 246 59 241 62 237 64 227 65 221 66 220 67 219 68 205 71 202 74 201 75 200 78 196 79 191 80 189 81 185 82 176 83 172 84 161 85 159 86 155 89 150 90 146 92 145 93 132 95 131 96 123 97 120 100 116 101 114 103 110 105 100 106 98 107 94 108 84 111 78 112 71 113 69 115 68 118 64 119
33 86 63 342 21 336 23 331 27 328 30 326 31 320 34 312 35 306 36 304 38 299 40 297 41 296 42 295 43 288 44 286 45 281 47 278 48 275 49 268 50 266 52 265 54 263 55 262 56 259 59 256 61 238 62 235 63 234 64 230 65 227 66 225 68 216 69 209 71 199 72 198 76 194 77 190 79 186 80 185 81 182 82 179 84 175 86 171 87 165 88 155 89 153 91 151 96 137 97 136 99 130 100 124 101 117 102 111 103 107 105 105 106 104 107 103 108 99 109 76 112 72 114 65 116 62 117 59 119
58 73 54 348 21 332 22 330 26 315 27 314 32 313 35 309 36 291 39 290 40 289 41 278 42 271 44 267 45 258 49 244 52 242 53 240 54 236 57 234 58 211 59 208 62 207 63 205 64 196 66 193 67 180 70 179 71 170 72 167 74 157 77 156 79 147 80 145 81 144 82 140 85 138 86 135 88 133 90 132 93 116 96 102 99 96 100 93 101 90 102 89 104 82 106 81 108 80 109 78 111 76 112 64 113 61 117 58 118 50 119
78 14 61 345 22 344 23 343 25 342 27 338 29 336 30 335 32 331 34 328 37 325 38 323 39 315 40 314 41 304 42 303 43 302 44 295 46 291 47 287 49 283 50 281 53 280 54 277 55 272 56 269 57 264 60 260 61 250 62 248 64 247 65 229 71 220 72 203 77 198 78 192 80 187 82 185 83 169 84 165 85 164 86 161 87 158 88 147 91 144 92 142 94 140 95 139 96 133 97 128 99 120 100 118 103 109 104 104 105 96 107 95 110 80 111 74 112 63 113 61 114 58 115 57 117
50 59 59 349 21 346 22 343 23 336 25 334 29 331 30 319 31 318 32 317 33 310 36 308 37 306 38 299 39 298 44 293 46 286 50 285 51 272 52 264 53 256 54 251 55 240 56 237 59 236 60 235 61 234 62 216 64 209 68 205 70 204 71 190 72 189 75 180 79 178 80 167 81 166 82 161 83 160 84 149 85 146 86 145 87 141 93 130 94 129 95 128 96 127 97 126 98 122 100 119 104 105 105 95 106 94 108 93 109 91 110 88 112 82 115 71 116 68 117 54 119
41 6 58 344 21 341 22 337 23 330 27 319 28 306 30 297 31 285 32 282 33 276 35 273 37 263 39 262 40 261 42 258 43 257 45 253 47 244 49 242 50 235 51 234 52 232 53 230 54 226 58 223 59 220 61 197 63 183 64 177 65 176 67 174 68 169 69 163 71 161 72 160 73 157 76 155 77 154 78 153 79 151 80 144 82 139 83 133 85 132 88 128 89 124 90 120 91 112 95 111 96 105 97 101 98 89 99 85 101 78 105 75 106 62 107 61 109 51 117
14 79 67 337 20 333 22 330 26 328 27 327 28 325 29 316 30 304 31 300 32 294 35 291 36 285 37 283 39 281 40 277 41 276 43 273 44 270 45 264 46 263 47 262 48 261 50 257 51 248 52 244 53 240 55 239 56 228 57 223 58 213 61 195 62 184 63 183 64 182 65 181 66 180 67 175 68 171 69 169 71 163 72 156 78 155 79 150 81 148 82 144 85 143 86 127 87 126 90 125 91 123 92 120 95 116 96 114 97 112 98 103 100 102 102 100 106 97 107 91 110 84 111 81 112 76 113 65 114 64 116 61 117 60 118 54 119
70 13 63 348 21 344 22 343 23 342 24 340 25 339 26 325 27 315 28 312 29 310 30 306 31 301 32 295 33 294 34 289 35 282 36 280 37 279 38 266 39 264 40 261 41 254 42 247 45 244 46 241 47 237 51 230 53 225 55 214 56 208 58 197 61 192 62 183 63 180 64 178 66 177 67 174 68 171 69 166 70 164 71 155 72 151 75 147 76 144 77 139 81 133 82 129 84 123 85 120 89 110 91 109 92 107 94 106 98 102 100 95 101 86 103 85 104 81 107 76 108 70 109 59 113 51 115 50 119
86 85 68 345 22 340 26 339 27 337 28 334 29 332 33 330 34 326 35 324 36 313 38 307 41 306 44 302 45 295 46 292 47 291 48 287 49 279 50 278 51 275 52 265 53 259 55 256 57 253 58 230 60 226 62 224 63 220 64 219 66 217 67 213 68 211 70 209 71 198 72 194 73 189 74 188 75 187 76 183 78 181 79 179 80 178 82 177 83 157 84 154 85 151 86 138 87 129 88 126 89 124 90 121 92 119 93 118 94 117 95 116 96 114 97 112 98 111 100 99 102 97 107 93 109 82 110 79 111 78 112 73 113 63 116 61 117 59 119
5 51 55 343 20 342 21 330 23 327 26 323 27 318 33 316 35 312 36 308 39 303 42 297 43 292 44 287 46 285 47 282 48 279 49 272 50 269 51 267 52 262 54 259 56 255 57 244 58 235 60 231 64 230 67 228 68 212 70 211 71 210 75 200 78 183 81 177 82 171 83 170 84 166 85 159 88 145 91 132 92 128 94 119 95 116 97 114 98 109 99 103 100 87 101 79 102 77 105 74 110 68 112 67 113 65 115 58 116 57 118 51 119
69 42 62 347 21 342 22 340 23 339 26 338 30 334 33 331 34 329 37 328 39 323 40 322 41 318 42 316 45 312 46 310 47 297 48 294 50 292 52 291 53 290 54 288 55 283 56 281 60 280 61 275 63 256 64 254 65 244 66 243 68 241 69 238 70 225 73 217 75 204 76 197 77 192 79 182 81 174 83 166 85 160 86 159 87 156 89 145 90 143 91 135 92 127 93 123 94 120 95 115 96 114 99 112 102 110 104 108 105 105 107 90 108 86 110 74 112 73 113 70 115 69 117 68 118 51 119
17 84 59 349 21 340 23 339 24 338 27 333 28 328 31 323 32 310 33 302 36 289 38 276 40 271 41 268 43 265 44 258 45 257 46 253 48 246 52 244 53 243 54 241 56 235 57 224 59 221 60 220 66 208 67 206 68 205 71 198 77 189 78 185 79 182 82 181 84 173 85 167 86 160 87 150 88 149 89 148 90 144 92 143 94 142 95 136 98 113 99 103 100 98 101 97 102 95 103 91 104 83 105 78 108 74 109 72 110 70 112 68 113 64 114 62 115 60 116 54 118
50 62 56 342 20 338 21 335 24 331 25 329 26 328 29 306 32 305 33 304 34 303 35 298 37 275 39 269 40 261 45 260 49 256 50 252 52 249 53 243 56 241 57 237 58 232 59 226 60 224 61 222 63 217 65 211 66 207 69 206 71 201 72 197 73 187 74 184 77 164 79 163 80 159 81 157 82 153 83 147 84 146 85 144 86 134 91 129 92 124 93 101 94 97 95 95 96 92 102 91 105 90 108 88 110 86 114 79 115 65 116 55 117 53 118
80 71 72 347 20 345 21 343 22 341 23 332 24 318 25 314 26 312 27 304 29 300 31 290 32 289 33 286 34 275 38 274 40 261 42 255 43 254 44 253 48 251 49 246 50 244 51 237 52 236 53 228 55 227 57 223 58 220 59 211 62 210 63 196 64 192 65 186 66 181 68 180 69 179 71 178 74 177 75 171 76 169 77 167 80 160 82 158 84 150 85 146 87 143 88 141 89 139 90 137 91 133 92 127 93 126 95 123 97 115 98 110 99 104 100 102 101 101 104 99 105 97 106 92 107 91 108 90 109 89 110 81 111 74 112 67 113 65 114 64 116 62 117 56 118 50 119
62 18 63 345 20 337 23 326 26 321 27 320 28 316 29 295 31 290 32 279 33 276 36 273 37 262 38 261 39 260 40 257 41 255 42 252 43 245 45 243 47 235 50 225 51 223 53 215 54 207 58 202 60 200 62 194 65 191 66 181 70 179 71 176 72 167 73 158 75 157 76 147 77 146 78 142 79 141 81 140 83 138 84 134 86 133 87 132 88 131 91 127 92 126 93 125 95 123 96 117 100 110 102 106 104 105 105 103 106 102 107 97 108 96 109 89 110 75 112 70 113 60 114 58 117 56 118 50 119
5 52 74 347 22 334 24 331 27 330 28 328 30 324 31 323 32 320 35 317 36 309 37 303 38 301 39 296 40 292 41 291 42 288 43 281 44 275 45 265 47 261 52 260 53 259 54 257 56 248 57 247 58 246 59 244 60 239 61 238 62 224 63 223 64 221 66 220 67 217 69 207 70 195 72 192 74 189 75 183 76 177 77 176 78 175 79 172 81 171 82 170 83 167 84 158 85 157 86 152 88 150 89 138 90 137 91 135 92 131 94 129 96 117 97 116 98 115 99 114 100 102 101 100 103 95 104 94 105 89 106 86 107 85 108 78 110 76 112 70 113 67 115 62 116 59 117 55 118 50 119
28 57 78 349 20 348 21 341 22 337 24 335 25 332 27 330 28 328 29 325 30 320 32 312 33 304 34 291 35 289 36 288 37 273 38 272 40 269 41 267 42 264 43 250 44 248 45 247 46 245 47 242 51 239 52 238 53 233 54 232 56 231 58 225 60 223 61 216 62 213 63 211 64 192 65 191 66 189 67 185 68 180 69 178 70 177 71 176 72 173 73 165 74 164 75 151 76 148 77 147 78 144 80 143 82 135 85 130 86 128 87 127 88 124 89 120 90 119 91 118 93 117 95 110 97 104 99 102 101 98 102 93 103 92 104 91 106 89 107 88 109 78 110 77 111 75 112 74 114 69 115 59 116 56 117 55 118 51 119
72 87 51 345 22 338 24 331 25 329 27 325 28 324 29 321 30 320 34 312 36 308 40 303 42 299 45 289 46 280 47 276 48 273 50 266 53 265 54 253 55 245 57 243 62 236 66 232 67 220 68 219 69 214 70 204 72 202 75 201 77 195 78 188 79 171 80 170 81 152 82 150 84 130 85 122 86 121 89 113 91 107 92 105 94 101 97 93 101 88 103 85 105 84 107 82 108 80 112 76 113 72 117 69 119
41 22 72 343 21 326 25 325 26 317 27 310 28 307 31 306 34 299 35 297 36 296 37 279 38 272 39 263 41 259 42 250 43 247 45 244 47 243 48 242 49 239 50 236 51 235 52 234 53 228 55 226 56 222 57 220 58 217 60 216 61 215 62 211 63 204 64 200 65 198 66 197 68 193 69 190 70 188 72 187 73 176 74 167 76 163 78 161 79 154 80 149 82 148 83 147 84 146 85 144 86 138 87 134 90 132 91 127 93 126 94 124 95 122 98 114 100 112 101 111 103 110 104 108 106 106 108 104 109 100 110 86 112 78 113 73 114 69 115 66 116 63 117 62 118 57 119
53 66 50 349 20 343 24 337 25 326 26 314 28 313 29 312 33 309 35 306 37 296 38 289 41 282 44 274 47 271 48 261 49 256 51 224 54 219 55 217 56 216 58 215 59 208 61 198 62 187 64 183 66 182 70 178 73 173 77 167 78 166 79 159 81 157 82 143 83 139 84 137 92 134 93 130 94 123 96 116 97 109 98 103 99 102 100 93 102 89 106 85 109 76 111 72 114 66 115 63 116 62 117
34 30 57 349 20 347 21 345 22 341 25 325 27 324 28 317 32 316 33 309 35 304 36 302 37 292 38 291 39 285 40 277 41 276 44 273 45 262 46 261 47 260 52 255 55 253 56 243 57 242 60 231 61 226 62 208 63 200 65 199 67 194 68 188 70 185 73 179 75 176 76 145 78 142 79 140 80 139 81 134 82 132 84 122 85 121 87 120 90 107 91 101 94 100 95 99 99 97 101 93 102 87 105 85 106 84 108 73 110 72 113 63 114 57 115 54 118
75 40 73 348 20 342 21 329 24 328 25 321 26 314 27 312 28 309 30 305 31 303 32 300 34 299 36 290 38 285 39 284 40 280 41 277 42 273 44 271 45 268 46 267 47 265 48 264 49 261 50 260 51 251 54 250 55 248 56 241 59 239 60 238 61 237 62 235 63 228 64 227 66 226 67 220 68 219 72 214 74 211 75 209 76 203 78 199 81 196 82 183 84 181 85 172 89 171 91 170 92 162 93 159 94 149 95 146 96 136 97 135 98 132 100 128 101 125 102 124 104 121 105 118 106 112 107 108 108 100 109 99 110 96 111 89 112 83 113 81 114 71 115 62 116 61 118 54 119
20 25 59 344 22 342 23 334 24 328 25 319 27 316 28 308 29 301 30 299 31 296 32 292 35 287 36 282 37 279 38 278 40 275 42 271 44 270 47 264 49 257 51 254 53 250 54 248 55 238 56 230 57 228 58 223 59 222 61 206 62 205 63 193 64 187 65 183 66 165 67 163 69 154 70 147 72 141 73 140 74 138 77 133 80 128 81 126 83 121 87 115 88 112 89 108 90 98 91 90 94 86 97 82 98 81 99 69 100 66 101 65 103 63 104 62 110 57 113 54 118
24 39 72 346 20 345 21 344 22 343 23 341 25 340 27 335 28 333 32 330 33 326 35 325 36 322 38 313 39 311 42 310 43 308 44 307 45 302 46 291 47 290 48 283 49 282 50 280 51 277 53 276 54 274 55 273 56 267 57 260 58 258 59 254 60 253 61 250 63 248 64 244 66 239 67 237 68 235 69 233 71 228 73 217 75 212 76 209 77 199 78 188 79 183 80 180 81 173 84 171 85 168 87 165 88 159 91 152 92 148 93 143 94 142 97 140 98 138 99 134 100 115 101 104 102 99 103 94 104 93 106 78 107 76 108 70 112 65 114 63 115 60 117 57 118 50 119
27 45 63 348 21 346 23 339 25 338 26 335 27 334 28 326 29 323 30 320 31 316 32 312 33 303 34 301 35 298 36 295 42 287 43 274 44 272 45 271 47 270 49 267 50 266 55 262 58 259 59 256 60 254 62 246 64 243 65 232 66 227 68 220 70 216 71 209 72 204 73 200 76 198 77 193 78 191 79 189 81 183 82 174 83 173 84 171 85 169 86 168 87 161 88 159 89 155 90 142 91 141 93 140 96 136 98 130 99 115 101 111 104 109 105 101 106 99 108 94 110 86 111 84 115 83 118 59 119
5 26 52 349 21 327 24 324 25 312 26 306 27 304 29 303 30 294 32 292 34 290 35 283 36 279 37 278 38 275 41 274 42 268 47 258 49 252 52 248 55 243 56 230 57 229 63 221 64 220 68 215 71 214 73 209 74 208 76 205 79 197 80 195 81 193 84 190 85 176 86 170 87 159 88 153 90 151 91 150 92 134 94 110 99 109 100 103 101 101 104 94 105 92 106 90 108 87 110 85 113 80 114 71 115 52 119
32 37 63 346 21 345 22 344 23 339 25 331 26 321 27 320 28 317 32 313 33 310 36 306 37 305 38 298 39 287 42 276 47 269 48 265 50 263 51 260 52 255 53 243 54 240 55 234 56 226 57 223 59 220 62 216 64 202 65 197 66 196 70 191 72 189 73 176 74 171 75 170 76 167 77 164 79 163 82 154 83 145 84 144 85 142 89 138 90 136 92 127 93 126 95 124 97 120 99 116 100 113 102 111 103 109 104 108 105 100 106 95 109 90 110 87 111 86 112 82 113 79 114 65 115 63 117 59 119
36 38 61 347 20 331 21 329 22 327 24 325 26 324 27 319 28 316 30 314 31 306 32 304 33 293 36 283 37 274 39 272 41 268 43 266 44 262 45 254 48 251 49 245 50 243 52 235 53 234 54 233 55 232 56 227 57 226 58 224 59 216 60 215 61 211 62 207 64 198 65 184 66 183 67 179 68 178 69 177 70 172 74 169 77 167 79 156 80 150 81 149 82 146 84 144 88 142 90 130 93 128 95 123 96 121 97 116 99 112 102 102 103 83 105 79 106 59 110 57 114 54 115 53 117
18 15 54 345 23 337 24 334 25 330 27 314 28 312 30 308 31 307 35 264 37 262 39 260 43 257 45 254 46 252 49 242 50 240 52 236 57 235 58 229 59 217 60 216 63 213 65 208 66 204 68 196 70 190 73 183 74 169 75 166 80 160 82 151 84 147 85 145 86 141 87 133 91 129 95 128 96 123 97 114 98 113 99 110 100 106 102 105 104 101 105 100 107 96 109 93 110 73 111 71 112 66 114 63 115 57 116 55 117 52 118
