100
11518 16553
9255 16396
5038 13051
6495 13797
870 13459
3023 14980
2254 12401
1004 13685
8643 16084
11473 15254
10128 14026
201 15797
8549 13610
1803 13503
9284 15386
4520 12740
3665 14262
6052 13111
9072 13623
10331 12889
230 15080
953 12861
9247 12669
11943 12565
6089 12522
8710 16272
8386 15373
12163 13706
6552 12470
11948 14405
14322 14673
2871 15034
2136 14463
822 15992
8302 13715
12553 13077
6330 15130
2806 12871
7709 12980
5328 16293
12054 13929
5697 16508
2145 14828
2294 12869
6915 13264
13198 13259
10450 15215
939 14643
10175 12602
8868 16640
11694 15349
12814 12934
6524 12459
14914 15306
14691 15836
1395 13728
14897 15996
12463 15862
3720 13125
6431 14668
457 14187
7088 13800
106 13007
607 14576
5483 13251
2488 13897
10416 14730
5136 15925
10935 15767
1041 13298
2379 13602
1737 15188
3557 12733
9238 14991
1575 15620
11685 14213
10941 14278
11570 14037
8931 14788
6748 15895
10878 15704
6712 15273
2786 15928
7524 13130
11217 13713
11880 12612
5872 13349
83 14278
2980 14119
5457 12423
3509 13935
11899 14034
1590 13778
3568 14532
9542 16078
2262 13395
4463 12539
3565 15714
12043 12873
1491 15283
