222
2325 3430
1334 3434
2618 3424
791 3372
129 3358
600 3406
3053 3422
2570 3395
2655 3442
1060 3383
2507 3346
1196 3339
1047 3409
2882 3333
3198 3402
135 3382
2033 3345
3253 3347
3141 3413
1887 3440
1754 3397
592 3438
15 3350
1313 3372
762 3426
2804 3352
1917 3426
2072 3432
2593 3349
881 3419
2890 3384
370 3362
918 3411
492 3437
665 3375
919 3397
1105 3356
472 3346
1802 3420
303 3408
1640 3405
1104 3417
1160 3372
221 3395
874 3427
3020 3401
3388 3408
2419 3377
261 3369
1158 3336
2792 3387
217 3430
1615 3349
1638 3384
3163 3387
1648 3350
1262 3401
369 3395
2058 3396
3275 3443
2756 3400
2886 3365
2426 3361
1930 3348
2392 3415
163 3401
2371 3389
967 3428
2213 3415
1776 3425
1614 3443
3364 3366
2776 3388
1885 3360
1792 3408
1644 3404
2049 3414
3124 3387
813 3361
1138 3338
491 3384
790 3355
2845 3398
2065 3357
1291 3389
755 3375
2736 3416
2412 3418
344 3351
2364 3334
1900 3334
2324 3365
554 3408
126 3383
1301 3412
2980 3384
2156 3389
2096 3363
2078 3360
862 3404
217 3335
933 3421
2191 3414
2660 3392
1233 3398
2138 3441
98 3426
3237 3428
1641 3400
2016 3435
1211 3438
440 3378
3056 3381
1974 3420
1102 3364
2250 3385
1331 3382
3104 3342
2181 3382
69 3365
552 3410
678 3374
693 3413
491 3374
1470 3403
1057 3352
1137 3337
541 3361
714 3413
862 3362
1293 3427
1768 3400
45 3402
1907 3421
1328 3412
2366 3386
952 3346
3281 3352
2098 3442
1196 3398
2112 3372
1747 3378
2868 3352
551 3430
573 3442
2885 3413
543 3378
2344 3341
224 3392
1484 3441
2038 3364
2438 3339
156 3359
1624 3386
1805 3427
2698 3443
1506 3437
2823 3414
2577 3360
865 3345
2268 3347
3353 3412
1109 3395
2628 3356
2364 3366
2236 3424
2550 3336
674 3342
747 3413
955 3343
1219 3341
3216 3398
22 3382
3236 3423
752 3434
281 3364
2178 3358
1922 3437
2033 3424
268 3433
3315 3394
1816 3425
1123 3349
2211 3418
2351 3402
3069 3440
135 3437
3272 3434
1966 3430
1744 3335
1973 3413
399 3339
2956 3360
1770 3419
1248 3382
3288 3391
864 3427
230 3428
525 3375
3269 3425
1470 3426
1899 3395
83 3382
1950 3335
1575 3351
2600 3427
59 3374
1817 3336
2888 3432
35 3352
3066 3397
2562 3401
108 3430
3249 3361
2086 3395
696 3393
2716 3385
249 3341
1745 3437
1318 3433
1361 3370
2397 3347
