500
2785 12116
2835 12021
3163 12129
601 12336
1854 12012
5806 12336
8969 12131
8961 12269
12065 12186
9840 12246
8377 12040
7253 12170
1788 12065
5118 12227
1459 12126
1303 12128
11111 12299
1361 12304
8307 12206
1361 12006
7493 12308
9604 12023
1629 12257
2279 12334
5323 12257
1534 12122
5790 12303
6536 12269
3433 12279
86 12043
4185 12272
8040 12131
2554 12247
6676 12219
520 12148
11137 12326
2138 12304
3245 12124
5998 12101
1404 12339
1582 12247
11518 12176
7837 12176
3533 12337
9508 12254
6782 12049
8491 12023
3103 12055
3927 12205
11618 12108
1646 12214
278 12007
11473 12344
6435 12029
739 12124
4963 12228
1736 12130
7762 12118
5520 12253
6498 12080
7476 12234
5285 12176
1133 12020
7458 12322
2395 12251
10216 12063
5375 12298
10456 12073
1439 12220
6083 12229
735 12102
3582 12194
11999 12068
2559 12066
4086 12088
3131 12127
6454 12285
2714 12091
5789 12202
6687 12203
6352 12254
1766 12250
2494 12306
994 12093
8163 12256
11569 12247
7664 12139
6023 12328
10363 12010
6520 12215
12064 12261
11179 12343
4802 12281
1256 12224
11372 12153
3603 12260
5048 12278
3692 12201
5376 12110
3361 12206
3933 12236
8526 12046
8090 12341
1409 12274
5118 12093
2556 12154
402 12297
5673 12132
5678 12248
2409 12060
7396 12128
6166 12270
1185 12171
8794 12232
10864 12284
11386 12118
7140 12101
6406 12343
3143 12091
4300 12281
774 12255
10284 12233
9426 12071
5501 12182
5233 12052
6545 12175
8727 12035
7106 12246
1585 12304
11646 12050
4613 12327
2620 12137
7037 12297
2719 12200
1846 12157
5949 12143
4048 12260
2948 12179
6357 12114
11865 12065
4520 12047
3629 12188
11365 12125
8424 12124
7562 12179
11593 12109
6400 12106
152 12116
487 12075
5165 12149
2469 12259
10412 12263
5412 12024
2359 12158
5179 12286
10011 12271
1283 12071
5576 12158
11830 12274
8643 12065
7651 12140
5025 12257
11623 12134
540 12158
11701 12195
7701 12098
8533 12101
3005 12242
4637 12331
11407 12047
560 12076
6740 12174
3075 12118
72 12190
189 12011
7537 12152
4625 12005
1951 12074
1036 12249
4340 12271
2102 12217
8660 12036
3360 12072
10611 12286
6853 12027
6022 12156
4122 12327
1419 12067
1639 12335
4725 12145
2276 12239
1949 12017
5402 12094
11917 12245
1331 12273
6393 12027
10823 12219
241 12017
1266 12197
8071 12143
9826 12223
11596 12179
110 12175
6492 12173
3357 12018
1286 12296
3174 12116
10363 12235
10692 12211
6937 12159
7431 12002
8169 12264
4934 12063
2745 12176
4102 12153
3477 12166
341 12105
1124 12222
2382 12106
11687 12242
262 12320
1273 12286
6670 12183
10797 12240
9987 12323
7261 12317
11132 12276
7138 12020
1534 12148
10436 12045
2642 12297
6823 12271
10370 12058
2837 12131
500 12252
3500 12301
1497 12178
9006 12202
6678 12257
7770 12064
5572 12191
6520 12242
9317 12186
3936 12294
1878 12336
5014 12246
6001 12284
8027 12262
4298 12279
3456 12173
7582 12057
1767 12261
2416 12031
5088 12200
6425 12170
612 12344
4929 12099
11233 12242
8177 12193
4841 12262
881 12294
7186 12113
2871 12095
6555 12193
4856 12104
450 12329
10217 12322
11089 12287
3297 12160
8141 12150
5537 12069
1061 12211
4485 12157
8691 12001
3021 12070
1008 12043
6239 12212
5287 12075
4230 12061
2473 12043
6575 12053
4034 12337
3107 12107
4667 12101
3551 12309
9326 12024
8289 12107
7123 12116
5290 12275
2697 12315
4839 12247
3495 12341
6501 12080
8378 12318
8107 12134
5132 12016
5238 12123
4820 12337
4902 12208
5296 12020
10204 12051
749 12196
4525 12065
6959 12028
2009 12185
12011 12329
7778 12131
10968 12040
2721 12075
8124 12038
7492 12278
9262 12221
9941 12123
2754 12201
6427 12008
8219 12265
2202 12137
3766 12082
1144 12059
8217 12200
6093 12131
6001 12311
1170 12144
4109 12012
10638 12158
3771 12251
3818 12093
5730 12327
10324 12040
7059 12223
505 12272
2336 12260
6357 12105
4318 12217
2302 12217
9697 12079
5459 12162
560 12237
670 12002
6419 12326
906 12137
8126 12307
6996 12202
11248 12259
9340 12006
7637 12092
1288 12024
9367 12042
11230 12012
1589 12172
359 12279
6591 12044
6119 12155
4185 12174
1331 12113
6378 12259
2332 12304
2563 12341
8483 12184
2687 12192
10940 12312
6522 12247
6001 12000
11610 12208
1089 12067
121 12275
5307 12342
5266 12055
1909 12144
6219 12269
9265 12162
1088 12041
1367 12093
10642 12210
4200 12288
10808 12178
4047 12054
4989 12179
2643 12244
4494 12267
3051 12284
947 12258
11926 12141
12123 12301
4382 12323
924 12039
1485 12190
3793 12148
3495 12126
7025 12187
4062 12078
6695 12206
6409 12182
11150 12139
8388 12090
836 12280
7422 12179
2209 12247
3540 12089
3962 12190
2422 12018
368 12114
5568 12222
5993 12265
4927 12153
4770 12277
5707 12133
2520 12144
934 12116
3257 12107
3773 12243
2376 12241
7821 12090
3301 12132
4794 12242
4151 12059
376 12095
3962 12180
1129 12267
8077 12316
6408 12098
9941 12217
347 12333
3791 12123
3256 12095
4335 12143
51 12030
11736 12021
10692 12187
8210 12194
10192 12301
8409 12167
5837 12200
5997 12331
5681 12329
6848 12143
1522 12021
8779 12173
979 12193
993 12158
2893 12204
2225 12032
4534 12125
7467 12110
4961 12110
10041 12118
5954 12303
5263 12315
5392 12135
4660 12041
5187 12050
4343 12176
356 12174
4916 12022
8179 12275
5374 12194
1091 12332
5240 12338
1065 12171
7342 12191
11872 12000
6846 12001
12238 12276
4848 12212
3139 12224
7480 12255
2062 12095
114 12050
7468 12251
7528 12084
8407 12080
933 12057
1430 12176
4316 12301
241 12146
8315 12204
9034 12165
6861 12014
1126 12229
1903 12165
1236 12252
10761 12256
8779 12092
5369 12012
6745 12130
6191 12045
8943 12118
1292 12168
3104 12305
1998 12290
61 12009
939 12329
8085 12049
4833 12060
7340 12169
4610 12030
10138 12160
11985 12095
6795 12005
5419 12182
