314
588 3138
1215 3272
1192 3288
2152 3223
252 3240
1979 3131
2198 3136
1916 3162
1993 3388
2008 3270
623 3120
494 3297
2502 3179
2711 3188
977 3137
628 3219
1029 3343
1922 3178
2231 3357
1128 3414
766 3263
3290 3376
1278 3354
1458 3237
3209 3306
2940 3387
227 3352
2102 3175
2975 3272
3051 3223
647 3166
2788 3182
3203 3239
2511 3181
2494 3271
1285 3402
918 3353
1664 3149
5 3276
55 3344
2621 3257
883 3299
2869 3380
2833 3386
1613 3370
1040 3283
2531 3418
3090 3133
1872 3384
1728 3404
34 3418
1800 3149
305 3270
16 3123
1392 3397
1976 3253
2342 3178
1260 3359
914 3318
2824 3203
1658 3281
1934 3271
2862 3427
1298 3241
1874 3299
947 3146
1789 3187
3073 3345
3075 3313
143 3188
640 3211
3121 3331
1262 3228
2264 3201
811 3219
585 3348
1630 3367
1445 3357
1902 3296
1922 3243
2158 3244
667 3120
3272 3386
1966 3374
1734 3263
2863 3259
3021 3119
1735 3198
1514 3343
2946 3115
488 3281
2711 3368
2267 3342
87 3313
2741 3185
1494 3158
3272 3274
1859 3417
1343 3422
2924 3353
2432 3301
2295 3369
2266 3147
772 3185
2292 3162
2908 3329
1520 3150
2416 3298
282 3251
564 3230
991 3417
1546 3201
1855 3333
1243 3344
2357 3384
345 3165
789 3426
3259 3395
97 3379
2417 3166
2278 3265
3062 3150
1815 3154
1673 3275
2178 3249
2227 3268
2099 3316
658 3129
1163 3180
428 3156
1140 3300
854 3383
367 3212
953 3220
667 3231
2460 3320
1429 3400
1656 3172
2088 3137
2285 3408
1506 3268
2776 3276
1030 3315
872 3119
1077 3381
1421 3356
666 3166
873 3427
2900 3394
1384 3401
1203 3209
2529 3170
2772 3313
3030 3295
104 3221
872 3236
2420 3369
2554 3242
3142 3382
1667 3205
1675 3177
634 3130
2904 3119
787 3426
353 3136
379 3357
542 3354
190 3373
122 3286
943 3221
1793 3268
880 3256
760 3186
1833 3294
1622 3318
1987 3390
2501 3262
3133 3345
1455 3373
174 3257
449 3372
1389 3294
633 3245
86 3302
3120 3286
2049 3214
2044 3307
3174 3284
2366 3293
2183 3267
5 3201
867 3155
903 3389
2981 3239
252 3231
1437 3213
2798 3172
2151 3219
2463 3146
865 3151
1083 3163
1631 3255
2337 3194
2088 3329
2655 3230
1251 3140
1410 3366
2773 3295
2834 3218
272 3218
1960 3331
2203 3133
2206 3286
34 3167
866 3260
195 3173
2106 3216
2779 3144
2328 3178
1096 3394
2363 3387
2337 3227
926 3279
2938 3343
1252 3350
2280 3309
252 3308
2386 3161
1752 3206
2120 3309
1232 3329
793 3210
520 3204
2029 3338
2580 3226
1944 3226
1719 3188
1717 3242
1992 3272
2508 3316
445 3237
538 3253
108 3278
3239 3298
554 3140
2610 3238
748 3373
1761 3277
2718 3217
1883 3174
3033 3378
1027 3396
1475 3131
1747 3150
12 3233
2595 3225
710 3387
2906 3130
1559 3187
926 3426
716 3338
1508 3177
2545 3332
354 3358
866 3235
2221 3273
2377 3306
872 3411
2631 3287
1034 3255
632 3400
3059 3364
584 3360
1529 3359
549 3371
3141 3197
974 3287
721 3175
955 3334
2340 3226
278 3232
696 3338
2720 3159
2049 3378
2881 3318
2259 3146
139 3253
1511 3166
2738 3144
2035 3264
2307 3167
25 3170
2456 3231
3018 3327
2798 3248
1257 3232
227 3206
447 3212
3107 3230
746 3170
974 3201
1368 3292
164 3138
122 3201
1478 3147
1672 3207
974 3421
3036 3364
2520 3192
1992 3218
2620 3286
215 3202
1312 3262
1322 3188
