5000
2548 38298
22963 38334
29850 38323
18926 38298
22275 38318
22371 38310
29481 38293
17675 38302
7664 38297
23049 38329
31673 38294
8926 38341
27444 38328
21216 38326
4725 38310
23017 38326
16971 38336
588 38299
9165 38342
11021 38339
25653 38318
29265 38333
21234 38336
25619 38320
9720 38296
281 38304
22619 38298
12838 38339
22300 38298
31602 38328
28739 38328
1111 38319
14381 38315
18253 38294
22824 38331
32280 38305
317 38330
7744 38296
25165 38308
31170 38315
30816 38334
22533 38318
2617 38294
6927 38295
6190 38304
17657 38324
11574 38319
29088 38329
17988 38307
6302 38335
17363 38338
11129 38307
6594 38331
25625 38329
12643 38294
22400 38320
12751 38300
8373 38324
8828 38326
14337 38325
7185 38322
19038 38307
31608 38327
9517 38313
19253 38320
2599 38325
22263 38321
32662 38315
7533 38319
28869 38342
5211 38298
12981 38331
29421 38308
16657 38297
30283 38308
18276 38321
21613 38304
19082 38303
20785 38319
1637 38337
10667 38334
21457 38303
18876 38318
10969 38330
32742 38310
5419 38323
9054 38312
9417 38320
24675 38318
17154 38331
7887 38324
27553 38310
14060 38298
10340 38313
26760 38294
24751 38334
18508 38314
20866 38295
5961 38322
16809 38331
14548 38327
17970 38340
14996 38316
11044 38326
8921 38333
21614 38294
31023 38295
11038 38339
15668 38327
27347 38318
16294 38310
25461 38324
4544 38296
803 38298
32455 38316
15469 38306
17376 38341
7364 38333
31268 38337
10030 38326
26358 38305
18239 38301
9876 38310
28740 38305
25837 38334
15553 38342
6323 38337
8734 38330
29872 38316
3229 38306
861 38317
30607 38324
8369 38312
21960 38328
17975 38297
24144 38296
23907 38339
4443 38307
3110 38331
2427 38314
12224 38297
27925 38306
31190 38322
5138 38313
25540 38317
13782 38328
27700 38308
13174 38313
21232 38322
21029 38340
18164 38330
31216 38339
15048 38314
19628 38336
21260 38336
10540 38334
9044 38330
28343 38307
11575 38295
5304 38333
21923 38327
27320 38295
17523 38316
5258 38300
25156 38335
5829 38300
26756 38329
1912 38318
14283 38327
14104 38301
26735 38308
26045 38297
18771 38300
22670 38303
16639 38306
25466 38309
17654 38309
15146 38303
23363 38298
9011 38300
23126 38305
19599 38329
23310 38301
30798 38327
4375 38308
12937 38295
32118 38317
14744 38341
12130 38313
25988 38316
1878 38293
9151 38342
12388 38315
23315 38326
17356 38335
19417 38313
19149 38335
16491 38295
4795 38330
8668 38319
1874 38325
17638 38322
1866 38303
803 38320
26411 38325
29824 38329
5731 38327
23792 38339
6806 38315
8797 38317
21813 38340
24292 38294
18258 38320
25409 38330
18355 38330
15752 38311
24357 38320
6167 38314
16146 38307
1224 38334
1622 38314
2155 38301
18511 38338
31347 38338
2611 38300
3311 38338
10919 38335
4284 38334
26509 38304
18937 38323
30237 38338
26812 38311
24887 38317
31235 38300
8695 38325
25838 38321
9867 38325
18475 38339
15169 38318
19377 38339
2532 38314
15025 38313
9033 38308
31177 38293
18213 38303
11644 38311
24097 38310
9439 38294
23089 38294
23700 38335
28961 38323
11772 38303
25969 38309
32425 38308
20834 38335
1042 38319
10321 38318
28555 38330
25156 38298
5748 38333
1475 38319
27312 38307
1001 38322
22361 38305
6842 38333
21937 38318
12727 38300
20060 38297
25776 38320
6861 38320
12506 38293
15103 38301
30753 38298
4965 38302
20159 38321
18211 38326
18190 38303
638 38303
12186 38320
18833 38342
30587 38301
8002 38296
11490 38331
6261 38294
18929 38330
12160 38329
17360 38313
27614 38317
4093 38304
12839 38304
5091 38305
20543 38318
12975 38334
6606 38337
27999 38319
10481 38312
18715 38303
5936 38305
28617 38338
17071 38299
16092 38333
29608 38340
14444 38336
30232 38298
2700 38293
31673 38308
8408 38319
23089 38339
29773 38304
31113 38341
3422 38320
1760 38295
27715 38297
16225 38317
19349 38299
26482 38312
28952 38322
16942 38312
216 38307
7446 38299
1655 38325
17411 38328
10437 38301
29024 38325
15249 38295
3733 38324
9151 38297
22726 38324
16795 38309
15806 38293
21869 38330
1318 38295
4686 38314
6651 38337
21305 38326
2111 38338
9829 38328
750 38326
8914 38340
1587 38294
15394 38339
27100 38323
2219 38308
30732 38320
11722 38304
23599 38306
26234 38331
32307 38319
22565 38329
7670 38300
10682 38295
17146 38328
4351 38301
21600 38305
18985 38316
27924 38308
11690 38307
16453 38339
22602 38295
8728 38303
6521 38300
2205 38294
7139 38303
6402 38301
31814 38305
5382 38316
17024 38299
15537 38310
28909 38296
30786 38315
7663 38307
24170 38307
19406 38341
27319 38299
29379 38341
30803 38302
29007 38315
21742 38302
22225 38323
32761 38322
15448 38334
27157 38307
8118 38332
18635 38302
29910 38301
21117 38334
24911 38332
30364 38323
22072 38297
26140 38309
31807 38297
37 38309
9717 38338
30476 38341
15468 38333
16769 38336
23044 38325
11274 38328
1922 38336
7856 38303
20322 38325
27383 38319
7023 38325
13844 38322
4240 38342
21339 38319
23781 38302
8951 38329
11282 38333
18653 38311
13787 38313
20483 38313
6898 38312
3532 38309
1036 38308
22983 38303
14138 38294
28058 38303
6007 38294
313 38307
17021 38323
30556 38323
16606 38325
11823 38323
31823 38324
18507 38295
28743 38312
485 38315
18633 38311
26181 38313
25469 38318
31098 38309
26374 38323
10829 38330
25744 38330
8307 38335
14248 38294
15111 38297
6225 38297
21303 38301
4948 38314
5949 38320
23767 38334
4497 38318
12593 38327
12380 38339
14333 38333
24880 38298
7533 38330
5367 38326
21986 38332
16426 38333
16313 38309
11076 38306
5991 38297
10101 38336
29128 38305
31642 38324
12468 38317
7533 38306
9684 38318
2809 38305
22451 38311
22610 38332
7448 38319
17794 38342
660 38315
28870 38327
11863 38311
30971 38317
13895 38324
9299 38307
7252 38316
24396 38320
25861 38304
10211 38313
31831 38309
14596 38304
23752 38312
2630 38300
11439 38329
30677 38324
17870 38328
9903 38319
23338 38314
30996 38300
12571 38299
10039 38310
7071 38309
20538 38305
14067 38307
5977 38293
3685 38332
8550 38309
9572 38315
1653 38332
5849 38306
3032 38298
16058 38296
14926 38342
8667 38314
9335 38311
2056 38312
29067 38332
31826 38328
76 38333
10150 38308
13881 38338
14756 38319
20229 38318
21421 38336
16455 38307
10814 38327
1395 38332
20605 38328
26633 38339
25106 38329
6156 38296
32568 38337
10422 38306
20244 38338
17770 38304
31813 38308
13034 38327
24508 38341
28874 38311
19918 38310
3877 38314
14727 38294
3214 38341
8770 38299
20553 38312
32630 38316
5308 38314
7891 38335
22048 38310
10382 38339
6524 38297
15865 38312
8148 38321
26198 38304
22941 38294
15853 38295
11893 38302
7004 38309
27921 38334
7983 38310
30583 38312
25008 38330
32621 38335
13056 38294
26417 38316
8551 38321
6762 38317
14825 38294
29535 38341
14106 38317
103 38317
4659 38315
15776 38301
10852 38327
5860 38313
30316 38295
17913 38300
29800 38333
24840 38307
19432 38310
11601 38327
22088 38323
2588 38335
318 38334
2035 38303
16303 38342
14 38326
31943 38331
16399 38317
17736 38342
7664 38330
6946 38308
2105 38296
10053 38341
26230 38307
15795 38324
24040 38320
26585 38323
20091 38293
26911 38328
7160 38335
29118 38313
6012 38329
29649 38309
7465 38334
20144 38316
14875 38327
17529 38323
28317 38301
28143 38302
24733 38306
8328 38310
4702 38304
31425 38335
29037 38302
2741 38310
20950 38342
17134 38313
10647 38342
12667 38335
8277 38332
11586 38314
18254 38309
28056 38333
3471 38326
16399 38303
17511 38336
20623 38297
18459 38330
14249 38326
8411 38295
17191 38333
12277 38293
11496 38300
15689 38299
13291 38310
30973 38335
19369 38304
17778 38324
21928 38335
23926 38295
6477 38320
10939 38294
28146 38333
24711 38294
19256 38297
11950 38338
13214 38322
8382 38299
11603 38296
32121 38306
15689 38312
14984 38330
6283 38308
22637 38302
32720 38332
15034 38341
31056 38311
20608 38299
23766 38300
8459 38304
26135 38342
4300 38304
16706 38303
29335 38316
17880 38298
14607 38317
21438 38299
23646 38296
1681 38301
18473 38298
13113 38307
26050 38329
25537 38305
5792 38303
17765 38321
13069 38313
15597 38301
24863 38331
5434 38340
22505 38330
31775 38319
25330 38328
16754 38320
14823 38326
3170 38310
140 38329
31498 38319
760 38329
24647 38301
514 38318
5063 38302
9207 38320
2147 38321
23950 38299
7343 38330
26397 38305
22991 38312
4620 38300
5260 38325
4746 38340
9383 38319
4480 38323
9836 38293
6851 38313
31371 38305
15246 38317
30756 38337
25903 38333
1313 38334
26624 38303
2248 38329
6809 38297
27792 38313
324 38338
7988 38333
2482 38334
19975 38340
12012 38322
18567 38324
6539 38312
16948 38337
4140 38335
26275 38307
19487 38341
29646 38294
1631 38297
20142 38341
20679 38342
17932 38296
3970 38305
30612 38336
9924 38339
2859 38333
12471 38311
14466 38329
20409 38331
19179 38338
28868 38319
5996 38294
4653 38307
6418 38305
25234 38329
10120 38325
19470 38340
31720 38305
16302 38329
30673 38342
21801 38338
25274 38300
4811 38338
4486 38326
29107 38293
11352 38306
29246 38342
1704 38300
21699 38325
15767 38342
19073 38293
4223 38295
13013 38329
10191 38320
14513 38316
15894 38332
25673 38300
24413 38304
29967 38323
12986 38339
6114 38294
546 38321
19842 38324
29823 38300
5448 38302
11778 38318
12308 38312
19131 38313
3974 38317
26471 38342
17777 38315
11401 38338
1932 38317
4028 38324
7019 38340
16199 38307
16046 38311
27634 38303
24441 38295
25880 38302
14628 38318
15102 38314
10547 38303
23395 38300
20616 38299
23640 38307
21719 38305
26962 38312
22107 38298
1662 38310
28103 38334
7764 38328
18048 38331
3439 38321
10505 38332
8348 38301
2494 38338
14641 38329
28614 38309
2976 38309
18499 38338
11339 38337
31179 38340
24218 38293
19484 38322
23115 38330
30731 38297
31498 38298
29630 38304
3650 38300
20251 38320
13106 38315
13440 38297
323 38304
25013 38338
26777 38298
11551 38321
232 38308
27446 38307
14985 38324
18489 38321
9677 38309
27168 38336
17553 38300
28370 38339
6674 38337
6808 38341
27907 38310
19153 38333
28637 38330
17271 38331
6532 38312
2006 38317
1022 38301
28486 38300
3608 38332
1961 38339
6124 38330
11792 38326
17442 38326
24712 38325
30822 38324
25143 38293
16921 38307
26023 38298
29511 38298
12641 38302
3034 38309
29374 38314
17165 38328
13050 38318
17699 38309
8842 38298
31064 38324
11951 38329
25624 38332
5452 38317
31087 38320
27381 38304
29633 38326
18248 38341
699 38299
2944 38297
26249 38315
30535 38331
19273 38309
32716 38297
30912 38296
7446 38335
10828 38338
408 38339
8986 38315
28677 38334
21145 38313
9061 38338
7471 38324
32105 38341
7466 38313
28411 38303
28665 38315
20250 38325
25500 38305
5093 38326
6233 38336
8693 38301
27313 38325
9712 38302
14738 38336
11355 38315
23758 38316
27568 38327
24524 38333
29873 38302
21630 38303
15611 38325
21138 38304
14302 38305
30445 38324
29036 38328
30549 38315
24528 38337
7789 38324
24290 38301
17383 38326
2552 38319
5365 38332
26622 38337
16640 38295
7625 38331
24221 38330
6824 38341
7357 38322
29500 38315
5155 38339
24202 38312
19740 38311
2383 38331
19818 38328
13203 38306
17025 38301
19585 38294
7158 38329
118 38307
10804 38327
27992 38338
5489 38294
28969 38299
16608 38340
18140 38303
28200 38295
25959 38296
13590 38318
21785 38295
9102 38322
28462 38325
6600 38314
15265 38306
14009 38335
24897 38327
26830 38327
23559 38301
30432 38296
28071 38312
5477 38317
31845 38302
23523 38302
21546 38328
11947 38321
32215 38329
28867 38332
8409 38299
4644 38322
8958 38306
20005 38325
31366 38307
11832 38323
26238 38319
9428 38327
329 38302
21682 38329
24960 38320
22588 38330
15612 38312
7491 38337
16944 38315
10480 38300
7100 38341
22525 38334
21056 38301
28452 38332
110 38326
4056 38334
3428 38330
25908 38325
24888 38307
7473 38296
18388 38311
539 38296
30212 38303
18502 38325
25805 38307
25597 38310
30465 38302
31675 38312
7440 38334
19102 38337
27425 38303
1816 38325
21857 38303
8680 38307
1691 38320
29000 38315
1290 38318
7272 38293
6507 38296
23324 38321
11349 38313
24017 38293
3533 38331
29126 38322
23318 38299
13689 38297
30406 38323
29023 38324
18207 38300
26839 38316
11931 38303
14177 38311
29385 38341
3595 38294
1368 38337
25901 38309
25457 38325
30294 38306
32587 38335
4742 38333
26617 38310
10398 38298
9094 38342
4116 38303
28483 38297
27627 38324
23136 38338
14819 38340
28346 38312
25069 38298
23540 38342
23009 38318
22729 38341
12659 38336
11936 38341
6756 38302
9057 38305
16629 38304
13704 38302
2209 38311
24184 38309
267 38331
20241 38326
10038 38332
23172 38334
18164 38315
870 38297
4257 38301
24324 38328
14096 38313
17143 38306
10694 38299
28920 38336
16230 38340
13557 38317
25709 38293
10596 38304
8735 38316
5591 38304
4546 38313
7120 38295
4105 38319
9687 38307
17619 38310
19659 38303
21270 38313
10102 38331
17685 38325
14435 38313
2266 38293
28148 38317
4320 38304
26799 38321
27920 38334
31705 38300
28654 38321
7238 38341
13333 38295
12655 38314
5601 38306
31941 38307
30059 38341
2885 38318
21690 38323
25933 38328
9783 38329
28846 38306
24418 38313
14594 38316
9156 38306
4672 38322
7204 38325
18829 38331
19966 38304
22613 38330
1841 38328
19867 38298
12792 38310
24973 38303
9499 38299
26460 38329
17511 38325
4426 38322
1371 38298
15109 38335
11300 38324
11827 38302
21708 38300
5454 38316
7342 38304
4274 38336
45 38296
8692 38323
16549 38317
24950 38310
26274 38318
12856 38334
13392 38316
26609 38321
7219 38299
4959 38305
4120 38316
26843 38342
15436 38302
30000 38332
779 38314
5293 38317
19515 38339
24697 38314
32091 38312
1575 38300
11702 38327
15754 38330
27356 38338
20683 38335
8530 38337
27320 38314
32137 38332
8031 38327
22797 38299
25308 38333
2047 38297
25199 38313
6853 38296
29650 38321
26624 38331
3785 38320
1274 38340
242 38316
27647 38340
30241 38339
28090 38296
18013 38334
29416 38314
5495 38337
23545 38327
22129 38295
15392 38312
32562 38305
19110 38301
9341 38336
32387 38305
4644 38298
2095 38307
13177 38341
7606 38326
24582 38332
19723 38325
24702 38302
18590 38297
16371 38305
25136 38325
15688 38311
10214 38294
28906 38313
22429 38328
31419 38297
7294 38338
19535 38340
19154 38327
25435 38311
3607 38309
2154 38316
15699 38342
26066 38320
18856 38340
2791 38305
31529 38295
12142 38341
28652 38305
19285 38294
4448 38330
22177 38334
29665 38296
17831 38314
21642 38318
5503 38325
10571 38332
31926 38325
30523 38312
5187 38334
25391 38340
3260 38315
12427 38301
17354 38332
8792 38327
19931 38303
29335 38321
18454 38325
21461 38336
1684 38324
12544 38329
29389 38336
8057 38320
11856 38335
14186 38317
19896 38340
18010 38303
16347 38330
4095 38332
13636 38317
4435 38300
7140 38319
31210 38318
772 38324
20354 38321
31614 38333
28636 38320
18477 38330
25802 38339
29346 38314
16010 38293
6168 38342
26706 38333
682 38333
11052 38312
25284 38330
21252 38312
15576 38338
10751 38308
24402 38321
15887 38300
29901 38332
9413 38315
1671 38321
12646 38321
786 38296
20800 38312
7501 38338
574 38339
6035 38306
6075 38300
20274 38298
16788 38325
7199 38297
2433 38317
22760 38309
15013 38309
9961 38308
26467 38341
17091 38316
372 38335
32010 38325
14390 38331
11070 38322
4423 38317
9469 38339
28499 38293
8566 38310
31530 38331
2337 38310
8982 38303
4014 38297
9323 38304
10811 38326
21343 38313
13769 38316
5404 38337
25073 38337
16404 38313
13267 38317
22165 38333
13648 38307
20381 38328
9337 38298
25071 38316
14150 38340
1382 38296
18316 38338
7818 38324
31529 38310
2145 38303
15489 38305
28808 38321
5935 38334
14721 38324
19700 38340
22351 38336
14067 38338
23104 38321
18209 38340
7179 38316
15863 38342
17178 38297
26730 38296
4137 38335
31260 38300
10768 38312
22484 38306
23517 38315
26156 38309
31014 38330
12425 38333
23710 38315
31824 38310
13541 38313
7255 38294
5029 38302
6298 38317
29402 38342
32304 38331
9329 38297
27517 38295
24597 38299
11432 38322
25414 38334
31823 38337
22443 38337
15482 38307
29609 38314
15310 38327
2356 38329
23300 38327
30437 38315
9881 38307
12109 38335
14534 38328
19082 38315
30642 38304
22039 38325
999 38322
22249 38297
27394 38317
29359 38327
28057 38325
4053 38306
1236 38333
24078 38317
14324 38336
11098 38306
5916 38337
27668 38338
13723 38341
11045 38299
15295 38304
19063 38310
19182 38310
10157 38311
26610 38317
30993 38323
24469 38296
30413 38324
22894 38339
9311 38338
3322 38329
20039 38296
19695 38293
4098 38320
23756 38300
30268 38315
17589 38303
4418 38312
6014 38331
2998 38293
24326 38314
6534 38336
8902 38327
21278 38303
15529 38318
20701 38293
28702 38328
6854 38323
30572 38319
16505 38312
31559 38336
11617 38311
10400 38310
3374 38326
22721 38320
21638 38300
32664 38328
16887 38300
21587 38305
27441 38313
26670 38322
10866 38310
8073 38304
65 38331
16702 38299
15711 38298
4145 38295
2299 38295
9001 38313
5925 38294
28382 38342
9093 38293
13907 38294
1101 38332
21861 38339
26988 38330
6564 38329
7173 38318
7523 38301
21023 38319
22795 38338
27294 38338
24245 38328
9586 38319
29687 38339
11278 38326
32253 38316
32283 38333
29660 38304
5742 38321
19236 38303
23608 38295
4788 38298
13437 38300
12243 38293
18376 38336
29052 38312
20508 38304
28152 38305
813 38294
24243 38304
27856 38335
28232 38295
19889 38318
11486 38314
21060 38321
7863 38313
13822 38326
6406 38312
9924 38304
24833 38295
31908 38323
16696 38315
6595 38332
2341 38298
1686 38328
11012 38320
7765 38336
27621 38334
24493 38334
23039 38306
13750 38315
32071 38332
19748 38335
30273 38321
18881 38307
32534 38341
28699 38334
744 38295
6009 38316
16226 38334
30740 38339
9363 38342
10628 38316
26364 38314
25977 38305
30695 38312
25259 38294
22523 38332
23572 38333
30734 38297
6236 38298
7226 38316
1429 38299
30003 38317
15656 38330
25559 38326
1039 38325
6919 38310
6981 38295
5046 38296
29819 38301
1855 38334
7949 38296
25596 38301
308 38337
28692 38298
12669 38306
3732 38314
1146 38315
23234 38338
8887 38294
3502 38307
15087 38311
25097 38296
9344 38303
27194 38329
1565 38304
3247 38312
21699 38338
6769 38332
16110 38327
13308 38332
22540 38293
28749 38309
6194 38299
31292 38296
1038 38335
6156 38326
4381 38331
20801 38315
6685 38331
9905 38302
30662 38309
4318 38336
4533 38312
14467 38337
31657 38332
7533 38296
29425 38313
8076 38330
20517 38336
7754 38337
16661 38296
8731 38308
24319 38304
17494 38299
29957 38296
18755 38319
2781 38303
8309 38336
1995 38325
16218 38330
460 38318
2576 38307
3348 38317
15994 38293
8123 38302
5524 38339
23988 38314
3843 38294
24830 38337
6897 38329
21022 38299
5655 38308
25804 38337
19483 38342
3309 38310
29725 38330
32705 38304
23437 38303
21854 38300
13119 38301
24157 38321
12993 38319
467 38301
1516 38313
14211 38301
14521 38315
29265 38312
5462 38294
3834 38321
10361 38341
6915 38329
24565 38342
2031 38297
30603 38322
7861 38319
10242 38312
18289 38341
19577 38297
31066 38333
29181 38294
26356 38294
1367 38327
14983 38307
4903 38297
30415 38296
20023 38300
20469 38305
20489 38308
4286 38303
18354 38342
24579 38338
2795 38314
31329 38293
15718 38311
13361 38333
606 38307
22458 38294
27762 38328
13222 38332
8115 38317
28083 38294
23036 38315
28075 38304
21890 38322
29846 38323
14763 38322
13358 38339
3620 38304
31379 38331
25646 38338
17984 38314
10808 38306
22078 38325
23987 38316
2711 38297
3874 38309
10510 38296
27760 38310
23053 38325
17799 38298
29151 38332
16158 38331
23071 38330
10194 38330
12145 38325
9081 38339
26480 38337
8371 38315
4839 38317
19649 38306
4163 38340
31131 38297
16968 38307
10812 38316
7940 38307
14657 38302
11009 38304
19890 38320
13503 38327
4640 38328
25697 38335
25072 38332
29607 38306
24822 38327
8732 38334
12614 38338
14737 38311
15174 38311
14025 38331
15368 38317
27254 38337
3543 38323
9828 38340
24336 38326
19189 38328
19252 38318
18637 38306
2618 38299
27342 38321
10794 38339
31815 38313
1767 38316
8040 38318
29772 38314
26618 38313
20091 38333
3661 38327
25714 38300
20081 38301
28896 38310
18344 38342
5430 38307
28700 38322
2816 38329
28878 38312
32630 38304
32207 38309
19790 38301
32434 38337
2261 38341
6977 38329
4670 38319
111 38303
8762 38295
29070 38293
1225 38315
31170 38322
30287 38324
20918 38295
22250 38314
19853 38331
10243 38337
26396 38315
2083 38307
14422 38316
8456 38328
31239 38332
15353 38305
23238 38335
28758 38318
16932 38303
8307 38306
21546 38315
14502 38299
18691 38303
25759 38300
27893 38298
12024 38315
23702 38305
16141 38298
20796 38301
10510 38317
4533 38335
1107 38299
23352 38337
15343 38338
22172 38327
19847 38300
28104 38329
27237 38332
5483 38297
11976 38333
24301 38341
25470 38313
26277 38316
32181 38327
29260 38316
20751 38302
21425 38314
10228 38338
25519 38337
13868 38307
10588 38338
6573 38303
388 38305
23985 38310
23126 38328
13324 38312
22364 38300
22717 38326
29105 38326
21443 38336
26734 38296
3378 38328
5477 38308
26501 38322
31250 38338
21558 38329
6350 38341
5772 38321
28230 38305
10421 38307
7980 38320
30484 38328
11820 38311
26076 38321
20002 38330
21726 38313
9354 38302
5535 38313
4151 38298
1966 38322
18505 38323
20276 38299
26457 38314
22989 38313
14070 38310
9622 38299
20309 38296
32392 38335
24388 38321
9732 38316
12384 38311
6318 38307
15240 38310
26239 38309
24977 38328
20758 38316
7227 38337
9295 38327
15204 38302
32023 38313
636 38337
29311 38299
14905 38303
21775 38295
2700 38303
30812 38317
12499 38337
15068 38330
26192 38338
16378 38305
2778 38319
4198 38314
26578 38332
5295 38297
8025 38323
7699 38333
7104 38322
29078 38339
4928 38337
2385 38320
29676 38328
13 38299
19427 38331
23312 38301
458 38302
9783 38313
29050 38320
5701 38297
16629 38329
9595 38326
415 38294
24169 38296
29099 38294
18691 38339
29139 38303
11767 38311
844 38324
9278 38324
25081 38333
7409 38310
3807 38327
24927 38324
24281 38311
14172 38335
24972 38302
8156 38335
13470 38324
25536 38342
5923 38339
25327 38320
20824 38301
22953 38303
17556 38337
4120 38306
14203 38324
10280 38329
12917 38331
32153 38342
95 38330
19539 38298
10112 38311
4345 38300
28350 38317
22464 38328
17169 38312
28034 38325
4409 38294
9998 38303
26540 38320
12995 38296
29907 38331
10333 38337
13685 38314
19214 38315
26484 38328
12753 38309
5303 38306
18939 38331
19047 38308
26642 38318
20574 38340
23267 38299
29916 38337
13519 38318
16508 38320
16230 38332
9831 38326
19767 38298
1224 38319
24037 38300
2432 38334
18558 38297
20250 38300
24585 38326
17921 38324
18014 38326
15856 38297
24891 38307
9131 38298
9619 38297
18157 38332
11561 38321
15521 38294
19038 38330
12628 38301
3655 38305
16363 38323
29955 38327
8337 38299
11340 38335
17396 38320
10315 38323
11953 38318
31409 38318
10508 38308
8195 38303
5861 38326
14133 38307
3048 38312
22395 38300
28675 38308
30812 38307
18461 38330
8200 38328
30469 38323
19435 38313
2728 38296
18306 38297
27016 38318
25966 38335
29801 38340
20167 38339
28749 38336
23730 38322
19619 38302
12342 38317
6588 38321
31819 38306
17278 38299
13876 38325
25692 38321
8207 38315
17542 38332
25003 38322
22876 38319
9113 38317
22825 38330
24710 38324
14094 38308
24776 38313
6972 38317
5174 38325
11110 38324
15933 38300
14199 38340
10288 38339
7808 38332
19936 38319
32756 38317
14445 38293
3351 38294
31579 38323
3764 38308
2024 38320
29454 38310
19101 38336
30746 38301
18212 38336
17899 38338
9817 38296
3438 38340
27299 38295
32599 38342
16005 38323
12123 38304
4464 38326
14240 38306
30428 38335
12402 38317
31639 38335
20535 38332
25948 38313
18341 38329
4263 38334
11826 38306
24776 38298
4812 38328
30262 38342
1227 38320
7975 38340
10532 38305
13917 38319
12255 38315
25667 38337
15819 38329
30264 38334
7792 38332
16427 38303
21061 38304
15464 38303
19747 38336
23985 38302
30970 38332
18321 38310
20675 38339
24813 38342
10165 38313
29916 38313
28860 38323
21945 38333
6695 38304
13942 38303
20896 38334
11826 38319
17506 38338
6670 38316
12198 38329
20797 38337
21854 38321
24411 38319
10534 38319
14592 38299
18808 38295
7828 38329
6431 38315
8549 38310
3310 38322
32502 38328
433 38308
18075 38294
11876 38306
32066 38316
1699 38316
13204 38337
8546 38296
16957 38325
30686 38312
8327 38322
4307 38299
2350 38313
27632 38316
24944 38313
16776 38336
5731 38298
27274 38317
25739 38296
1203 38297
15788 38331
9986 38336
16605 38338
14957 38331
30942 38319
21675 38341
25648 38318
3665 38293
20503 38299
29697 38306
18269 38312
18275 38309
27667 38318
10028 38297
8119 38305
14067 38293
2475 38325
31041 38295
25062 38299
4071 38330
21482 38304
22164 38334
3574 38323
2982 38323
20604 38312
31553 38337
4565 38311
24734 38339
2612 38330
29094 38323
15321 38294
18624 38319
19335 38315
8423 38335
15671 38301
6143 38322
26894 38309
27497 38306
15501 38326
25301 38335
7176 38304
23895 38342
30809 38340
13502 38337
27861 38319
27425 38302
31103 38298
22202 38333
11644 38331
16375 38304
21959 38329
9679 38331
1062 38336
7251 38326
605 38323
31109 38303
1441 38310
17516 38326
13903 38298
6760 38308
24542 38293
32452 38331
23827 38333
18570 38323
5235 38342
8859 38300
6398 38323
20990 38311
17178 38326
13945 38304
21966 38319
14686 38321
1072 38316
7848 38299
27425 38329
27718 38342
21303 38339
23479 38312
20219 38295
2519 38302
2389 38314
22777 38309
22596 38336
14645 38302
26578 38313
19204 38334
4424 38297
4106 38334
12958 38301
7730 38305
6709 38307
2304 38329
23241 38306
29987 38317
7073 38322
2634 38318
14600 38324
14137 38319
18689 38313
31772 38315
22583 38328
12059 38330
29491 38332
28462 38341
20433 38305
14643 38293
10997 38301
21310 38299
11898 38304
560 38302
29547 38312
15755 38337
29814 38293
21892 38304
1181 38309
16218 38331
7727 38310
31719 38308
7671 38299
19573 38311
16051 38315
10706 38298
26824 38340
12711 38300
10803 38322
32261 38310
27331 38329
6977 38328
12421 38303
4098 38310
2176 38329
11160 38316
26531 38328
3727 38307
6140 38332
8580 38316
1579 38294
28216 38324
789 38299
3811 38301
19933 38325
10187 38325
31248 38311
7956 38316
1567 38333
1754 38317
13843 38333
28029 38308
1660 38312
2108 38316
19370 38323
27654 38313
20768 38298
18572 38295
3398 38294
22939 38341
15710 38326
681 38293
32185 38342
18606 38312
12843 38338
7733 38329
21180 38297
13746 38312
28832 38306
19990 38329
1898 38317
11681 38316
28284 38333
16119 38323
32450 38326
1143 38294
16544 38295
21960 38318
13864 38336
7092 38309
5521 38334
32314 38312
2020 38342
14558 38322
16377 38312
2372 38342
32162 38329
27645 38303
20774 38312
7073 38304
13041 38302
1566 38320
17289 38334
11343 38308
18372 38334
8145 38310
13625 38333
4882 38309
25332 38331
12202 38300
12910 38294
9967 38338
17596 38305
12483 38295
4102 38328
27825 38338
26939 38342
22841 38336
22019 38338
21863 38306
15093 38337
24747 38300
14859 38326
3300 38313
21842 38322
22206 38297
10726 38312
22590 38305
22302 38340
2459 38294
26116 38318
1104 38315
17672 38310
31855 38308
11253 38332
25656 38339
31779 38342
28138 38300
28911 38298
24537 38340
13416 38340
28353 38312
4698 38329
4914 38299
2092 38324
12808 38299
30885 38337
19904 38301
29289 38338
7494 38317
12265 38324
23478 38341
23351 38319
19149 38296
17433 38318
14749 38312
15452 38305
25476 38320
3690 38337
15198 38332
16927 38331
30458 38295
9177 38302
28363 38302
16846 38303
9696 38305
21411 38315
3606 38320
16442 38337
23693 38325
13771 38338
600 38318
2102 38297
7545 38320
18839 38325
30220 38298
20763 38324
23490 38330
9235 38302
30609 38296
30023 38329
26026 38323
11917 38332
11180 38328
14490 38302
24343 38323
29975 38338
4099 38328
7928 38303
19474 38325
1289 38341
19875 38316
21193 38308
11080 38339
23420 38338
7035 38325
7036 38327
8332 38306
25552 38332
12510 38324
25599 38316
12115 38320
1574 38326
18437 38293
20809 38318
1335 38319
17895 38320
12427 38318
26833 38333
21621 38329
28732 38329
29167 38297
18196 38333
15982 38318
23187 38313
32277 38312
26131 38298
20009 38325
12576 38316
29638 38307
29650 38312
720 38297
21849 38333
28971 38330
14554 38307
27183 38327
19578 38331
30294 38312
3768 38315
19256 38333
15871 38339
22458 38309
26235 38341
24706 38309
557 38305
16558 38310
24378 38322
8901 38334
16521 38306
17901 38309
27788 38338
9055 38331
7774 38302
2073 38312
3343 38312
30418 38308
32060 38293
26163 38306
4322 38323
12100 38318
18803 38330
16421 38336
28714 38324
26366 38295
22684 38299
18744 38304
12689 38305
23278 38321
22545 38305
27294 38309
24770 38334
5413 38308
19313 38313
13802 38293
5358 38308
10073 38331
6941 38329
26515 38296
1866 38326
30051 38329
12989 38310
31093 38342
14734 38325
4034 38339
12219 38304
17743 38317
11384 38327
7703 38323
8134 38324
14149 38305
9799 38328
22951 38335
20305 38310
4192 38315
2369 38293
6109 38324
10258 38339
14602 38328
14894 38332
25797 38335
8067 38319
9107 38332
5850 38322
11665 38312
13668 38320
16046 38301
31894 38322
31512 38296
567 38319
30708 38327
24248 38293
15442 38332
21955 38323
20064 38330
27926 38300
8413 38323
26002 38317
29905 38298
19087 38321
892 38306
2931 38297
1164 38339
21379 38296
25747 38341
5113 38317
16311 38314
29782 38294
29868 38320
7417 38303
25567 38310
4081 38335
12020 38296
1040 38310
3187 38333
30272 38312
958 38334
25882 38306
9543 38336
27317 38310
4863 38327
10428 38342
27922 38318
15044 38304
30417 38327
8924 38339
2031 38325
25701 38333
7665 38305
16676 38340
8672 38315
19605 38336
13889 38332
18818 38317
8519 38305
1493 38327
10054 38336
10411 38312
26987 38306
9897 38316
7339 38325
20627 38311
11513 38310
12314 38325
8380 38299
9974 38304
20608 38338
1077 38323
18155 38304
979 38302
23795 38336
27786 38312
26191 38315
16363 38317
555 38326
12462 38307
25632 38293
21319 38318
10595 38327
15546 38294
3645 38338
943 38304
6075 38305
22473 38334
1446 38311
9012 38320
8373 38331
27261 38337
14594 38336
24231 38337
26811 38338
21883 38329
28442 38294
7199 38296
14231 38319
22506 38330
24924 38307
26999 38307
23289 38315
1528 38341
26201 38294
31437 38302
6388 38323
20310 38338
11335 38336
14597 38319
12929 38329
5559 38334
896 38312
24644 38301
30203 38321
21332 38323
14593 38306
11893 38325
24994 38326
20843 38294
236 38338
8647 38331
22041 38333
28348 38308
28934 38324
18221 38308
22759 38331
30218 38309
2874 38331
6365 38308
26361 38313
1184 38298
22548 38332
27858 38296
22302 38313
202 38300
4422 38321
29514 38307
19594 38300
8279 38311
23591 38328
17736 38329
14676 38339
32542 38316
5167 38328
787 38315
28920 38306
17782 38337
9597 38318
693 38335
19157 38303
24252 38323
30545 38304
3709 38302
21680 38304
16336 38293
26258 38333
13182 38318
5424 38322
15768 38313
20553 38310
8206 38318
24160 38303
29564 38340
11300 38334
4679 38308
12336 38312
14825 38304
14068 38337
22153 38310
10995 38324
11471 38308
11568 38335
22006 38335
4578 38316
16931 38333
5487 38310
13557 38318
23960 38334
28765 38310
6897 38339
432 38300
24213 38325
25850 38331
30743 38303
29334 38341
28604 38327
19195 38341
28903 38295
13529 38327
14548 38330
8549 38294
23945 38337
19184 38338
266 38327
8639 38303
17613 38325
31511 38301
4461 38294
13975 38338
1698 38325
19915 38310
10097 38297
509 38301
5792 38314
7246 38342
30573 38305
29702 38318
18048 38301
12073 38320
16157 38337
29003 38328
8350 38309
27812 38303
26657 38298
2407 38298
21118 38327
5968 38301
14972 38295
15740 38300
10052 38309
7294 38298
7957 38324
22191 38326
4666 38300
29381 38308
29241 38297
19624 38315
18766 38320
2177 38299
26135 38308
15379 38337
28561 38322
16974 38336
30019 38341
27937 38318
20409 38322
2449 38300
25908 38333
27144 38300
9888 38333
27375 38316
22726 38318
9598 38312
32195 38298
17619 38341
29369 38294
12610 38317
5572 38338
1517 38339
2096 38322
1172 38339
24809 38309
31662 38308
25394 38340
21176 38300
3482 38339
12493 38310
5420 38321
29047 38338
8423 38312
23493 38311
22894 38303
20381 38335
8448 38296
23892 38303
1961 38312
31612 38332
20410 38302
20221 38316
5752 38312
14696 38311
29969 38304
8583 38311
11732 38308
10809 38333
14752 38325
19324 38333
18845 38324
460 38313
4395 38311
1964 38326
27672 38338
19842 38341
13590 38327
9127 38319
24684 38330
19135 38320
12011 38325
24134 38294
3364 38339
19820 38337
29400 38329
22051 38310
22192 38309
13942 38337
2606 38313
2076 38340
4580 38297
31309 38320
19940 38342
24020 38338
1655 38335
14182 38317
12562 38311
19506 38317
389 38341
23737 38311
7030 38295
480 38339
30734 38340
24643 38332
21490 38307
9677 38331
14709 38339
1414 38320
31500 38330
9643 38309
12802 38313
13316 38310
5484 38332
5234 38312
15712 38297
24008 38305
9826 38302
6363 38318
2335 38308
30173 38326
23134 38310
27622 38293
1843 38301
30420 38322
16757 38336
26453 38306
28787 38312
31042 38314
6627 38319
9263 38326
22299 38303
23104 38301
10884 38326
10558 38297
18763 38318
29161 38332
11609 38318
10640 38315
902 38306
23008 38328
18953 38299
21242 38323
13107 38326
17352 38293
8286 38297
11408 38315
18720 38318
24521 38338
25284 38339
1326 38295
23546 38317
21266 38320
205 38338
29171 38310
6870 38297
15953 38312
25007 38323
23744 38323
20395 38323
21565 38301
11972 38306
8894 38315
29141 38293
13 38339
11786 38324
17109 38336
18580 38298
7165 38342
11425 38321
7222 38295
7563 38316
14288 38316
31055 38318
15570 38306
32578 38337
28489 38342
28415 38311
16352 38321
5028 38310
20657 38316
3902 38340
15451 38296
31361 38299
21333 38339
11453 38297
17282 38338
16397 38335
24069 38318
9682 38295
28502 38324
24415 38294
23957 38341
12022 38339
287 38293
21748 38328
27488 38331
11592 38326
4072 38306
16681 38320
960 38305
8457 38325
18174 38295
6852 38317
19607 38298
8222 38337
13429 38302
29036 38316
27593 38330
24721 38328
10147 38297
16428 38334
28096 38335
21264 38297
8098 38330
20469 38320
15334 38319
19821 38307
18899 38323
10777 38339
9007 38328
17692 38293
4182 38330
6864 38319
27277 38319
6584 38312
14483 38318
17334 38342
31097 38314
28542 38333
4532 38338
15947 38340
3697 38299
6609 38342
13096 38302
20082 38305
1396 38326
5556 38337
19234 38321
9459 38332
11911 38310
5203 38304
32023 38327
12793 38315
13364 38340
5499 38306
20548 38319
1940 38294
4614 38295
4637 38319
11814 38296
19512 38332
6927 38336
14031 38325
28928 38293
15677 38326
4194 38311
11850 38293
601 38332
16733 38303
18329 38325
31725 38317
2427 38298
2873 38331
26169 38296
10740 38306
19412 38311
4007 38334
29011 38303
21017 38294
29974 38304
27844 38327
27013 38312
6526 38329
3146 38309
24911 38312
32190 38329
12160 38306
3232 38338
6900 38302
27149 38302
22972 38320
22956 38332
4837 38316
12842 38315
660 38299
16870 38310
9302 38335
27629 38309
22449 38330
4392 38310
13055 38301
6612 38298
30844 38337
13107 38301
24989 38333
5505 38331
13475 38295
26154 38312
22641 38302
2618 38315
23194 38330
32021 38318
7103 38332
32616 38325
5656 38321
12895 38296
29264 38328
29465 38295
24214 38311
2649 38315
23537 38324
1150 38306
30163 38325
17845 38296
6130 38327
11885 38305
30291 38318
25611 38297
15271 38304
4575 38327
29147 38321
13911 38298
22763 38314
20595 38331
8183 38302
377 38339
13464 38295
30442 38308
7284 38324
12468 38306
3344 38298
30633 38341
13798 38309
6192 38326
28856 38319
13627 38297
19491 38321
18297 38314
9335 38300
7372 38332
16070 38296
27645 38341
6715 38316
20655 38315
27565 38307
17297 38295
30580 38310
25304 38333
15740 38337
7917 38315
8034 38342
18968 38313
29739 38333
5789 38316
26379 38316
300 38324
332 38320
16258 38296
6579 38302
27303 38330
32435 38340
6854 38307
4321 38330
30012 38341
25000 38315
24815 38341
10814 38334
21729 38295
11990 38308
29957 38342
25112 38334
29009 38332
23758 38299
23316 38310
32224 38334
25738 38315
18050 38299
16045 38323
18092 38311
2383 38293
11722 38309
2406 38336
21430 38320
6567 38316
19939 38333
2390 38297
25819 38328
23900 38304
32235 38332
10138 38294
19740 38323
26749 38321
25446 38324
11986 38327
27937 38299
27100 38321
13500 38322
8612 38304
15793 38308
2449 38330
3000 38301
8504 38317
27196 38316
22389 38294
18443 38317
25531 38294
31569 38328
18856 38311
455 38312
15069 38308
4392 38328
19212 38322
3045 38306
10834 38329
11801 38339
22984 38339
1727 38315
3669 38310
4387 38334
13766 38307
662 38315
21024 38318
8294 38316
7988 38318
12813 38306
13941 38309
25513 38329
9479 38312
11436 38329
10264 38316
3797 38326
883 38340
16735 38305
9810 38302
7288 38339
4724 38320
22772 38297
14704 38320
30787 38333
17481 38342
26784 38309
31042 38324
14732 38308
13300 38309
29819 38300
9117 38309
28109 38315
17339 38309
8703 38296
17114 38308
29475 38303
19370 38297
23181 38312
25684 38328
25296 38322
22542 38341
32233 38334
24302 38335
3001 38303
30715 38322
9401 38324
10634 38334
31977 38327
7112 38296
29449 38309
16787 38327
8204 38295
910 38304
31434 38318
8564 38322
25589 38333
15788 38305
11854 38325
18206 38294
30488 38310
13638 38324
25293 38302
19078 38306
4625 38313
20673 38334
25316 38310
1061 38329
21019 38342
8264 38327
4369 38325
17271 38301
9114 38335
7243 38330
6712 38302
5500 38339
15506 38338
29690 38315
14369 38294
6970 38329
10029 38332
27598 38296
1016 38324
28729 38338
23609 38301
19457 38335
22731 38331
8454 38318
28071 38315
24337 38313
17936 38298
12720 38312
16653 38325
66 38339
4636 38323
13390 38321
23077 38294
14873 38324
19629 38339
28535 38296
13644 38304
29921 38342
29025 38298
5320 38314
12804 38297
13609 38306
6716 38306
1890 38323
3442 38333
27204 38318
16934 38307
12905 38339
27873 38297
19655 38294
5995 38324
28550 38298
30781 38315
19727 38338
24121 38332
32102 38329
1177 38312
4537 38313
25382 38300
1593 38335
20138 38325
1576 38340
32167 38341
13875 38314
17737 38340
30979 38338
8858 38304
25103 38327
25589 38324
19124 38308
1725 38303
15751 38311
7502 38302
11242 38326
20788 38295
8669 38299
21916 38304
27671 38293
24071 38316
25686 38340
27974 38312
22515 38340
4258 38335
15545 38301
23387 38333
10231 38302
13908 38305
15316 38339
22540 38342
32483 38302
30928 38302
20983 38337
5935 38320
30777 38309
24751 38300
25975 38319
4798 38299
18111 38303
26603 38318
31021 38310
25942 38340
25345 38325
7269 38330
25332 38316
13497 38329
18893 38293
21089 38295
4655 38321
11341 38302
19125 38319
26373 38306
26177 38321
1947 38316
26256 38334
4829 38299
5394 38312
11472 38319
15865 38318
19546 38298
8592 38317
22335 38307
4047 38295
14927 38342
25132 38294
20957 38318
18355 38338
13938 38342
5977 38302
16835 38336
7310 38327
24545 38301
4625 38300
176 38306
16136 38342
15770 38303
27216 38328
1924 38317
6162 38312
28929 38338
17815 38320
26822 38323
5981 38339
30815 38329
11626 38321
23328 38329
4576 38328
349 38325
30162 38324
21470 38333
12374 38311
19341 38323
13275 38313
12658 38326
28093 38302
6881 38293
17431 38299
30194 38326
9689 38310
14898 38298
24858 38307
4504 38312
13231 38302
3515 38317
18940 38334
15681 38325
8202 38307
13723 38327
30938 38320
25840 38312
24569 38340
16470 38337
26965 38298
8776 38301
9039 38330
27989 38307
28433 38328
18197 38310
13090 38305
32609 38304
7223 38301
30659 38337
24653 38302
7980 38316
14324 38333
21989 38332
494 38339
19912 38306
17656 38341
15024 38301
1000 38297
26414 38327
6136 38302
382 38327
1378 38323
13497 38337
32301 38299
25163 38318
1862 38302
4008 38328
23611 38323
10947 38298
5023 38305
27305 38320
12306 38305
32715 38307
24871 38307
8311 38301
27323 38296
25494 38333
28713 38330
1411 38305
32706 38310
28446 38319
29303 38322
13084 38293
29657 38329
30113 38303
17988 38338
29200 38330
5974 38336
4898 38315
30886 38323
20789 38300
20659 38326
19175 38331
22555 38310
19428 38317
30478 38319
13820 38295
5889 38327
121 38340
15527 38308
16815 38324
32285 38336
30420 38319
10597 38314
32274 38295
12053 38332
30427 38294
9552 38309
31869 38315
30454 38296
28406 38333
4888 38330
15881 38299
12463 38307
27281 38295
31373 38315
12822 38322
14227 38294
6302 38306
17189 38337
17605 38305
27099 38315
25104 38331
32377 38325
32127 38302
15138 38302
4193 38340
17096 38336
11628 38332
22247 38299
1037 38322
5491 38313
11773 38341
21263 38313
31509 38313
25983 38296
12131 38341
29280 38334
26493 38313
5654 38305
5909 38299
30471 38341
21966 38328
6407 38327
28238 38318
1298 38303
25493 38325
6465 38295
24717 38295
5367 38293
17890 38312
13659 38312
18963 38318
30220 38295
24522 38296
18960 38320
22121 38296
24845 38314
26853 38340
19643 38336
11991 38297
6809 38332
9168 38294
13791 38298
14573 38303
9652 38296
9388 38300
31650 38317
25854 38337
1607 38317
10142 38317
7245 38307
3232 38321
5020 38307
30541 38322
14541 38294
24878 38332
23266 38309
25447 38336
16181 38302
27207 38335
4527 38294
18204 38323
9530 38336
5196 38322
6265 38293
8097 38306
12982 38342
20197 38322
3356 38314
12975 38338
23590 38325
15228 38337
27991 38334
17665 38314
11564 38319
27584 38298
18767 38333
24794 38298
17165 38342
12324 38331
1546 38316
11388 38293
22323 38319
30302 38317
12277 38306
20658 38309
22956 38296
14312 38332
23903 38306
28487 38294
7082 38322
30850 38304
8443 38329
10637 38313
2562 38333
21678 38324
3170 38303
14039 38311
30637 38340
8243 38307
17039 38318
2815 38305
30793 38304
5275 38320
6753 38330
3297 38328
19096 38324
4021 38299
20765 38321
23773 38324
21248 38322
25108 38298
19689 38334
11097 38314
9738 38333
11661 38333
28498 38294
7997 38336
8932 38325
21437 38309
30663 38342
19574 38321
7647 38321
29824 38334
30236 38308
14964 38308
6897 38312
31867 38323
19720 38333
31403 38341
6196 38308
17300 38341
17575 38309
20245 38311
26725 38296
15221 38327
11512 38340
24750 38313
7525 38320
11788 38311
4192 38321
1527 38327
700 38321
3085 38335
30245 38305
6517 38319
10257 38337
19311 38325
13556 38298
24623 38313
31667 38312
21995 38321
21852 38299
51 38316
29972 38336
1921 38320
1105 38332
1809 38315
20297 38295
15602 38325
5546 38297
94 38329
21387 38314
29255 38302
5794 38324
7218 38311
13240 38301
29000 38307
28763 38340
26026 38296
29907 38299
4102 38338
6743 38330
2408 38341
27008 38341
32594 38302
23805 38333
11278 38317
15497 38301
10563 38308
9242 38327
20679 38306
2907 38301
8116 38306
24925 38294
20414 38300
4233 38318
6851 38310
32474 38341
23716 38327
24137 38342
1876 38298
24968 38304
7470 38303
10482 38336
9612 38299
31683 38327
20373 38341
8580 38293
14166 38308
28618 38320
277 38335
24608 38342
16097 38337
16962 38294
21614 38299
24204 38329
19744 38311
7345 38321
22630 38295
688 38333
24649 38300
8196 38321
28229 38309
14619 38320
21079 38323
18186 38322
16471 38307
8063 38317
22408 38319
22775 38306
18542 38318
16177 38327
3295 38312
27618 38298
26205 38315
22442 38338
5795 38341
30535 38320
1662 38339
14601 38323
20190 38330
30341 38334
22573 38326
11918 38303
991 38328
7009 38293
5195 38334
31008 38336
18105 38323
4226 38322
21436 38293
22984 38304
18882 38304
19443 38309
30185 38334
11316 38301
20244 38295
29092 38317
5951 38306
4405 38303
9999 38308
17896 38298
6061 38296
10561 38306
16085 38304
12281 38325
12586 38327
24306 38318
16077 38304
19568 38336
7725 38310
16773 38296
14625 38321
4045 38342
20532 38296
28508 38296
26687 38301
30965 38341
13886 38296
4220 38294
32092 38316
21422 38320
4944 38318
24848 38338
32492 38300
2853 38330
25843 38327
19428 38318
14124 38298
3177 38293
22964 38316
5355 38327
12952 38340
14574 38337
22435 38304
5050 38305
20085 38293
26891 38294
4821 38319
32266 38323
22345 38298
32380 38294
13283 38309
16954 38316
14173 38332
1761 38299
3689 38322
29130 38331
13634 38327
28221 38315
26503 38301
15329 38319
16969 38303
16759 38301
19555 38308
30664 38322
22793 38310
220 38294
30884 38333
16237 38319
27613 38302
667 38299
19704 38305
6626 38340
25444 38298
25928 38313
21904 38299
13787 38299
11520 38333
4698 38318
24735 38309
13363 38317
22871 38332
20653 38340
9439 38337
615 38317
19156 38342
26369 38295
30732 38312
17689 38332
29735 38295
20089 38314
5478 38299
21134 38312
9921 38293
29981 38336
29747 38303
15665 38297
29017 38316
4184 38309
11835 38301
28174 38315
3690 38302
32634 38316
30283 38293
20312 38328
25266 38311
15927 38297
7858 38323
1764 38326
2996 38327
26406 38323
12231 38342
16555 38330
32311 38315
17987 38330
3681 38316
2380 38340
13509 38320
31597 38337
12893 38330
14472 38311
28206 38326
11497 38300
27932 38325
27588 38320
31746 38298
18910 38310
16386 38328
4234 38317
8474 38336
23767 38318
17144 38339
32520 38334
16 38303
28228 38310
6891 38330
9359 38307
6594 38308
30457 38342
75 38334
15893 38299
23507 38309
25261 38320
21901 38316
8884 38295
16170 38323
8828 38311
19881 38334
7722 38318
30321 38312
20326 38332
8861 38317
23383 38325
11415 38325
23758 38301
23528 38328
24257 38311
21326 38314
23292 38325
9487 38336
4371 38338
398 38322
18843 38295
13340 38329
22937 38306
25104 38295
31291 38296
16410 38319
18630 38332
12756 38303
720 38304
1946 38307
21167 38337
20124 38319
16433 38320
26417 38332
6542 38341
21871 38298
26778 38334
32760 38295
18495 38341
20758 38302
11819 38336
28171 38318
31942 38320
30882 38299
29031 38334
3850 38325
17095 38333
32228 38336
950 38317
22683 38319
7692 38333
27636 38339
31203 38302
16102 38334
9475 38342
5547 38303
3742 38320
11031 38313
11070 38300
5161 38326
5371 38337
480 38317
31729 38334
21839 38342
31473 38301
14836 38301
9335 38332
14918 38317
23516 38317
653 38320
20173 38311
17910 38305
8956 38307
31207 38309
11285 38323
23440 38301
15860 38340
29635 38296
28437 38319
3333 38323
24396 38339
20453 38331
22198 38307
31116 38341
20719 38311
24726 38330
18565 38321
15392 38333
22189 38316
24866 38296
31541 38333
27136 38342
8378 38330
31835 38306
12571 38314
8493 38313
20013 38307
25365 38305
689 38316
9967 38307
32643 38326
29352 38312
14612 38315
5712 38303
31001 38334
27505 38318
14469 38306
7840 38337
21941 38303
14161 38313
31467 38320
20976 38337
18686 38293
16429 38297
6736 38300
919 38295
29183 38316
22124 38332
27488 38339
13999 38311
15785 38317
10108 38305
10221 38297
7321 38329
22862 38303
17485 38332
10606 38317
9077 38321
13606 38298
14292 38324
13179 38340
5291 38308
5837 38312
11657 38309
20050 38339
17253 38295
15299 38305
10218 38322
12629 38333
19218 38312
3051 38334
18166 38321
15754 38300
24037 38324
23565 38316
7859 38338
2074 38332
9043 38317
16468 38309
7592 38301
29906 38323
9881 38326
28369 38302
868 38322
24741 38311
21812 38318
12790 38328
26357 38320
23592 38304
3431 38300
27419 38319
19825 38327
30229 38333
15545 38330
9468 38294
20593 38333
5577 38339
3700 38330
13881 38332
21649 38298
26053 38314
10790 38298
29653 38329
20465 38340
20017 38294
548 38329
29624 38309
8375 38296
32596 38311
12802 38293
24365 38299
29579 38301
3101 38335
27933 38335
21861 38303
14874 38303
5278 38326
32017 38340
24050 38327
12691 38295
139 38328
20547 38304
27468 38297
31021 38306
18879 38295
6233 38318
27983 38318
14495 38337
22200 38335
30908 38324
29627 38301
22182 38304
25878 38323
17693 38333
24755 38318
16259 38303
1056 38314
20461 38329
11071 38325
15226 38308
7999 38326
18660 38323
12746 38326
21844 38326
6272 38339
11131 38312
7333 38336
20702 38332
29462 38328
15729 38325
20610 38318
12648 38299
3542 38318
7498 38335
28921 38294
20551 38314
28090 38339
24779 38295
29447 38322
851 38324
6239 38311
17280 38341
16265 38302
21353 38304
32391 38322
25910 38308
26054 38299
17131 38324
30359 38314
6273 38336
24035 38301
9275 38314
18201 38298
16695 38325
23404 38301
68 38323
16700 38295
17139 38333
12241 38316
3313 38293
27471 38333
32659 38301
15590 38311
13235 38304
15178 38294
26043 38298
30563 38321
10239 38296
24901 38295
3920 38305
31074 38321
3533 38300
8702 38307
28669 38315
9444 38327
12315 38307
16728 38318
5041 38324
22092 38316
18281 38305
31959 38325
27935 38310
9954 38338
20538 38320
5669 38334
13373 38333
16210 38316
29081 38321
28047 38331
21702 38301
14890 38326
29585 38340
11400 38328
27832 38317
5727 38339
17844 38307
37 38318
23254 38312
14793 38320
5525 38317
25504 38327
23847 38308
930 38316
30030 38320
31446 38308
16245 38311
28427 38331
4603 38322
31945 38307
6607 38339
17799 38333
31293 38330
11806 38296
7943 38314
24958 38341
29880 38317
27552 38304
31541 38316
188 38329
26261 38316
17595 38327
16946 38295
9967 38295
18944 38322
9730 38314
28190 38336
4140 38293
13483 38311
5033 38311
28123 38313
13163 38303
28234 38308
29708 38334
17296 38295
21766 38307
5909 38335
27174 38303
13095 38294
10558 38322
24137 38311
16411 38316
206 38324
1718 38295
18599 38329
25006 38325
16250 38293
10486 38342
1780 38328
26315 38316
12127 38306
746 38316
23671 38302
11775 38312
11385 38335
8544 38304
5502 38295
1787 38341
11527 38338
7566 38309
3545 38294
27926 38315
20491 38304
8073 38300
18269 38318
20935 38329
31691 38293
28878 38328
4194 38316
30510 38326
3155 38296
7870 38307
14918 38334
23180 38317
4592 38299
11546 38300
24552 38306
11975 38298
8118 38323
22667 38297
15405 38339
26343 38309
10748 38306
26908 38335
4223 38294
20636 38296
29915 38329
5310 38340
6985 38342
16053 38329
4786 38319
29123 38293
7805 38315
17322 38307
29349 38305
31076 38301
30222 38310
31763 38325
32537 38328
6715 38298
15990 38336
26927 38317
19513 38302
23241 38325
2864 38300
23390 38324
22132 38340
3057 38326
11583 38324
27815 38296
20733 38332
2939 38339
2470 38328
2867 38321
1098 38332
5779 38328
32750 38334
5072 38309
15510 38302
11336 38296
24739 38313
31855 38329
18527 38327
13 38300
29655 38328
3751 38323
1769 38302
31802 38320
3997 38332
12848 38320
1721 38342
21644 38332
16015 38332
18280 38293
13338 38307
10401 38332
30281 38321
4561 38297
6043 38332
13949 38322
24044 38303
12944 38336
9359 38319
7432 38341
9372 38315
13040 38307
6027 38320
11918 38322
26626 38307
7901 38330
25836 38311
21310 38322
10955 38332
12138 38310
14159 38341
31659 38316
23335 38329
1356 38309
32279 38317
9037 38316
26955 38334
29532 38296
3051 38330
25345 38312
28143 38340
22809 38311
17717 38313
4997 38318
24784 38308
3363 38310
24228 38314
32765 38315
24368 38340
22465 38316
11178 38306
10354 38335
593 38338
32092 38308
31999 38338
5197 38325
17917 38336
22786 38320
3868 38313
13536 38335
32513 38297
1765 38304
2241 38326
22493 38330
25006 38323
7897 38321
2416 38300
10717 38333
6231 38311
32473 38297
18415 38297
18650 38326
27093 38299
9602 38305
16586 38316
26294 38326
28678 38336
7318 38307
29902 38293
31666 38335
24137 38304
29562 38336
14224 38294
2295 38309
22532 38305
18873 38328
3556 38300
27409 38312
22303 38304
27008 38307
7270 38331
15470 38297
8838 38328
29215 38331
9717 38329
18404 38331
21674 38305
4750 38333
6706 38321
2856 38318
29185 38311
21478 38324
13318 38323
18776 38339
3970 38329
29667 38297
10265 38301
11634 38326
2346 38315
20329 38299
25436 38339
31963 38329
18553 38309
23804 38295
22912 38322
23001 38314
6901 38323
14150 38323
25468 38294
5656 38325
6310 38338
14229 38304
11787 38308
5417 38308
6809 38293
8283 38310
14379 38328
16126 38339
16733 38297
22444 38303
24991 38335
624 38295
2953 38335
12739 38306
2415 38314
26554 38302
31796 38334
19325 38340
15459 38298
13051 38326
20859 38307
29916 38328
29579 38324
5815 38293
19199 38307
11142 38328
25274 38321
30295 38305
101 38330
9540 38316
22278 38303
14500 38308
18388 38319
27267 38324
9546 38297
10832 38299
11386 38295
214 38342
10404 38321
28782 38308
29959 38309
9586 38338
20727 38310
2804 38312
14896 38312
6064 38307
16746 38333
26432 38297
3373 38335
29583 38336
32487 38325
656 38334
11836 38323
7216 38321
11933 38304
7305 38307
21276 38330
13912 38298
25726 38302
31153 38332
32146 38316
13041 38329
450 38295
13813 38301
25064 38342
27017 38324
9059 38326
10019 38337
23913 38318
17106 38327
8350 38305
20337 38327
31974 38332
29472 38330
6520 38316
24565 38326
4917 38306
17646 38325
5431 38303
19242 38294
24492 38335
29529 38326
12517 38296
26482 38322
17578 38306
5284 38336
24017 38316
8590 38300
3599 38313
5298 38338
12301 38326
16167 38333
18366 38338
16271 38301
15601 38337
12617 38330
9250 38301
23528 38339
2454 38318
30435 38334
29351 38299
21901 38335
2396 38294
3912 38335
9788 38325
30710 38320
11364 38308
31921 38334
27608 38315
14524 38307
32279 38300
22201 38308
20722 38340
4636 38293
21405 38325
27871 38296
31239 38298
28024 38319
2663 38301
30984 38319
26903 38337
7637 38301
22182 38340
25082 38341
21545 38335
27229 38321
8657 38313
3554 38337
3011 38328
10462 38328
31011 38295
17615 38308
29042 38338
26698 38299
3099 38333
9012 38302
32328 38310
11061 38317
15098 38337
7274 38329
22873 38303
12890 38332
13641 38302
3372 38340
32317 38305
22295 38327
10320 38314
24089 38297
29586 38293
30188 38312
32159 38327
13878 38293
4471 38304
26880 38332
10633 38318
15721 38329
22545 38313
4763 38326
2468 38309
28415 38299
22025 38300
30637 38335
21323 38331
31783 38322
7948 38323
27206 38306
4636 38321
15988 38332
21067 38333
17436 38325
13947 38339
14943 38339
12537 38305
12553 38300
13325 38300
12739 38340
17615 38330
2442 38294
12349 38328
18015 38315
5771 38338
15680 38325
16570 38336
11352 38318
29804 38297
19827 38333
14839 38308
27828 38297
18616 38294
22410 38309
3498 38293
14304 38306
54 38330
12180 38307
14669 38303
18475 38325
181 38337
2755 38324
17568 38320
21576 38313
12163 38299
14827 38322
20517 38303
4560 38340
2039 38298
29703 38324
13219 38321
18366 38310
16871 38321
12469 38303
11428 38313
28914 38307
2098 38340
4789 38334
7415 38315
28334 38324
16184 38331
25198 38337
22830 38303
19228 38315
23389 38335
6249 38323
1825 38329
3013 38301
18314 38298
30676 38322
3177 38316
5147 38315
23467 38317
14592 38301
3302 38326
6129 38318
25394 38317
17379 38330
31034 38296
7678 38328
13203 38331
31382 38316
11596 38341
4702 38333
21190 38302
5080 38337
7877 38322
26896 38330
11720 38309
1418 38332
7062 38337
20601 38325
24346 38306
32561 38308
6256 38300
29663 38334
1344 38293
29816 38325
3915 38337
19951 38326
10563 38332
14251 38293
28128 38310
2872 38325
13616 38314
9277 38310
5167 38338
31918 38334
31383 38313
22850 38310
25337 38306
6696 38330
18701 38302
1014 38294
23111 38334
5346 38342
5290 38339
14900 38300
18401 38300
31227 38322
11404 38325
25855 38297
1496 38338
25848 38316
338 38324
15101 38312
18685 38323
16959 38326
31649 38306
19191 38335
32615 38336
8605 38339
25251 38327
5723 38296
16113 38327
6337 38319
21123 38296
15290 38334
17337 38319
13759 38316
17138 38311
12618 38333
32419 38301
398 38341
7590 38293
3941 38335
13268 38295
4746 38305
25813 38322
27400 38330
10551 38299
12018 38309
27070 38313
16469 38337
25851 38293
32619 38310
4896 38317
27921 38336
31763 38320
20859 38308
13249 38333
15143 38311
28853 38308
27151 38302
28905 38331
31523 38295
8412 38340
26614 38295
14564 38333
11960 38305
17606 38331
13924 38300
18820 38302
17210 38342
32118 38319
3952 38337
18076 38317
23589 38306
29491 38333
3734 38338
24710 38304
11668 38314
1031 38333
21302 38312
2718 38334
26315 38313
577 38336
13074 38337
16837 38334
11438 38341
756 38302
31956 38301
25311 38342
9287 38324
15478 38338
19078 38319
4437 38305
3395 38317
29921 38340
25624 38318
11668 38293
27766 38329
149 38338
12766 38328
23436 38331
18003 38311
20660 38329
16143 38297
6450 38322
26997 38301
4517 38306
19527 38310
25854 38323
18713 38320
22930 38301
29189 38305
29805 38330
26529 38300
26345 38311
21294 38293
31360 38310
20754 38295
28383 38330
24457 38321
32315 38293
9623 38298
31720 38310
9793 38304
16680 38296
13308 38293
23617 38335
14438 38339
13778 38329
9268 38321
8294 38320
7019 38333
1610 38334
12756 38330
10652 38318
19369 38314
10917 38309
30357 38320
18537 38324
20188 38304
3963 38333
17621 38305
27414 38301
22177 38296
19562 38331
4631 38294
23604 38335
29438 38341
27281 38312
29055 38332
4372 38314
21721 38308
15126 38341
7767 38320
2125 38310
8320 38294
15777 38332
5773 38318
14394 38313
20512 38336
5854 38326
17714 38318
3450 38310
9805 38323
5886 38307
15612 38342
31086 38322
12417 38315
20534 38321
709 38327
4287 38314
22933 38303
15679 38305
26634 38304
14805 38301
3145 38325
30677 38312
30061 38336
27489 38333
26050 38312
32569 38338
25908 38299
31443 38334
30727 38329
3759 38327
11720 38313
31461 38338
7299 38301
1024 38307
7222 38318
10766 38333
22150 38293
22008 38318
32433 38320
28944 38301
17860 38319
6889 38323
24334 38303
29035 38312
10452 38297
7974 38326
19782 38300
9191 38317
28594 38324
2953 38310
14840 38304
1806 38315
24126 38314
7151 38334
24804 38335
23983 38326
16058 38300
26038 38338
17265 38315
32093 38301
9296 38319
11846 38337
13096 38317
11502 38294
20869 38304
27703 38339
4861 38336
14040 38307
14433 38310
16368 38311
13416 38326
11534 38324
24394 38309
20295 38322
722 38322
12259 38335
27828 38336
21847 38323
31522 38327
21620 38336
22426 38318
477 38308
21506 38325
22462 38337
7670 38339
25531 38303
15457 38302
20775 38320
2890 38297
25463 38326
10737 38293
29942 38316
3867 38331
19898 38320
14250 38330
26326 38316
9072 38334
28113 38311
5189 38312
7255 38311
17239 38317
14383 38296
194 38295
20333 38294
29025 38320
1257 38339
24291 38306
239 38325
20001 38302
23096 38307
20398 38318
2841 38304
16048 38334
18171 38305
25071 38315
17419 38317
9004 38307
19763 38332
20660 38315
12360 38300
7477 38313
23685 38334
20943 38337
17720 38338
26222 38297
23739 38295
29784 38329
15270 38341
14082 38307
18499 38295
3880 38336
29250 38320
15388 38293
22190 38322
16223 38342
24608 38333
7790 38299
14131 38296
30430 38318
5943 38326
6315 38302
23338 38302
6862 38335
22244 38296
7693 38294
20625 38298
12823 38314
11876 38294
4304 38313
11402 38316
9194 38339
12125 38320
2229 38305
1499 38322
1592 38296
12374 38320
10624 38341
32620 38328
31800 38327
7994 38301
2426 38339
25293 38338
9445 38328
25561 38297
10224 38340
19118 38311
6525 38328
21095 38330
29618 38341
23909 38335
31748 38326
11772 38332
24980 38302
5995 38320
5567 38319
15122 38296
4848 38304
9695 38321
1465 38340
25098 38293
3107 38318
20738 38330
32578 38329
24999 38328
31500 38337
30393 38337
6251 38314
4496 38301
3472 38335
5390 38329
10379 38309
13523 38320
22552 38323
25775 38332
14012 38300
23645 38293
19473 38326
878 38329
30814 38317
22915 38338
15979 38315
11967 38294
24468 38336
16508 38340
32283 38318
3645 38326
14787 38314
31460 38305
31386 38334
3622 38314
24086 38342
27195 38303
31331 38332
18906 38335
27644 38322
6756 38300
24953 38311
1632 38297
6567 38319
1063 38329
2014 38304
15584 38336
4751 38323
24495 38293
8221 38323
13610 38308
26094 38323
1805 38305
11713 38304
12334 38295
1346 38340
26803 38313
3035 38333
8834 38317
21198 38331
2553 38324
897 38312
32480 38317
16408 38294
6555 38338
29257 38336
4260 38330
31852 38301
4665 38312
210 38299
26194 38341
13144 38340
27862 38336
26940 38325
19470 38300
23343 38306
25434 38294
19883 38318
22051 38319
4998 38305
17168 38325
7880 38301
31613 38310
5050 38322
20265 38315
4671 38309
16430 38309
10599 38310
13111 38309
10562 38319
28653 38293
18162 38315
1458 38332
18180 38316
26770 38307
8705 38304
23158 38299
22335 38318
29851 38322
25085 38301
25923 38296
1199 38330
13739 38325
24215 38321
11324 38331
32661 38331
7941 38315
28224 38302
19049 38313
21557 38335
21 38336
17584 38341
16950 38328
20825 38337
7912 38334
24928 38303
24561 38304
32459 38325
25263 38342
3599 38339
11343 38297
9182 38332
3648 38314
27969 38326
28391 38322
24038 38311
2709 38326
6331 38335
16566 38300
18108 38297
16715 38310
20488 38338
11930 38312
11067 38300
1827 38328
14072 38324
27607 38297
20933 38311
5765 38321
9244 38319
5269 38339
20670 38312
6648 38326
32587 38295
95 38327
29968 38307
18091 38325
12320 38342
9381 38338
14502 38307
1776 38293
7289 38309
1852 38315
18673 38295
13499 38339
14074 38333
16601 38306
7526 38295
25640 38307
7560 38313
3993 38314
7678 38297
15858 38298
18382 38296
31100 38298
22965 38305
