2500
27434 38305
5791 38319
5344 38341
12237 38323
28785 38312
14701 38334
15829 38335
32735 38298
7693 38301
10948 38302
26981 38326
25955 38311
15094 38334
26188 38302
21870 38302
6714 38311
17684 38340
30270 38297
25350 38321
13594 38293
7621 38301
1003 38313
10996 38338
25100 38299
1629 38331
14390 38335
25141 38340
27372 38294
27809 38299
27670 38303
3705 38307
4076 38295
1867 38335
10517 38330
2723 38293
12304 38296
17033 38321
31188 38340
23372 38298
16819 38296
31870 38301
2692 38325
21312 38318
6913 38297
4544 38339
6510 38340
2047 38297
2684 38320
14808 38340
14188 38308
5694 38319
16247 38304
13253 38307
22638 38339
13923 38310
670 38321
17016 38338
13302 38336
8461 38295
15980 38320
31065 38318
30108 38312
17290 38318
22450 38302
22722 38328
15755 38337
17503 38321
22039 38335
14975 38302
28930 38332
22467 38311
23699 38341
3668 38299
23252 38316
25636 38331
29171 38302
26231 38307
7144 38315
30369 38313
6488 38307
21521 38316
27577 38340
1934 38316
15032 38293
5057 38325
10455 38307
3828 38330
23387 38337
2585 38310
14693 38312
26894 38307
9823 38328
4127 38304
15257 38298
2765 38312
17716 38315
4045 38293
1600 38320
1620 38338
2081 38310
28818 38299
31031 38318
24444 38334
24254 38320
21455 38338
7666 38333
12370 38300
8311 38330
8539 38312
6137 38319
7572 38305
9488 38320
25599 38338
25958 38331
6968 38332
11547 38336
30203 38323
28520 38335
229 38333
6787 38319
32127 38307
27331 38293
28280 38308
30981 38326
14642 38306
2126 38342
129 38335
22194 38302
7343 38306
30068 38308
21699 38334
27758 38321
15618 38319
11443 38308
24247 38340
5748 38298
3376 38320
5664 38319
3081 38300
7375 38295
27309 38305
30689 38308
14617 38341
19426 38305
31203 38342
14001 38335
30075 38336
23778 38329
21170 38318
26208 38307
6264 38331
11863 38314
31978 38331
10833 38333
9612 38308
19615 38335
15570 38318
26106 38293
230 38315
19050 38306
12197 38314
15719 38312
29674 38320
26942 38324
14352 38305
26039 38314
434 38320
4597 38342
15029 38322
17821 38313
2953 38301
7483 38293
10923 38327
26081 38302
17775 38309
27665 38293
26108 38313
12764 38323
31384 38310
20556 38335
25126 38309
2048 38327
8684 38310
17686 38310
10394 38329
6734 38313
17032 38341
30571 38297
9024 38337
7901 38295
10300 38330
7838 38293
14577 38342
20570 38296
26636 38321
9426 38338
14843 38331
16002 38329
13487 38332
8065 38339
7328 38299
28330 38339
786 38293
6137 38308
2455 38296
19511 38327
32470 38328
9178 38329
14474 38322
26919 38329
20174 38324
19865 38295
7319 38330
3718 38330
10626 38302
19712 38301
24784 38316
7418 38331
14766 38336
4011 38320
13498 38342
15672 38316
21188 38342
4493 38339
26833 38318
24715 38336
30054 38314
1385 38314
23299 38323
4436 38328
9197 38332
19801 38336
13104 38323
4997 38342
1765 38315
17227 38323
28593 38318
21797 38336
24974 38303
20862 38311
16846 38317
11984 38312
22109 38329
23306 38339
14918 38300
29748 38333
31608 38321
29781 38298
17867 38339
21653 38324
16190 38339
27551 38326
31106 38329
2889 38319
7357 38330
8567 38298
12168 38318
24636 38297
8249 38310
12611 38307
29544 38306
30830 38339
15276 38329
27068 38338
16038 38318
30320 38294
27457 38338
5488 38335
1335 38298
27371 38335
10712 38302
4926 38317
4615 38339
5401 38305
13701 38326
16093 38309
13170 38315
29513 38339
9232 38301
10582 38308
14283 38330
9055 38321
18294 38299
8581 38305
14808 38310
4946 38335
25191 38304
3229 38306
15699 38339
429 38308
11462 38316
3745 38335
7019 38323
19982 38306
10285 38295
747 38341
16193 38324
6570 38319
17510 38300
17576 38326
12907 38323
14279 38332
21490 38295
18265 38314
31093 38302
28225 38330
20614 38315
32596 38336
16475 38295
1542 38314
28553 38325
6722 38324
22288 38319
11161 38340
1688 38328
1951 38299
32250 38299
8082 38326
16386 38327
20797 38337
628 38305
14108 38311
8012 38311
17345 38318
11082 38330
11382 38304
21934 38340
26404 38333
30017 38299
16244 38294
26260 38309
18227 38312
8076 38329
9723 38298
7198 38305
3088 38311
2136 38312
19592 38307
19361 38299
25263 38297
22849 38324
26281 38330
27172 38339
13657 38320
986 38324
20354 38297
28899 38308
13356 38331
3626 38309
14922 38310
4559 38294
11673 38296
12073 38328
13003 38305
15372 38301
14053 38325
15175 38303
28134 38312
28785 38338
9385 38329
24806 38329
27148 38310
26124 38318
21330 38340
13531 38340
24518 38340
32412 38315
16289 38306
3824 38302
558 38308
2837 38294
28460 38318
13925 38332
3956 38304
24607 38295
10460 38308
24170 38340
12634 38293
14999 38303
32109 38323
29351 38317
11704 38332
29709 38299
8176 38319
13237 38320
26361 38334
1860 38298
3660 38342
9122 38335
11420 38322
25782 38295
2489 38315
17008 38324
23476 38340
5901 38334
24388 38329
6806 38325
20328 38296
14250 38297
78 38295
7550 38309
8564 38318
13090 38304
27405 38295
20486 38323
15014 38302
23996 38326
25353 38294
18175 38302
13154 38293
22517 38341
31136 38317
29617 38321
1054 38341
17148 38320
26243 38295
16469 38339
1511 38294
17718 38295
12343 38340
31897 38300
17114 38329
24251 38319
9364 38340
6688 38321
5803 38310
3543 38295
8521 38339
14591 38339
7970 38307
17290 38303
11350 38327
1089 38301
31897 38326
10248 38328
23697 38323
24164 38296
25215 38297
12090 38297
4642 38341
24026 38304
30681 38297
32059 38338
32519 38304
6536 38318
1979 38317
6876 38337
32657 38330
17739 38331
467 38330
31265 38334
17124 38303
7790 38293
19167 38323
19138 38335
17275 38321
10293 38329
23858 38326
7850 38323
4002 38340
14421 38337
14643 38328
24187 38338
25082 38329
21369 38316
9693 38334
3592 38301
2552 38311
22975 38299
16704 38304
24794 38322
9318 38304
825 38297
24831 38303
7852 38323
9185 38339
11373 38301
17104 38342
22510 38311
10586 38328
29397 38305
3327 38305
27205 38342
11413 38304
8544 38301
7915 38300
21770 38300
29869 38310
27887 38302
12679 38332
24007 38339
24717 38311
217 38322
18395 38331
1213 38321
32632 38299
23399 38338
28545 38333
18785 38326
31107 38321
31320 38318
20776 38341
16090 38336
18454 38327
22366 38328
4372 38298
28805 38328
15982 38330
13471 38302
32667 38329
5745 38303
25118 38311
14646 38323
6570 38313
6627 38328
5001 38308
23983 38335
22847 38337
27091 38338
1642 38325
10382 38314
21996 38335
8045 38318
2636 38303
15049 38299
13658 38322
29329 38338
8978 38333
11338 38333
27587 38306
32339 38300
29041 38300
14446 38320
19575 38296
21884 38337
27504 38320
14984 38329
27224 38328
26375 38298
25839 38302
31326 38315
18526 38309
12965 38309
26653 38333
18603 38328
23060 38300
19770 38318
24065 38336
27548 38304
21529 38293
13661 38339
1778 38315
23379 38306
19616 38310
30684 38330
17183 38330
20071 38323
11249 38323
9270 38327
11015 38312
5730 38309
27877 38307
4383 38312
30722 38304
19521 38304
11629 38302
28927 38307
15542 38324
19703 38330
3852 38328
13939 38331
28067 38326
1515 38304
26457 38330
18635 38324
14744 38300
4469 38299
16510 38297
2186 38322
12859 38325
9062 38299
10683 38312
9193 38328
17542 38315
17789 38301
22500 38313
15188 38297
324 38340
25586 38298
5598 38309
21996 38307
13720 38331
10735 38297
1318 38342
9731 38311
21366 38299
11793 38304
11851 38327
7587 38314
10792 38316
28396 38313
24943 38297
21256 38309
28362 38325
8069 38314
26314 38324
13601 38325
5326 38317
17365 38310
32551 38331
4115 38317
30329 38294
7501 38329
13412 38304
25014 38330
19812 38309
26444 38303
31222 38339
32278 38308
31485 38316
25514 38326
7523 38301
1011 38315
8451 38320
14129 38335
1735 38298
8513 38299
2573 38328
5663 38321
18768 38309
10153 38304
25092 38336
16550 38295
961 38300
28934 38310
16036 38310
20331 38326
4339 38304
5097 38342
30719 38320
20490 38341
2127 38296
26646 38311
20730 38297
12689 38302
3669 38329
23300 38301
28622 38297
257 38304
29976 38342
5217 38319
9865 38322
30160 38316
11456 38305
27276 38305
2954 38311
20073 38341
1031 38311
10009 38327
25096 38334
31914 38319
14524 38314
6992 38311
21132 38313
8805 38339
22595 38322
1198 38298
29554 38302
24032 38302
28691 38301
16738 38317
8556 38334
26197 38335
3638 38324
21714 38315
10239 38319
30834 38310
4557 38297
15380 38299
14852 38314
4826 38327
19337 38300
4725 38335
14888 38293
675 38319
28211 38312
1525 38330
21356 38331
16342 38300
20261 38319
7113 38313
24998 38313
6642 38318
30415 38326
17624 38318
10751 38303
13417 38325
308 38330
16959 38339
25459 38325
21281 38321
20074 38295
22989 38299
3924 38311
30452 38302
797 38342
23175 38304
8646 38295
18993 38312
22796 38302
28965 38331
31300 38326
23833 38295
16266 38318
19602 38311
11290 38324
12899 38307
19454 38341
4720 38342
5866 38329
7096 38333
31332 38342
9107 38341
20263 38341
26167 38333
15818 38317
12417 38307
22173 38318
22259 38304
24788 38305
7673 38294
9447 38302
30576 38330
13880 38336
14696 38314
32759 38323
12841 38304
6466 38313
15733 38337
9361 38313
16141 38316
15954 38337
9847 38339
16080 38319
24573 38312
21337 38341
22265 38337
12960 38299
27984 38300
28768 38318
3133 38295
13378 38299
12880 38324
22529 38300
8886 38330
12492 38315
6586 38333
2028 38336
10892 38294
1702 38298
10817 38322
6499 38313
19484 38295
3598 38341
21260 38339
29118 38319
31861 38340
29077 38310
2099 38303
17128 38331
477 38293
22175 38341
12102 38315
23519 38294
18506 38314
21991 38293
23495 38338
18744 38324
1513 38333
17401 38300
23467 38321
17817 38295
12186 38310
18870 38323
5084 38309
31294 38315
15730 38313
19668 38296
11450 38333
3957 38335
16184 38312
10331 38337
3733 38327
3361 38340
16616 38305
13609 38299
11829 38296
2875 38311
32563 38341
8814 38308
10579 38321
12876 38310
27645 38297
7729 38300
13085 38316
3060 38335
734 38311
19913 38330
20661 38328
9062 38293
28066 38340
5733 38308
26035 38307
30186 38298
30921 38340
13701 38332
4254 38341
13146 38340
22535 38326
10623 38308
22391 38333
20133 38301
15045 38308
27131 38309
9263 38303
24143 38299
12446 38322
28790 38314
4396 38316
19695 38324
24035 38309
4291 38341
1479 38308
22959 38327
23 38324
8581 38324
8913 38311
26832 38321
17012 38324
29879 38318
32521 38323
9252 38322
25188 38295
8229 38322
13224 38294
27538 38334
9225 38337
5616 38335
14550 38337
5525 38295
5814 38304
3341 38317
4658 38317
32701 38317
10611 38300
14790 38341
19277 38312
28460 38325
3965 38342
22072 38330
17455 38323
16666 38340
29892 38324
31443 38328
19921 38337
27474 38331
619 38334
18141 38335
5794 38326
19635 38309
13131 38341
22768 38322
26371 38309
19888 38319
30832 38320
6007 38308
11722 38339
20689 38338
11674 38323
18741 38316
23746 38335
29487 38303
23998 38295
32191 38331
5417 38335
7420 38301
22403 38305
17916 38341
9265 38304
25080 38334
4549 38329
15532 38319
20352 38333
12797 38322
24597 38297
24286 38309
29104 38320
22900 38313
30519 38339
13432 38319
26320 38336
20958 38295
16803 38339
18612 38342
18657 38296
25164 38327
1029 38339
29341 38312
31834 38294
4071 38302
20925 38333
28054 38335
3236 38335
24169 38296
20831 38321
16851 38312
22686 38322
24738 38323
20788 38336
31966 38319
3866 38310
6388 38308
11191 38297
14867 38303
31582 38294
10711 38336
31769 38324
31525 38305
8613 38318
22102 38320
8893 38328
20631 38326
11164 38316
21135 38337
6589 38323
21059 38313
9445 38339
25655 38335
6499 38339
26582 38337
1942 38331
21268 38299
3249 38338
24914 38341
6331 38308
10626 38316
21978 38331
24459 38306
5328 38327
17647 38302
25286 38308
3243 38334
11337 38342
13919 38314
4498 38326
9390 38342
20490 38314
29416 38329
25869 38300
19942 38337
19950 38324
21558 38333
2364 38329
16761 38294
15684 38308
26888 38314
10199 38319
17374 38320
15182 38296
5554 38335
3274 38293
28003 38296
30657 38339
1177 38334
6838 38340
17066 38329
4423 38339
26298 38333
3949 38310
7463 38304
16896 38334
1060 38338
6265 38324
25507 38295
23548 38337
7289 38336
14230 38331
4796 38341
5571 38293
6000 38298
30515 38302
5475 38293
9933 38334
1366 38329
28405 38319
27997 38310
13322 38320
28553 38319
6195 38315
11203 38329
3164 38338
30971 38336
29307 38305
14723 38319
13592 38321
20149 38328
30732 38311
28636 38297
18057 38330
26706 38299
25178 38342
229 38304
6252 38326
6271 38334
16014 38329
12295 38310
15989 38337
28034 38339
20995 38340
23166 38340
21705 38308
25008 38325
20170 38342
20444 38313
7297 38306
23541 38320
22566 38325
31366 38342
26670 38295
80 38326
22289 38306
22580 38308
22607 38340
20564 38328
7861 38299
17014 38324
26588 38297
7081 38340
24820 38336
1834 38324
18623 38300
16520 38318
29408 38313
20743 38298
4182 38335
15426 38307
24900 38293
24597 38340
13299 38294
3002 38306
21785 38319
4658 38313
21852 38339
23527 38340
18450 38298
15247 38299
24395 38319
2643 38303
2321 38337
20273 38293
29166 38307
30111 38316
4271 38297
22385 38324
8040 38340
7676 38321
9656 38330
15996 38310
30798 38307
5555 38307
20908 38336
26323 38306
26667 38299
16798 38329
9536 38341
5068 38299
25085 38331
27053 38326
19675 38295
8719 38309
23734 38323
6498 38305
29977 38315
4122 38301
8124 38333
20565 38340
32587 38332
22206 38342
24425 38333
689 38338
1525 38315
4512 38316
10636 38333
27061 38329
12623 38328
30648 38294
8678 38296
9268 38320
23493 38335
9173 38340
3757 38304
10005 38337
1654 38296
11543 38341
13581 38333
32211 38316
7609 38308
3956 38316
1442 38329
23294 38294
3475 38303
25652 38293
6399 38303
30905 38316
9794 38307
27253 38327
31786 38300
18746 38308
20662 38341
24488 38297
19741 38293
30542 38305
4882 38322
10257 38331
10055 38296
14034 38293
25904 38341
18251 38320
24585 38297
25914 38320
21786 38304
10434 38298
4922 38309
31246 38333
31634 38321
14391 38340
32675 38303
18280 38320
16523 38334
19008 38329
13187 38330
2679 38296
28589 38316
21701 38335
2317 38335
19455 38326
7380 38309
30596 38299
29413 38306
4311 38340
22674 38300
21645 38300
6310 38340
23146 38333
13481 38330
14535 38324
17247 38321
30518 38303
6290 38327
5225 38302
6673 38332
9040 38326
26105 38293
17282 38298
11827 38310
30942 38337
27966 38332
9842 38336
22575 38328
12444 38310
12790 38320
2670 38330
25570 38317
12887 38299
32616 38314
25088 38328
3360 38297
30069 38314
19728 38302
19845 38306
19501 38295
12651 38316
29471 38324
29614 38340
29253 38321
24133 38333
12025 38335
10751 38330
5653 38335
1314 38300
30645 38326
27986 38307
20543 38293
24757 38314
8865 38307
10837 38339
18394 38311
19910 38304
22460 38328
22024 38339
3824 38326
2990 38304
22074 38334
22080 38300
20222 38340
19679 38305
2308 38333
14887 38296
17784 38323
5978 38316
27445 38317
17082 38322
4163 38297
30006 38319
15517 38305
15177 38306
19000 38295
29984 38319
1602 38329
8699 38319
30631 38329
31445 38328
28378 38331
8263 38319
17106 38334
24490 38308
24403 38301
21372 38319
2158 38301
25348 38338
30539 38301
25913 38297
13350 38317
27361 38326
20888 38342
29686 38298
27928 38333
5197 38300
6337 38336
19322 38333
4694 38327
5102 38330
27523 38334
28002 38305
1893 38308
26233 38314
4429 38323
27040 38336
20673 38307
20793 38303
32452 38336
1786 38295
88 38330
12943 38297
10816 38313
15239 38324
29194 38330
8813 38316
12365 38297
30005 38339
22576 38333
25307 38331
18475 38334
12870 38307
6162 38321
8306 38294
2127 38331
27086 38318
30318 38328
739 38301
31456 38308
17463 38297
5112 38308
3441 38339
570 38331
9149 38327
14805 38341
20338 38311
3438 38321
31987 38334
30239 38301
25811 38296
7360 38336
32572 38326
2149 38310
18065 38303
5671 38331
3410 38304
7720 38302
27456 38331
27089 38333
1474 38328
24414 38327
14216 38339
1693 38331
23406 38316
19186 38336
16035 38315
7839 38302
32266 38306
25410 38296
21216 38310
15263 38330
4768 38314
10912 38329
26147 38293
9114 38324
31756 38296
28626 38308
14947 38312
3392 38331
13184 38338
27283 38320
25131 38327
9333 38336
28929 38298
10255 38329
4378 38302
24272 38310
9192 38309
18282 38342
15458 38310
8222 38300
15202 38335
1594 38323
2892 38332
12000 38330
16113 38302
7432 38302
6067 38306
30920 38305
14057 38339
27604 38332
32389 38332
10049 38318
25844 38326
30350 38306
16453 38327
996 38328
19598 38318
12701 38306
29067 38296
11524 38312
2953 38339
7771 38325
15234 38342
6691 38297
650 38299
14231 38296
11369 38306
28794 38339
19850 38309
11794 38322
22548 38309
10101 38335
3158 38311
29955 38342
18536 38318
32052 38332
31503 38313
7828 38336
15842 38305
15115 38293
23211 38312
2146 38306
16400 38314
18947 38304
10611 38342
22528 38304
32278 38304
5975 38304
11139 38334
18293 38296
32555 38328
18680 38308
17229 38338
16825 38326
8985 38303
16906 38311
6678 38330
20284 38319
29377 38326
30565 38311
6263 38337
21087 38299
16532 38323
5140 38328
11997 38303
5113 38337
6427 38336
28121 38310
28169 38328
8148 38308
880 38335
18855 38314
28561 38319
28974 38318
4547 38328
28711 38336
3677 38306
28472 38320
16854 38325
4660 38334
28459 38302
14746 38342
11649 38304
32094 38333
22796 38293
17644 38335
2863 38339
8299 38304
24037 38295
18238 38341
32351 38304
24529 38314
21231 38326
29842 38330
14372 38306
14909 38299
6455 38294
2909 38296
26533 38324
15632 38332
13854 38312
12554 38318
31390 38315
18652 38322
15322 38339
7798 38317
11741 38340
9707 38301
499 38324
7285 38335
28102 38325
26809 38299
11719 38311
20556 38324
1743 38340
9845 38315
2822 38325
22581 38295
9733 38329
31108 38337
13367 38329
14302 38319
10629 38334
22014 38342
2866 38294
5354 38335
16643 38304
11823 38339
420 38330
17262 38323
24135 38341
26391 38318
12686 38325
8821 38305
30123 38313
7403 38302
17862 38296
18557 38338
3742 38319
14225 38310
12916 38309
32759 38300
9253 38317
20264 38312
15766 38317
5067 38302
21844 38333
24702 38314
22396 38337
27602 38317
26073 38301
20887 38334
17229 38303
31067 38295
3698 38309
17965 38316
3968 38325
29607 38340
7538 38304
17451 38335
24164 38313
25708 38325
26432 38305
10288 38305
32409 38333
1109 38318
1751 38303
27154 38321
21397 38306
26496 38297
28231 38301
12633 38331
3616 38334
31231 38294
18227 38336
14784 38335
13528 38296
19544 38293
9041 38330
1975 38328
31917 38335
12293 38293
31981 38317
27876 38340
29030 38301
9205 38327
1894 38340
23709 38297
28186 38338
4361 38302
20399 38333
4207 38327
26040 38322
22167 38319
11472 38326
31899 38330
31616 38297
9963 38295
99 38322
5267 38295
27527 38294
13249 38327
18199 38320
24449 38331
17207 38325
10956 38299
31024 38298
23745 38300
27085 38319
562 38338
15109 38313
14434 38332
30937 38341
5389 38303
23936 38324
20393 38314
25794 38327
4076 38326
11938 38337
1422 38323
30015 38297
11600 38342
6652 38332
26429 38335
3551 38326
16944 38329
6455 38342
8342 38329
18050 38300
6773 38304
29837 38320
16558 38328
21469 38339
9599 38296
21326 38314
20043 38322
16378 38325
29342 38296
7260 38303
11372 38337
29366 38329
32153 38321
9903 38312
20158 38322
2625 38293
19243 38307
14802 38301
15912 38314
929 38333
21889 38299
24164 38308
27969 38302
18621 38334
32408 38309
23764 38318
3353 38335
3958 38323
22198 38323
4195 38322
15839 38302
12085 38298
13719 38339
21153 38320
4822 38333
29946 38320
3372 38313
18934 38340
12968 38308
29109 38301
21240 38332
23807 38311
9681 38315
18126 38335
12434 38342
26380 38311
12068 38296
17053 38332
1060 38308
15520 38318
29764 38324
19698 38320
12526 38300
32756 38309
30251 38297
9103 38318
16324 38338
17781 38295
22951 38319
26281 38326
20363 38313
2113 38296
32727 38319
30059 38294
21952 38331
28334 38339
28338 38324
6770 38333
12018 38307
24259 38335
2433 38336
2130 38329
32579 38338
25276 38319
6496 38301
9743 38327
25323 38300
23947 38326
9666 38337
11173 38305
28341 38325
3922 38303
7402 38301
3713 38333
127 38338
27113 38300
19570 38339
15878 38301
24510 38327
13662 38306
10695 38325
12297 38341
11768 38297
1136 38338
27307 38312
15701 38312
10057 38298
30996 38337
28082 38337
20008 38301
13023 38295
22768 38335
29382 38316
22195 38308
17277 38319
29155 38339
9123 38327
9118 38293
2044 38300
20090 38329
27739 38306
30338 38321
27589 38299
14972 38309
9171 38301
29294 38295
26456 38314
5984 38302
1092 38331
22626 38304
8392 38319
209 38339
29627 38336
5079 38320
23613 38317
16689 38302
7322 38296
5941 38339
15473 38330
5651 38297
22037 38319
2139 38310
21299 38329
17599 38342
23733 38309
15643 38308
487 38307
32434 38320
23256 38299
1978 38313
10756 38340
5660 38316
16687 38324
21365 38338
11668 38323
608 38332
28479 38324
4343 38298
16312 38323
13463 38320
11233 38308
29412 38319
1313 38321
15373 38317
28098 38330
31314 38303
1176 38328
15043 38322
29668 38299
21322 38293
26487 38312
10731 38305
11803 38312
331 38341
2606 38328
28271 38339
30096 38304
23495 38323
23744 38319
15723 38293
5441 38308
23204 38297
4931 38335
20654 38313
8831 38312
12988 38302
9827 38293
27453 38296
9583 38294
16990 38319
9183 38341
11728 38312
4490 38337
19915 38300
20234 38307
15187 38295
3613 38327
3002 38311
4427 38302
11622 38303
3785 38319
468 38308
15006 38332
22749 38327
15364 38296
12600 38310
4625 38311
25153 38340
11158 38297
4856 38319
13896 38339
8781 38302
26909 38313
25755 38312
19961 38332
23154 38317
20106 38308
17561 38308
2160 38339
14675 38311
11426 38294
7906 38331
28173 38296
12106 38334
17278 38320
26967 38340
193 38336
4833 38295
2827 38324
12367 38297
11413 38295
5466 38332
19338 38317
29460 38339
2083 38295
1832 38318
1552 38297
20579 38303
25883 38328
27763 38329
11528 38310
751 38328
12479 38332
24984 38297
11437 38318
11743 38317
9319 38295
20391 38321
17296 38334
31051 38314
17918 38340
28899 38321
11032 38328
32451 38309
14466 38297
9541 38331
4093 38339
1481 38309
23688 38298
5881 38305
23243 38335
4178 38317
16566 38330
12000 38313
18534 38294
14152 38337
25160 38320
22796 38325
21120 38327
22283 38337
15756 38331
6471 38321
26660 38339
3051 38299
11877 38299
28557 38308
30255 38298
32432 38310
8396 38304
3213 38340
16338 38296
275 38299
4426 38307
22060 38319
1809 38331
31298 38298
23935 38321
15362 38340
1351 38328
9055 38334
25758 38335
23514 38316
13216 38327
5121 38307
30703 38298
30262 38331
25501 38342
7858 38302
6988 38311
13002 38302
10131 38296
32112 38311
5540 38325
13564 38299
2860 38325
20013 38294
20859 38322
106 38332
7141 38309
24398 38338
3432 38310
11620 38316
16783 38313
19503 38306
23701 38336
28014 38329
26318 38324
27037 38303
30531 38312
24511 38337
29084 38324
603 38316
23364 38306
13765 38315
3015 38331
25502 38306
15487 38336
10142 38338
15215 38309
14737 38340
17775 38306
14496 38315
15314 38341
10148 38306
19411 38313
1119 38309
10739 38295
31808 38335
2161 38298
13326 38309
6138 38294
29819 38306
3693 38329
1799 38326
2785 38313
23072 38340
31465 38296
12430 38309
25879 38301
24590 38312
15550 38328
25405 38342
8956 38317
17080 38302
14584 38306
6530 38313
26473 38335
14502 38334
16216 38324
11805 38310
22566 38302
13041 38341
20176 38301
17571 38334
19058 38314
28107 38298
10762 38326
510 38335
16255 38337
20724 38303
15330 38338
5354 38306
12531 38342
8262 38310
19431 38322
3706 38321
11624 38314
31786 38295
734 38329
2705 38322
17645 38300
12833 38317
16190 38322
10345 38333
17795 38339
23868 38314
14773 38331
21264 38337
18336 38314
22180 38330
31138 38324
23014 38306
2736 38307
30227 38337
6553 38325
22816 38339
8591 38308
8793 38317
23523 38340
29256 38295
28432 38297
12760 38327
3835 38315
21690 38322
29305 38312
6920 38334
16914 38341
5672 38305
25605 38301
29940 38333
18827 38304
23319 38315
8544 38342
18362 38301
4992 38310
20321 38315
27182 38309
11535 38300
19515 38327
28337 38338
27781 38315
16569 38314
21182 38309
7434 38311
8559 38324
24852 38315
32060 38341
3904 38331
31081 38311
16270 38315
11677 38319
892 38316
22758 38309
16683 38339
13822 38310
18877 38331
25805 38333
12033 38311
3374 38317
7250 38331
7926 38305
14012 38299
21299 38331
18529 38311
21169 38336
15131 38308
9667 38314
9827 38304
20799 38296
29810 38316
17611 38299
25253 38311
32343 38309
24870 38293
1771 38313
5577 38305
11427 38320
1588 38295
7672 38298
11587 38301
19008 38307
32683 38310
11128 38331
9181 38321
23874 38320
24877 38305
9514 38303
2611 38306
20525 38333
26225 38302
2428 38340
24375 38305
3709 38317
29636 38320
25619 38319
14510 38325
28959 38322
26244 38299
8775 38294
15281 38319
31478 38325
13731 38324
14243 38319
25901 38340
25943 38317
25130 38306
4713 38326
8804 38317
31884 38318
14260 38332
24589 38298
14698 38293
19541 38308
23790 38337
8629 38322
424 38304
7267 38313
13342 38326
4287 38340
27740 38337
15579 38328
2969 38325
21307 38293
23831 38331
8921 38332
7755 38326
108 38295
21054 38312
21738 38311
25651 38334
30028 38323
23946 38310
10129 38305
13028 38295
30981 38311
27784 38339
18883 38309
11782 38341
12665 38315
24858 38330
8555 38315
2002 38295
26555 38309
31219 38321
30695 38336
4506 38298
7315 38326
2847 38308
30345 38334
7230 38334
27902 38319
1657 38317
29463 38312
10424 38324
18091 38333
21555 38297
3147 38294
26769 38313
27775 38335
31569 38308
5715 38328
3690 38339
19218 38323
6702 38312
22354 38305
28276 38340
7472 38312
12022 38325
5085 38308
28408 38339
24666 38337
12331 38336
27519 38301
18640 38306
6466 38316
29984 38294
1334 38322
6124 38312
26706 38294
28289 38339
3060 38299
15310 38295
28197 38305
11977 38334
31519 38329
2062 38300
13 38309
17097 38326
15121 38313
17623 38326
11403 38331
23080 38333
3481 38329
32616 38325
4058 38323
16350 38324
19064 38334
10900 38315
30821 38327
8888 38329
27620 38332
3906 38305
23372 38308
11735 38301
27400 38311
3309 38299
6371 38304
28977 38325
27779 38300
10789 38298
4402 38322
6670 38327
15589 38322
29965 38311
2166 38327
31628 38328
7477 38329
13275 38332
23455 38314
26395 38305
24429 38316
25948 38328
1233 38309
21762 38338
21244 38308
4461 38335
28643 38326
23769 38298
323 38314
27010 38329
7906 38296
32268 38317
14873 38305
14627 38311
7823 38300
14431 38304
28743 38311
9834 38314
19165 38340
29796 38322
26124 38302
17030 38306
25460 38294
15366 38312
10650 38302
27195 38312
28721 38299
17154 38324
24984 38339
30304 38302
30115 38295
16233 38306
27038 38315
15456 38295
31119 38330
4639 38327
16060 38340
24249 38329
22381 38309
16223 38316
15347 38319
28032 38322
25833 38307
14132 38335
9914 38314
22235 38313
26212 38316
28161 38342
2939 38323
10118 38322
21360 38308
17659 38299
27155 38331
6990 38338
27479 38293
17066 38320
12885 38320
32153 38334
6548 38334
7020 38329
4232 38321
23004 38322
10840 38294
2545 38318
2533 38303
31779 38309
20231 38337
30656 38321
26905 38300
16781 38333
29369 38311
30128 38299
31433 38304
14541 38304
24249 38333
1136 38336
6665 38296
4779 38301
12041 38327
11520 38311
3300 38332
25216 38308
5852 38294
26933 38301
12503 38336
11966 38313
29979 38302
23609 38293
30550 38324
20838 38308
14561 38331
23304 38300
12869 38308
10383 38325
5631 38324
17653 38312
12416 38341
5862 38315
2424 38323
11299 38318
10836 38312
21544 38308
11781 38325
19981 38328
32260 38328
3498 38298
24723 38329
23550 38315
15429 38337
22226 38314
13504 38318
5017 38309
1218 38305
27035 38311
14690 38314
10066 38319
12953 38301
14100 38300
3328 38317
30451 38308
22747 38297
18402 38301
16983 38302
6169 38325
3856 38324
27834 38308
5334 38298
11956 38308
3505 38339
16103 38308
27938 38312
5514 38327
6828 38302
28874 38315
13715 38340
22196 38305
17892 38327
28245 38331
32437 38299
29728 38338
30126 38329
19856 38309
29641 38326
14 38297
17237 38330
3860 38301
8001 38305
1427 38333
10135 38309
11922 38317
32583 38341
16664 38323
30502 38317
845 38311
27190 38311
10460 38330
12072 38303
28827 38303
17183 38342
17774 38296
4535 38341
26217 38332
32326 38316
23092 38313
4706 38331
12724 38296
30115 38312
24039 38330
4777 38311
7440 38308
3425 38317
17173 38305
28293 38323
24869 38306
10338 38340
4253 38340
22750 38325
25901 38314
27833 38332
18999 38322
2067 38342
20343 38298
22575 38305
10473 38312
12918 38336
26087 38306
9407 38338
9106 38321
23245 38339
15988 38322
32025 38302
18276 38314
27858 38325
16297 38319
291 38310
24674 38297
10676 38337
28965 38328
6771 38303
29158 38338
25748 38317
7194 38305
8406 38320
32541 38315
3849 38342
15313 38314
20173 38309
9097 38334
5532 38293
15909 38321
1547 38299
31614 38328
3148 38302
5124 38329
25592 38306
23717 38338
11019 38334
4593 38303
9777 38298
24188 38339
6720 38294
8324 38330
24325 38341
13012 38299
3907 38318
15592 38328
31225 38304
20050 38316
14564 38297
18781 38305
4165 38316
24815 38295
31716 38304
11700 38314
3413 38299
7800 38330
32634 38304
18389 38320
9033 38339
22287 38309
2511 38319
11324 38310
3957 38322
24488 38313
11395 38322
13943 38295
12002 38329
19084 38324
16678 38341
27050 38300
25292 38338
28633 38307
13759 38300
8460 38309
17697 38335
17920 38342
10569 38315
4199 38340
11528 38325
2630 38321
22577 38320
5276 38319
856 38312
14660 38337
22745 38294
21532 38325
26397 38308
22375 38319
10264 38333
12144 38314
8726 38317
2417 38294
1464 38337
434 38336
27961 38338
31989 38306
8438 38321
12562 38331
1326 38323
8415 38314
5382 38339
3922 38298
3792 38304
11754 38315
13708 38334
2634 38340
19375 38330
32552 38312
11044 38325
11365 38300
7825 38314
14973 38316
24539 38313
27938 38333
24556 38329
18724 38314
15284 38293
20884 38331
621 38335
8233 38311
12580 38316
23778 38334
1909 38329
22765 38304
6550 38320
20680 38299
17303 38312
6566 38300
25063 38296
15892 38308
29467 38304
19932 38314
1771 38295
25898 38330
7805 38295
12013 38338
25063 38308
26240 38336
20207 38322
7306 38313
17684 38324
17187 38319
4819 38315
17720 38304
26659 38303
11568 38338
21058 38293
7887 38308
9395 38324
10331 38321
29576 38303
12030 38324
733 38308
31340 38338
20389 38327
9157 38299
5545 38332
27581 38323
30413 38330
15354 38323
10133 38315
22462 38306
17641 38319
32709 38337
14101 38303
3441 38328
17940 38306
17166 38305
32749 38313
27423 38321
7272 38337
26458 38326
18143 38328
3598 38338
20661 38320
18759 38313
28421 38311
18072 38293
