50
1448 7126
1388 9267
629 8743
1663 7329
4139 12475
6291 8488
3173 7729
3110 7078
3502 9559
3917 9105
4679 8740
9313 10771
10461 12278
6782 12056
5194 12352
6905 10390
3674 9532
825 11485
4042 12311
341 7406
5239 8125
3449 11600
7518 12098
906 7233
2788 8676
2893 9338
3642 10509
4789 9463
4292 8717
799 7413
6310 11639
4889 9596
3397 7115
4409 8399
5668 9892
6186 8545
2005 8882
8192 8747
6112 11387
1377 7324
1575 7341
5794 7984
2846 8696
1006 7203
2628 8666
4645 10456
7980 10442
2270 12133
5140 7001
4561 8562
