1000 150
87
135
68
125
71
131
79
75
76
74
63
43
76
106
13
106
127
25
10
111
40
74
5
42
114
48
28
30
117
104
57
124
7
83
127
88
90
67
127
14
140
103
99
14
56
80
101
137
144
27
90
47
81
96
144
1
136
115
61
24
3
145
88
89
121
69
77
97
150
10
105
117
149
128
85
67
115
20
116
120
34
111
80
39
94
68
26
5
131
6
44
6
129
43
58
135
25
4
129
144
114
148
104
68
77
137
25
39
107
69
77
139
128
100
53
132
54
145
33
146
17
35
101
129
123
24
91
116
105
150
143
99
144
78
122
143
8
93
90
27
109
8
139
49
42
16
26
99
88
43
