1000 150
72
95
146
65
134
138
26
111
121
23
138
121
80
106
13
19
28
9
4
2
82
123
49
88
26
53
76
138
48
60
139
132
71
62
27
80
46
83
85
3
68
58
85
51
82
137
59
75
24
60
145
132
116
8
143
121
138
97
103
105
2
94
21
39
83
27
37
87
120
62
34
23
6
92
110
16
144
20
146
34
134
85
21
77
135
8
114
61
140
148
124
130
79
70
122
140
118
33
148
84
103
136
74
108
121
139
37
18
25
37
91
12
99
123
38
47
46
88
128
113
60
29
58
88
14
136
38
33
24
41
74
117
134
92
107
54
59
56
104
31
107
126
88
64
95
132
41
3
150
87
