1000 150
87
58
72
79
65
104
44
113
122
115
72
129
19
13
18
126
35
14
143
72
29
94
117
76
10
104
111
29
111
29
78
82
135
80
116
96
91
28
51
121
21
81
147
94
2
106
115
7
50
10
61
1
149
113
140
54
36
56
114
19
100
80
144
24
111
30
26
131
42
115
102
105
88
59
53
32
18
16
100
34
139
86
144
50
28
92
82
89
96
133
63
55
105
41
100
82
78
128
134
97
62
90
7
73
37
25
106
76
117
41
94
125
22
106
150
106
125
132
135
142
127
72
110
57
2
99
114
92
92
108
144
76
101
57
112
14
99
147
71
5
76
33
82
107
15
50
108
76
105
112
