4000
2 1
3 2
4 1
5 3
6 1
7 1
8 5
9 1
10 8
11 1
12 4
13 6
14 9
15 7
16 8
17 10
18 13
19 9
20 3
21 15
22 11
23 10
24 11
25 6
26 9
27 25
28 17
29 4
30 23
31 5
32 5
33 18
34 4
35 6
36 32
37 28
38 15
39 21
40 2
41 8
42 17
43 2
44 29
45 27
46 31
47 39
48 8
49 24
50 45
51 43
52 48
53 6
54 28
55 28
56 55
57 26
58 10
59 39
60 41
61 56
62 11
63 20
64 39
65 30
66 43
67 43
68 11
69 57
70 34
71 36
72 41
73 61
74 27
75 29
76 36
77 47
78 75
79 73
80 59
81 37
82 67
83 70
84 59
85 64
86 15
87 58
88 58
89 48
90 3
91 51
92 79
93 41
94 9
95 42
96 46
97 78
98 55
99 9
100 99
101 75
102 45
103 83
104 42
105 87
106 61
107 92
108 47
109 65
110 41
111 102
112 8
113 41
114 52
115 30
116 114
117 15
118 59
119 13
120 110
121 16
122 78
123 21
124 42
125 90
126 29
127 38
128 48
129 73
130 45
131 95
132 88
133 113
134 7
135 11
136 55
137 30
138 132
139 11
140 75
141 117
142 51
143 128
144 142
145 29
146 46
147 66
148 10
149 118
150 37
151 16
152 93
153 57
154 75
155 99
156 29
157 116
158 95
159 11
160 3
161 87
162 50
163 161
164 145
165 151
166 49
167 127
168 11
169 82
170 58
171 18
172 55
173 48
174 151
175 174
176 169
177 56
178 92
179 18
180 111
181 10
182 47
183 40
184 74
185 91
186 51
187 4
188 175
189 81
190 13
191 136
192 39
193 65
194 17
195 11
196 3
197 94
198 93
199 82
200 116
201 12
202 106
203 198
204 99
205 157
206 108
207 152
208 165
209 50
210 60
211 163
212 105
213 5
214 32
215 3
216 153
217 142
218 110
219 18
220 109
221 88
222 6
223 156
224 34
225 206
226 146
227 64
228 33
229 217
230 227
231 169
232 8
233 83
234 138
235 226
236 138
237 140
238 111
239 22
240 61
241 20
242 17
243 199
244 92
245 121
246 70
247 73
248 152
249 67
250 150
251 233
252 120
253 177
254 47
255 114
256 3
257 198
258 90
259 102
260 160
261 252
262 233
263 161
264 214
265 15
266 44
267 172
268 51
269 81
270 131
271 203
272 135
273 261
274 250
275 120
276 108
277 250
278 199
279 123
280 66
281 257
282 110
283 198
284 26
285 185
286 247
287 239
288 181
289 145
290 111
291 31
292 134
293 240
294 111
295 122
296 196
297 33
298 226
299 278
300 3
301 49
302 147
303 243
304 71
305 237
306 183
307 11
308 228
309 242
310 207
311 197
312 53
313 152
314 51
315 83
316 168
317 135
318 22
319 212
320 143
321 280
322 97
323 34
324 113
325 319
326 141
327 116
328 93
329 96
330 195
331 66
332 221
333 328
334 264
335 288
336 28
337 260
338 119
339 118
340 43
341 180
342 250
343 125
344 15
345 297
346 157
347 259
348 63
349 63
350 60
351 68
352 297
353 195
354 353
355 303
356 283
357 188
358 342
359 227
360 258
361 68
362 201
363 94
364 60
365 200
366 50
367 211
368 98
369 115
370 345
371 83
372 307
373 89
374 236
375 182
376 319
377 123
378 246
379 86
380 336
381 266
382 198
383 43
384 187
385 120
386 195
387 213
388 232
389 236
390 125
391 334
392 215
393 246
394 34
395 249
396 290
397 307
398 151
399 64
400 254
401 34
402 346
403 371
404 252
405 266
406 152
407 258
408 290
409 286
410 376
411 396
412 243
413 379
414 334
415 91
416 384
417 65
418 403
419 340
420 107
421 109
422 213
423 142
424 95
425 125
426 352
427 36
428 133
429 380
430 28
431 269
432 261
433 167
434 102
435 294
436 338
437 260
438 289
439 300
440 205
441 378
442 55
443 168
444 114
445 362
446 86
447 323
448 327
449 37
450 315
451 242
452 311
453 346
454 409
455 165
456 257
457 97
458 343
459 289
460 302
461 143
462 176
463 205
464 402
465 284
466 60
467 100
468 326
469 43
470 219
471 360
472 329
473 368
474 110
475 444
476 354
477 12
478 39
479 257
480 441
481 44
482 23
483 354
484 144
485 39
486 1
487 385
488 61
489 338
490 94
491 476
492 488
493 397
494 384
495 256
496 87
497 296
498 186
499 4
500 205
501 173
502 446
503 304
504 156
505 376
506 69
507 245
508 208
509 252
510 81
511 457
512 468
513 95
514 37
515 372
516 83
517 77
518 421
519 56
520 141
521 33
522 263
523 320
524 319
525 213
526 361
527 147
528 36
529 355
530 313
531 462
532 476
533 292
534 153
535 333
536 342
537 64
538 462
539 161
540 242
541 182
542 123
543 344
544 114
545 37
546 211
547 420
548 329
549 487
550 78
551 533
552 294
553 317
554 189
555 111
556 74
557 416
558 509
559 510
560 6
561 342
562 80
563 239
564 291
565 131
566 290
567 217
568 318
569 330
570 17
571 26
572 278
573 375
574 153
575 380
576 104
577 487
578 326
579 143
580 406
581 202
582 156
583 139
584 160
585 263
586 475
587 129
588 576
589 344
590 284
591 5
592 442
593 392
594 109
595 39
596 285
597 355
598 177
599 174
600 41
601 237
602 151
603 237
604 201
605 358
606 287
607 304
608 406
609 299
610 260
611 136
612 67
613 468
614 310
615 312
616 252
617 373
618 428
619 483
620 565
621 31
622 126
623 519
624 584
625 417
626 456
627 596
628 271
629 519
630 168
631 479
632 260
633 305
634 141
635 270
636 342
637 251
638 78
639 616
640 463
641 251
642 323
643 308
644 331
645 75
646 180
647 572
648 630
649 490
650 373
651 241
652 643
653 117
654 619
655 464
656 606
657 458
658 280
659 155
660 259
661 47
662 228
663 577
664 186
665 127
666 527
667 1
668 575
669 202
670 157
671 632
672 560
673 415
674 596
675 272
676 368
677 123
678 333
679 3
680 113
681 155
682 281
683 292
684 235
685 504
686 606
687 291
688 669
689 458
690 245
691 590
692 493
693 31
694 606
695 76
696 8
697 398
698 535
699 215
700 288
701 636
702 1
703 129
704 480
705 477
706 438
707 421
708 43
709 370
710 177
711 519
712 372
713 610
714 455
715 240
716 313
717 554
718 664
719 688
720 417
721 393
722 579
723 172
724 199
725 364
726 588
727 90
728 240
729 247
730 198
731 530
732 403
733 356
734 601
735 95
736 345
737 31
738 436
739 638
740 150
741 614
742 388
743 279
744 80
745 726
746 203
747 91
748 237
749 38
750 290
751 79
752 198
753 544
754 305
755 325
756 491
757 441
758 535
759 389
760 747
761 568
762 466
763 362
764 84
765 550
766 356
767 442
768 297
769 717
770 175
771 188
772 371
773 506
774 474
775 408
776 632
777 767
778 768
779 602
780 538
781 505
782 733
783 281
784 625
785 758
786 335
787 263
788 49
789 783
790 619
791 633
792 369
793 755
794 405
795 710
796 359
797 631
798 42
799 207
800 85
801 173
802 74
803 696
804 97
805 315
806 786
807 2
808 323
809 326
810 412
811 535
812 325
813 110
814 110
815 170
816 232
817 339
818 732
819 237
820 627
821 532
822 587
823 433
824 779
825 152
826 587
827 624
828 245
829 478
830 426
831 752
832 740
833 137
834 94
835 756
836 828
837 748
838 313
839 177
840 347
841 690
842 504
843 612
844 668
845 89
846 441
847 686
848 347
849 464
850 250
851 423
852 392
853 390
854 735
855 550
856 620
857 149
858 153
859 619
860 616
861 636
862 159
863 793
864 647
865 648
866 674
867 374
868 217
869 73
870 14
871 612
872 386
873 587
874 342
875 686
876 475
877 71
878 187
879 873
880 542
881 788
882 700
883 769
884 586
885 153
886 780
887 626
888 453
889 532
890 131
891 73
892 666
893 859
894 170
895 741
896 318
897 595
898 355
899 104
900 862
901 770
902 868
903 515
904 612
905 706
906 345
907 650
908 653
909 94
910 379
911 570
912 661
913 7
914 112
915 32
916 495
917 191
918 261
919 53
920 501
921 28
922 16
923 256
924 561
925 861
926 65
927 53
928 674
929 465
930 59
931 909
932 112
933 340
934 707
935 408
936 762
937 749
938 757
939 725
940 803
941 629
942 218
943 220
944 497
945 577
946 541
947 119
948 372
949 790
950 147
951 489
952 516
953 582
954 819
955 673
956 873
957 361
958 26
959 853
960 821
961 810
962 4
963 738
964 524
965 482
966 454
967 100
968 207
969 423
970 313
971 584
972 167
973 173
974 345
975 361
976 598
977 715
978 520
979 827
980 163
981 458
982 900
983 345
984 944
985 369
986 211
987 918
988 232
989 292
990 929
991 43
992 596
993 70
994 12
995 991
996 788
997 201
998 945
999 799
1000 678
1001 541
1002 346
1003 780
1004 695
1005 844
1006 918
1007 163
1008 818
1009 252
1010 872
1011 740
1012 222
1013 137
1014 146
1015 674
1016 664
1017 637
1018 400
1019 645
1020 605
1021 329
1022 101
1023 767
1024 220
1025 14
1026 664
1027 804
1028 397
1029 248
1030 155
1031 275
1032 831
1033 281
1034 585
1035 802
1036 484
1037 257
1038 1020
1039 243
1040 805
1041 765
1042 287
1043 136
1044 278
1045 69
1046 828
1047 974
1048 167
1049 970
1050 147
1051 505
1052 878
1053 240
1054 290
1055 291
1056 48
1057 457
1058 804
1059 51
1060 473
1061 907
1062 159
1063 399
1064 277
1065 434
1066 107
1067 887
1068 310
1069 328
1070 12
1071 245
1072 767
1073 404
1074 230
1075 965
1076 673
1077 329
1078 683
1079 323
1080 961
1081 825
1082 1014
1083 169
1084 878
1085 46
1086 497
1087 979
1088 240
1089 447
1090 291
1091 965
1092 641
1093 546
1094 994
1095 72
1096 989
1097 329
1098 312
1099 736
1100 320
1101 298
1102 332
1103 283
1104 20
1105 603
1106 491
1107 101
1108 1092
1109 1090
1110 881
1111 861
1112 950
1113 489
1114 679
1115 535
1116 355
1117 182
1118 473
1119 181
1120 767
1121 953
1122 769
1123 570
1124 793
1125 118
1126 332
1127 632
1128 43
1129 764
1130 682
1131 453
1132 933
1133 710
1134 39
1135 698
1136 1074
1137 26
1138 595
1139 721
1140 437
1141 7
1142 1126
1143 325
1144 702
1145 619
1146 176
1147 903
1148 276
1149 4
1150 984
1151 473
1152 1056
1153 894
1154 282
1155 256
1156 1121
1157 522
1158 164
1159 759
1160 635
1161 758
1162 595
1163 1066
1164 112
1165 476
1166 544
1167 784
1168 836
1169 359
1170 44
1171 15
1172 921
1173 832
1174 364
1175 537
1176 965
1177 878
1178 1089
1179 701
1180 876
1181 1048
1182 757
1183 67
1184 888
1185 310
1186 305
1187 194
1188 161
1189 894
1190 684
1191 1099
1192 913
1193 1044
1194 163
1195 983
1196 206
1197 917
1198 458
1199 389
1200 667
1201 1164
1202 1001
1203 343
1204 448
1205 821
1206 879
1207 127
1208 960
1209 194
1210 735
1211 953
1212 286
1213 383
1214 529
1215 839
1216 202
1217 138
1218 588
1219 359
1220 447
1221 835
1222 965
1223 1
1224 11
1225 824
1226 217
1227 53
1228 498
1229 1112
1230 1067
1231 874
1232 220
1233 449
1234 352
1235 757
1236 1042
1237 1047
1238 682
1239 864
1240 328
1241 1047
1242 907
1243 1160
1244 433
1245 576
1246 710
1247 500
1248 707
1249 481
1250 14
1251 135
1252 499
1253 1207
1254 620
1255 189
1256 1154
1257 521
1258 762
1259 347
1260 214
1261 389
1262 857
1263 472
1264 430
1265 220
1266 157
1267 134
1268 489
1269 1
1270 269
1271 928
1272 1123
1273 270
1274 717
1275 803
1276 925
1277 52
1278 768
1279 89
1280 258
1281 803
1282 511
1283 264
1284 445
1285 845
1286 1218
1287 707
1288 479
1289 1087
1290 967
1291 158
1292 1224
1293 821
1294 695
1295 899
1296 527
1297 167
1298 678
1299 1100
1300 1145
1301 799
1302 255
1303 282
1304 1234
1305 662
1306 679
1307 610
1308 1041
1309 445
1310 983
1311 1084
1312 1204
1313 441
1314 1104
1315 765
1316 478
1317 318
1318 456
1319 522
1320 215
1321 363
1322 521
1323 439
1324 581
1325 970
1326 657
1327 857
1328 92
1329 1145
1330 480
1331 9
1332 980
1333 1062
1334 719
1335 657
1336 202
1337 367
1338 764
1339 819
1340 700
1341 217
1342 1223
1343 183
1344 292
1345 74
1346 555
1347 1330
1348 873
1349 996
1350 245
1351 168
1352 238
1353 316
1354 270
1355 1143
1356 90
1357 855
1358 473
1359 998
1360 618
1361 1291
1362 611
1363 726
1364 345
1365 65
1366 642
1367 314
1368 729
1369 474
1370 887
1371 501
1372 1262
1373 20
1374 1229
1375 545
1376 284
1377 798
1378 492
1379 1149
1380 465
1381 1194
1382 564
1383 568
1384 1292
1385 858
1386 618
1387 809
1388 747
1389 757
1390 818
1391 644
1392 830
1393 100
1394 623
1395 1384
1396 7
1397 120
1398 520
1399 695
1400 143
1401 1078
1402 1184
1403 246
1404 589
1405 220
1406 200
1407 840
1408 1147
1409 1021
1410 1082
1411 1198
1412 849
1413 1373
1414 124
1415 392
1416 561
1417 101
1418 290
1419 1236
1420 457
1421 1098
1422 270
1423 1226
1424 1082
1425 1388
1426 269
1427 1075
1428 272
1429 1360
1430 888
1431 230
1432 836
1433 1315
1434 484
1435 270
1436 1030
1437 783
1438 1419
1439 724
1440 97
1441 368
1442 1145
1443 1272
1444 769
1445 412
1446 254
1447 1202
1448 47
1449 86
1450 328
1451 111
1452 1438
1453 181
1454 649
1455 1447
1456 1138
1457 1227
1458 56
1459 1297
1460 200
1461 1116
1462 553
1463 1167
1464 129
1465 473
1466 1397
1467 1130
1468 215
1469 937
1470 1123
1471 271
1472 495
1473 574
1474 1371
1475 941
1476 671
1477 643
1478 354
1479 195
1480 1066
1481 477
1482 163
1483 210
1484 742
1485 1091
1486 317
1487 1215
1488 1195
1489 442
1490 1157
1491 999
1492 1449
1493 896
1494 365
1495 1218
1496 217
1497 809
1498 176
1499 244
1500 414
1501 656
1502 336
1503 994
1504 1116
1505 80
1506 373
1507 165
1508 1219
1509 386
1510 733
1511 423
1512 1483
1513 552
1514 878
1515 817
1516 373
1517 406
1518 930
1519 978
1520 1217
1521 48
1522 1410
1523 1139
1524 1154
1525 373
1526 570
1527 599
1528 1258
1529 554
1530 662
1531 1164
1532 82
1533 1490
1534 949
1535 774
1536 395
1537 269
1538 218
1539 1122
1540 1379
1541 242
1542 1437
1543 81
1544 945
1545 585
1546 994
1547 1077
1548 811
1549 1444
1550 959
1551 766
1552 3
1553 806
1554 91
1555 275
1556 1153
1557 646
1558 801
1559 282
1560 1180
1561 845
1562 1271
1563 39
1564 1388
1565 426
1566 1464
1567 381
1568 893
1569 1501
1570 735
1571 216
1572 307
1573 1290
1574 548
1575 1535
1576 1020
1577 1135
1578 1166
1579 710
1580 681
1581 1389
1582 411
1583 1580
1584 247
1585 818
1586 640
1587 269
1588 837
1589 1451
1590 518
1591 852
1592 781
1593 1473
1594 1569
1595 118
1596 1348
1597 741
1598 1003
1599 423
1600 760
1601 360
1602 638
1603 336
1604 459
1605 534
1606 263
1607 371
1608 1311
1609 307
1610 456
1611 1242
1612 996
1613 1319
1614 833
1615 945
1616 706
1617 1118
1618 108
1619 442
1620 550
1621 605
1622 1273
1623 1146
1624 916
1625 1190
1626 934
1627 773
1628 857
1629 1174
1630 750
1631 246
1632 202
1633 1143
1634 448
1635 859
1636 342
1637 1471
1638 762
1639 236
1640 727
1641 1451
1642 374
1643 1206
1644 254
1645 544
1646 778
1647 1009
1648 1385
1649 402
1650 38
1651 515
1652 254
1653 1338
1654 308
1655 498
1656 1330
1657 660
1658 525
1659 1148
1660 537
1661 661
1662 793
1663 673
1664 172
1665 721
1666 1129
1667 90
1668 616
1669 900
1670 294
1671 1068
1672 473
1673 441
1674 54
1675 998
1676 1584
1677 1152
1678 312
1679 890
1680 194
1681 1029
1682 703
1683 1294
1684 608
1685 1081
1686 1527
1687 140
1688 1198
1689 140
1690 1109
1691 795
1692 438
1693 930
1694 688
1695 1341
1696 1051
1697 606
1698 397
1699 941
1700 775
1701 1477
1702 1505
1703 1409
1704 198
1705 1653
1706 463
1707 247
1708 1678
1709 201
1710 1337
1711 1668
1712 390
1713 1534
1714 1058
1715 1031
1716 752
1717 115
1718 1595
1719 1261
1720 587
1721 1221
1722 597
1723 856
1724 1243
1725 1410
1726 620
1727 210
1728 507
1729 839
1730 931
1731 450
1732 1704
1733 1063
1734 410
1735 572
1736 1496
1737 1022
1738 1262
1739 815
1740 1640
1741 753
1742 404
1743 820
1744 1077
1745 616
1746 977
1747 1608
1748 366
1749 1242
1750 201
1751 683
1752 601
1753 175
1754 1215
1755 292
1756 172
1757 1392
1758 1275
1759 1556
1760 758
1761 147
1762 825
1763 1664
1764 1451
1765 857
1766 437
1767 819
1768 1055
1769 1692
1770 25
1771 366
1772 1601
1773 1340
1774 76
1775 468
1776 1744
1777 24
1778 1078
1779 500
1780 266
1781 1545
1782 474
1783 510
1784 98
1785 211
1786 496
1787 482
1788 1488
1789 225
1790 1464
1791 219
1792 1647
1793 202
1794 1610
1795 1067
1796 475
1797 1483
1798 176
1799 678
1800 573
1801 751
1802 1784
1803 1387
1804 365
1805 1332
1806 1450
1807 1540
1808 406
1809 1720
1810 283
1811 662
1812 35
1813 1064
1814 556
1815 1557
1816 31
1817 672
1818 1724
1819 506
1820 1111
1821 847
1822 1052
1823 586
1824 597
1825 1525
1826 1242
1827 1557
1828 313
1829 714
1830 1271
1831 18
1832 585
1833 736
1834 1517
1835 418
1836 556
1837 1295
1838 1749
1839 203
1840 727
1841 1680
1842 1204
1843 633
1844 759
1845 640
1846 391
1847 1428
1848 805
1849 574
1850 500
1851 1396
1852 238
1853 1488
1854 438
1855 761
1856 1226
1857 474
1858 1596
1859 289
1860 1780
1861 360
1862 1068
1863 35
1864 1755
1865 326
1866 1045
1867 1011
1868 14
1869 624
1870 1672
1871 140
1872 757
1873 806
1874 1248
1875 1472
1876 566
1877 320
1878 1503
1879 1295
1880 349
1881 1454
1882 148
1883 1607
1884 232
1885 900
1886 1409
1887 442
1888 893
1889 1092
1890 190
1891 1681
1892 516
1893 1556
1894 1156
1895 174
1896 1873
1897 1769
1898 758
1899 179
1900 1424
1901 1000
1902 1868
1903 1057
1904 1553
1905 260
1906 314
1907 1096
1908 330
1909 204
1910 790
1911 1563
1912 1156
1913 1143
1914 70
1915 955
1916 1361
1917 273
1918 50
1919 270
1920 1344
1921 1272
1922 536
1923 1118
1924 516
1925 471
1926 1434
1927 1865
1928 1180
1929 905
1930 1513
1931 1457
1932 1196
1933 722
1934 466
1935 152
1936 287
1937 977
1938 153
1939 974
1940 1293
1941 717
1942 999
1943 812
1944 613
1945 225
1946 761
1947 1048
1948 880
1949 1849
1950 1032
1951 1167
1952 169
1953 1408
1954 205
1955 710
1956 1898
1957 851
1958 517
1959 882
1960 644
1961 1631
1962 1876
1963 286
1964 1619
1965 778
1966 827
1967 1284
1968 861
1969 742
1970 1759
1971 803
1972 1830
1973 574
1974 818
1975 357
1976 871
1977 213
1978 256
1979 1801
1980 300
1981 1900
1982 339
1983 1548
1984 293
1985 1507
1986 1343
1987 1077
1988 938
1989 1603
1990 604
1991 1164
1992 1417
1993 603
1994 1142
1995 381
1996 1337
1997 1280
1998 1020
1999 1377
2000 976
2001 441
2002 1816
2003 1498
2004 1703
2005 1635
2006 1387
2007 848
2008 1386
2009 1690
2010 1250
2011 92
2012 1431
2013 1504
2014 58
2015 139
2016 252
2017 1354
2018 1976
2019 1820
2020 433
2021 75
2022 148
2023 159
2024 1029
2025 523
2026 2013
2027 1411
2028 1036
2029 881
2030 1916
2031 475
2032 1484
2033 1828
2034 637
2035 811
2036 565
2037 737
2038 1887
2039 149
2040 770
2041 2040
2042 1144
2043 1677
2044 712
2045 1195
2046 2034
2047 1022
2048 1966
2049 1371
2050 1341
2051 1921
2052 969
2053 444
2054 516
2055 680
2056 849
2057 257
2058 422
2059 1615
2060 477
2061 1756
2062 1468
2063 612
2064 534
2065 111
2066 1684
2067 878
2068 1317
2069 1163
2070 1788
2071 1829
2072 735
2073 1383
2074 663
2075 653
2076 937
2077 1500
2078 1210
2079 1974
2080 370
2081 1920
2082 1954
2083 1767
2084 691
2085 1285
2086 105
2087 1305
2088 2080
2089 1732
2090 398
2091 374
2092 1963
2093 245
2094 1982
2095 787
2096 1328
2097 1537
2098 604
2099 1586
2100 230
2101 673
2102 1509
2103 646
2104 565
2105 336
2106 2025
2107 1661
2108 445
2109 36
2110 269
2111 663
2112 1003
2113 417
2114 147
2115 1326
2116 1737
2117 1147
2118 454
2119 1924
2120 1206
2121 1429
2122 835
2123 1797
2124 2039
2125 13
2126 1630
2127 1269
2128 609
2129 1362
2130 1440
2131 1573
2132 1271
2133 63
2134 2017
2135 1722
2136 1581
2137 586
2138 624
2139 1121
2140 616
2141 158
2142 1949
2143 340
2144 16
2145 1540
2146 1981
2147 652
2148 548
2149 1404
2150 736
2151 1372
2152 893
2153 618
2154 1631
2155 428
2156 1751
2157 915
2158 1049
2159 1198
2160 1949
2161 2074
2162 1046
2163 1225
2164 1531
2165 1610
2166 1825
2167 366
2168 1133
2169 1766
2170 414
2171 1027
2172 1597
2173 266
2174 297
2175 955
2176 1220
2177 1139
2178 1472
2179 1884
2180 111
2181 70
2182 1248
2183 1379
2184 929
2185 1493
2186 1232
2187 1157
2188 1077
2189 651
2190 455
2191 1458
2192 1548
2193 1170
2194 595
2195 259
2196 966
2197 1693
2198 1519
2199 2062
2200 1201
2201 1714
2202 839
2203 2111
2204 1135
2205 1892
2206 1451
2207 1964
2208 1136
2209 1206
2210 1455
2211 740
2212 1765
2213 49
2214 1756
2215 2189
2216 1798
2217 1726
2218 749
2219 152
2220 225
2221 226
2222 1450
2223 1087
2224 689
2225 561
2226 227
2227 1025
2228 230
2229 941
2230 1103
2231 2092
2232 468
2233 561
2234 502
2235 803
2236 1489
2237 897
2238 1661
2239 898
2240 1785
2241 723
2242 1683
2243 2006
2244 8
2245 347
2246 639
2247 2225
2248 1961
2249 412
2250 1701
2251 866
2252 877
2253 779
2254 1246
2255 2004
2256 263
2257 335
2258 2129
2259 8
2260 72
2261 2189
2262 1699
2263 291
2264 700
2265 920
2266 1945
2267 2230
2268 1665
2269 964
2270 586
2271 515
2272 631
2273 1396
2274 1094
2275 239
2276 2273
2277 1838
2278 2062
2279 1293
2280 1112
2281 1519
2282 470
2283 1742
2284 229
2285 198
2286 894
2287 1479
2288 1137
2289 373
2290 720
2291 828
2292 1220
2293 1265
2294 1016
2295 1298
2296 1503
2297 457
2298 1179
2299 2257
2300 1713
2301 250
2302 348
2303 1359
2304 97
2305 705
2306 683
2307 2107
2308 1655
2309 137
2310 1645
2311 1535
2312 2199
2313 1279
2314 461
2315 481
2316 1562
2317 1364
2318 1289
2319 294
2320 204
2321 1594
2322 895
2323 1757
2324 72
2325 1045
2326 1726
2327 1403
2328 577
2329 2323
2330 1560
2331 710
2332 1850
2333 1669
2334 1383
2335 131
2336 1088
2337 1344
2338 652
2339 1036
2340 233
2341 741
2342 387
2343 1370
2344 2129
2345 1397
2346 584
2347 142
2348 973
2349 712
2350 584
2351 426
2352 29
2353 1782
2354 494
2355 1132
2356 1912
2357 830
2358 2046
2359 288
2360 531
2361 1342
2362 1675
2363 1939
2364 1494
2365 1367
2366 95
2367 2106
2368 428
2369 2043
2370 935
2371 1495
2372 2327
2373 1217
2374 401
2375 249
2376 1070
2377 256
2378 483
2379 660
2380 991
2381 486
2382 1120
2383 202
2384 14
2385 1185
2386 2101
2387 1699
2388 1830
2389 2375
2390 1106
2391 610
2392 2258
2393 2042
2394 1484
2395 1945
2396 336
2397 364
2398 208
2399 871
2400 350
2401 1689
2402 63
2403 438
2404 323
2405 1193
2406 1179
2407 1116
2408 548
2409 248
2410 2299
2411 216
2412 662
2413 2314
2414 402
2415 1168
2416 167
2417 1268
2418 449
2419 816
2420 923
2421 1584
2422 2047
2423 631
2424 153
2425 1416
2426 749
2427 1980
2428 1213
2429 2058
2430 576
2431 1038
2432 2207
2433 323
2434 387
2435 360
2436 89
2437 1557
2438 377
2439 597
2440 1725
2441 125
2442 1978
2443 845
2444 1054
2445 1633
2446 77
2447 2416
2448 131
2449 838
2450 1588
2451 1852
2452 803
2453 2286
2454 1230
2455 259
2456 94
2457 1720
2458 2291
2459 1166
2460 261
2461 235
2462 1047
2463 2013
2464 861
2465 704
2466 1878
2467 1509
2468 516
2469 506
2470 176
2471 1580
2472 1398
2473 408
2474 137
2475 338
2476 1089
2477 2470
2478 2440
2479 1125
2480 173
2481 720
2482 168
2483 61
2484 2431
2485 588
2486 1116
2487 712
2488 1062
2489 560
2490 724
2491 1400
2492 1001
2493 383
2494 2272
2495 1778
2496 1328
2497 600
2498 2151
2499 33
2500 1532
2501 2163
2502 595
2503 1511
2504 1883
2505 1289
2506 1807
2507 1555
2508 912
2509 1646
2510 1025
2511 1023
2512 1202
2513 1673
2514 578
2515 1989
2516 1211
2517 26
2518 1396
2519 1231
2520 313
2521 546
2522 775
2523 138
2524 1938
2525 2396
2526 66
2527 1063
2528 961
2529 1619
2530 2478
2531 2433
2532 2002
2533 13
2534 2017
2535 945
2536 349
2537 2494
2538 2278
2539 840
2540 356
2541 551
2542 1770
2543 2408
2544 890
2545 233
2546 272
2547 35
2548 1079
2549 181
2550 2222
2551 2045
2552 187
2553 1701
2554 1544
2555 1648
2556 1993
2557 2000
2558 1331
2559 441
2560 1905
2561 1786
2562 1449
2563 2139
2564 1180
2565 2162
2566 2407
2567 1361
2568 782
2569 1113
2570 1537
2571 1844
2572 613
2573 376
2574 1173
2575 884
2576 1616
2577 456
2578 69
2579 1945
2580 432
2581 1187
2582 1835
2583 1333
2584 575
2585 1034
2586 1145
2587 733
2588 954
2589 1510
2590 2426
2591 1548
2592 2310
2593 948
2594 2545
2595 1051
2596 2208
2597 77
2598 2210
2599 771
2600 123
2601 929
2602 281
2603 2157
2604 1215
2605 514
2606 1992
2607 1980
2608 950
2609 1135
2610 196
2611 2068
2612 2580
2613 331
2614 1552
2615 918
2616 1202
2617 1360
2618 1701
2619 1900
2620 238
2621 2035
2622 417
2623 2290
2624 212
2625 1705
2626 778
2627 1756
2628 508
2629 1531
2630 601
2631 661
2632 1445
2633 534
2634 1963
2635 1855
2636 2240
2637 587
2638 88
2639 2581
2640 1937
2641 2501
2642 2275
2643 814
2644 62
2645 2398
2646 1583
2647 199
2648 1709
2649 175
2650 666
2651 1837
2652 883
2653 1178
2654 814
2655 205
2656 82
2657 322
2658 749
2659 1215
2660 2269
2661 1782
2662 74
2663 1392
2664 2581
2665 1961
2666 2262
2667 609
2668 1467
2669 966
2670 602
2671 1998
2672 2196
2673 1202
2674 30
2675 2059
2676 1647
2677 1306
2678 600
2679 563
2680 990
2681 2511
2682 1642
2683 1834
2684 1531
2685 1315
2686 1049
2687 2468
2688 1759
2689 614
2690 1468
2691 843
2692 476
2693 809
2694 2301
2695 142
2696 1268
2697 2441
2698 2252
2699 2311
2700 335
2701 2415
2702 113
2703 100
2704 561
2705 799
2706 2192
2707 54
2708 2051
2709 406
2710 1866
2711 1445
2712 2057
2713 1161
2714 2420
2715 1331
2716 1403
2717 2154
2718 42
2719 1695
2720 1834
2721 1277
2722 1608
2723 1599
2724 1736
2725 32
2726 1022
2727 2403
2728 1259
2729 1135
2730 1399
2731 2058
2732 2330
2733 2231
2734 2514
2735 406
2736 364
2737 451
2738 2643
2739 2441
2740 2029
2741 435
2742 1820
2743 2618
2744 1080
2745 684
2746 2514
2747 1588
2748 1732
2749 612
2750 761
2751 712
2752 147
2753 112
2754 1152
2755 1202
2756 186
2757 1139
2758 1336
2759 1594
2760 1036
2761 457
2762 1845
2763 710
2764 974
2765 1804
2766 1845
2767 619
2768 1789
2769 1014
2770 1040
2771 1997
2772 860
2773 1819
2774 2315
2775 656
2776 2704
2777 176
2778 2536
2779 2660
2780 1840
2781 1564
2782 2627
2783 2772
2784 615
2785 1318
2786 2100
2787 2591
2788 499
2789 111
2790 2006
2791 82
2792 495
2793 842
2794 648
2795 569
2796 1350
2797 2213
2798 1908
2799 1544
2800 315
2801 273
2802 1402
2803 810
2804 833
2805 1236
2806 1096
2807 2541
2808 1880
2809 606
2810 1934
2811 2174
2812 1781
2813 1599
2814 2623
2815 94
2816 232
2817 2311
2818 2348
2819 15
2820 407
2821 1944
2822 2583
2823 2184
2824 1833
2825 1799
2826 2298
2827 2598
2828 768
2829 427
2830 1295
2831 838
2832 161
2833 27
2834 1900
2835 2176
2836 444
2837 1030
2838 2672
2839 768
2840 1802
2841 157
2842 589
2843 532
2844 659
2845 1955
2846 2677
2847 96
2848 1956
2849 700
2850 2018
2851 91
2852 2113
2853 2100
2854 1601
2855 2068
2856 2007
2857 2337
2858 2359
2859 1393
2860 510
2861 120
2862 2491
2863 2327
2864 2593
2865 2780
2866 1762
2867 866
2868 2285
2869 672
2870 2853
2871 691
2872 1973
2873 197
2874 51
2875 290
2876 2777
2877 31
2878 2317
2879 2550
2880 491
2881 556
2882 871
2883 1687
2884 1103
2885 1881
2886 1915
2887 2020
2888 1778
2889 1153
2890 1837
2891 990
2892 1989
2893 1479
2894 2889
2895 829
2896 1580
2897 716
2898 210
2899 362
2900 1530
2901 734
2902 1661
2903 136
2904 625
2905 1439
2906 2879
2907 49
2908 1079
2909 1812
2910 2560
2911 2427
2912 690
2913 735
2914 763
2915 2093
2916 539
2917 510
2918 2701
2919 2416
2920 1311
2921 1983
2922 935
2923 628
2924 26
2925 1717
2926 1414
2927 25
2928 649
2929 2564
2930 1730
2931 260
2932 613
2933 208
2934 1383
2935 64
2936 942
2937 994
2938 882
2939 1665
2940 677
2941 1364
2942 2375
2943 2793
2944 2697
2945 989
2946 2290
2947 1437
2948 295
2949 2632
2950 1536
2951 830
2952 2576
2953 2265
2954 1982
2955 2072
2956 295
2957 529
2958 996
2959 338
2960 1739
2961 539
2962 1614
2963 2941
2964 2362
2965 647
2966 991
2967 357
2968 1957
2969 1502
2970 1377
2971 1028
2972 796
2973 2061
2974 245
2975 246
2976 832
2977 303
2978 1936
2979 1456
2980 1094
2981 1278
2982 2371
2983 1434
2984 124
2985 2801
2986 1922
2987 1109
2988 2752
2989 2119
2990 1916
2991 805
2992 2472
2993 842
2994 2886
2995 1908
2996 1663
2997 2350
2998 1426
2999 2218
3000 702
3001 1332
3002 2759
3003 181
3004 2064
3005 2118
3006 2409
3007 861
3008 1626
3009 860
3010 2211
3011 1129
3012 857
3013 2200
3014 1724
3015 2906
3016 2748
3017 2422
3018 1904
3019 2034
3020 1230
3021 1943
3022 1607
3023 478
3024 1392
3025 920
3026 658
3027 206
3028 1950
3029 5
3030 2705
3031 1705
3032 70
3033 1827
3034 2041
3035 2032
3036 2367
3037 1832
3038 2254
3039 2706
3040 1905
3041 1453
3042 2762
3043 468
3044 15
3045 830
3046 439
3047 1348
3048 2080
3049 2089
3050 1604
3051 1200
3052 31
3053 1678
3054 1953
3055 2231
3056 934
3057 589
3058 1715
3059 1813
3060 318
3061 1752
3062 1413
3063 1650
3064 2565
3065 1723
3066 16
3067 493
3068 2394
3069 2373
3070 1915
3071 1107
3072 1217
3073 1001
3074 44
3075 2833
3076 1067
3077 2969
3078 966
3079 2828
3080 1549
3081 1273
3082 485
3083 2216
3084 2059
3085 1407
3086 101
3087 634
3088 1983
3089 1745
3090 3043
3091 385
3092 2042
3093 1052
3094 743
3095 2294
3096 487
3097 2996
3098 1392
3099 505
3100 1734
3101 697
3102 581
3103 2355
3104 430
3105 56
3106 2574
3107 1312
3108 215
3109 2200
3110 1953
3111 3043
3112 140
3113 382
3114 2310
3115 1213
3116 1421
3117 2090
3118 2363
3119 2403
3120 596
3121 2941
3122 654
3123 2390
3124 1235
3125 2064
3126 2910
3127 1479
3128 559
3129 39
3130 1960
3131 2613
3132 2636
3133 1190
3134 2580
3135 1178
3136 1822
3137 2
3138 68
3139 3014
3140 1782
3141 1383
3142 2901
3143 792
3144 975
3145 1736
3146 1352
3147 2160
3148 1836
3149 2132
3150 2275
3151 1342
3152 1537
3153 776
3154 2615
3155 354
3156 256
3157 297
3158 2962
3159 1444
3160 1658
3161 1851
3162 278
3163 1335
3164 1476
3165 2698
3166 1906
3167 194
3168 1646
3169 1200
3170 1360
3171 1023
3172 2929
3173 39
3174 2950
3175 186
3176 2629
3177 1400
3178 1254
3179 423
3180 2564
3181 1552
3182 1711
3183 1871
3184 1462
3185 714
3186 438
3187 397
3188 486
3189 618
3190 657
3191 927
3192 306
3193 1729
3194 1378
3195 3081
3196 2839
3197 2336
3198 447
3199 2804
3200 920
3201 2985
3202 436
3203 753
3204 1152
3205 3179
3206 2449
3207 869
3208 472
3209 2157
3210 1175
3211 2276
3212 2391
3213 70
3214 2165
3215 2052
3216 1308
3217 1852
3218 2116
3219 2361
3220 2473
3221 1703
3222 2272
3223 2996
3224 2466
3225 1927
3226 2747
3227 1681
3228 2900
3229 493
3230 2605
3231 527
3232 1113
3233 2805
3234 2347
3235 3137
3236 1012
3237 2635
3238 412
3239 1066
3240 1944
3241 2256
3242 3109
3243 1011
3244 3041
3245 543
3246 1137
3247 2617
3248 2661
3249 2565
3250 1705
3251 668
3252 1461
3253 424
3254 5
3255 3068
3256 42
3257 1063
3258 1271
3259 2231
3260 828
3261 563
3262 243
3263 1715
3264 3127
3265 669
3266 1031
3267 1800
3268 289
3269 2708
3270 258
3271 2871
3272 1192
3273 143
3274 3231
3275 1933
3276 190
3277 350
3278 2103
3279 2737
3280 1045
3281 669
3282 2779
3283 3138
3284 2242
3285 2730
3286 2649
3287 885
3288 725
3289 2137
3290 2553
3291 1800
3292 916
3293 2248
3294 1588
3295 2436
3296 2246
3297 2952
3298 989
3299 3026
3300 2231
3301 741
3302 591
3303 1180
3304 2539
3305 692
3306 2007
3307 751
3308 3187
3309 959
3310 2322
3311 173
3312 1874
3313 909
3314 2010
3315 1739
3316 2526
3317 1872
3318 2739
3319 2455
3320 2711
3321 2331
3322 877
3323 1067
3324 1762
3325 1476
3326 1304
3327 1626
3328 1026
3329 2974
3330 176
3331 1693
3332 581
3333 3018
3334 28
3335 2146
3336 1244
3337 2687
3338 2296
3339 1064
3340 3010
3341 2131
3342 3187
3343 184
3344 1150
3345 2572
3346 2407
3347 175
3348 2420
3349 1451
3350 1826
3351 1498
3352 1891
3353 1775
3354 277
3355 2844
3356 137
3357 494
3358 2871
3359 2722
3360 2813
3361 1640
3362 1890
3363 1505
3364 564
3365 316
3366 2427
3367 1285
3368 1373
3369 1134
3370 2235
3371 1441
3372 1597
3373 2241
3374 753
3375 1902
3376 814
3377 498
3378 2010
3379 1370
3380 1270
3381 1733
3382 656
3383 1841
3384 2370
3385 989
3386 1599
3387 1911
3388 2471
3389 2510
3390 3080
3391 906
3392 2935
3393 2412
3394 3367
3395 824
3396 1181
3397 1809
3398 2539
3399 2605
3400 2546
3401 1859
3402 650
3403 2659
3404 1899
3405 2401
3406 1449
3407 1061
3408 2483
3409 3144
3410 1594
3411 3217
3412 2543
3413 2268
3414 2662
3415 3107
3416 1962
3417 835
3418 2878
3419 1841
3420 2694
3421 3116
3422 1018
3423 1820
3424 728
3425 2453
3426 579
3427 2366
3428 2435
3429 220
3430 27
3431 748
3432 738
3433 94
3434 1996
3435 693
3436 1814
3437 1075
3438 649
3439 624
3440 2264
3441 581
3442 2470
3443 3239
3444 2622
3445 2816
3446 661
3447 1498
3448 565
3449 2683
3450 812
3451 1364
3452 704
3453 3341
3454 2160
3455 3229
3456 3336
3457 2632
3458 1788
3459 2993
3460 2680
3461 14
3462 590
3463 2173
3464 2627
3465 3085
3466 740
3467 1678
3468 1261
3469 112
3470 179
3471 119
3472 502
3473 3057
3474 2169
3475 906
3476 1288
3477 355
3478 2515
3479 1738
3480 1201
3481 3053
3482 2120
3483 2274
3484 1698
3485 2668
3486 2984
3487 997
3488 3003
3489 2991
3490 1915
3491 341
3492 2747
3493 2601
3494 2631
3495 2671
3496 7
3497 3482
3498 456
3499 1495
3500 1830
3501 1243
3502 3214
3503 918
3504 1940
3505 1972
3506 2035
3507 90
3508 862
3509 1819
3510 2519
3511 793
3512 377
3513 231
3514 698
3515 3268
3516 1695
3517 1581
3518 101
3519 549
3520 2120
3521 1649
3522 625
3523 564
3524 2885
3525 1532
3526 782
3527 132
3528 2252
3529 932
3530 3262
3531 1658
3532 1446
3533 2017
3534 3179
3535 3350
3536 3370
3537 1111
3538 58
3539 3350
3540 2501
3541 1468
3542 2788
3543 1404
3544 1066
3545 451
3546 491
3547 2134
3548 1293
3549 3360
3550 1292
3551 2508
3552 1729
3553 3287
3554 3218
3555 716
3556 2162
3557 1355
3558 1047
3559 2420
3560 478
3561 3292
3562 1787
3563 2003
3564 1813
3565 2985
3566 1423
3567 2936
3568 183
3569 1697
3570 1894
3571 898
3572 1683
3573 2500
3574 3393
3575 3440
3576 753
3577 1072
3578 988
3579 1868
3580 1915
3581 2314
3582 1771
3583 2483
3584 1448
3585 1575
3586 1714
3587 2461
3588 17
3589 799
3590 816
3591 895
3592 170
3593 2353
3594 2540
3595 833
3596 33
3597 3223
3598 2372
3599 508
3600 2841
3601 2762
3602 333
3603 2218
3604 3322
3605 3285
3606 843
3607 2147
3608 1937
3609 2663
3610 3517
3611 2381
3612 1365
3613 2319
3614 3528
3615 538
3616 3279
3617 683
3618 2586
3619 807
3620 2498
3621 1043
3622 62
3623 2582
3624 3507
3625 491
3626 2451
3627 3244
3628 2153
3629 1363
3630 2539
3631 3593
3632 2412
3633 3259
3634 2131
3635 304
3636 3054
3637 702
3638 2792
3639 927
3640 1411
3641 3502
3642 1440
3643 3046
3644 157
3645 3437
3646 2722
3647 352
3648 1713
3649 1387
3650 16
3651 773
3652 1043
3653 1588
3654 422
3655 1945
3656 1573
3657 2546
3658 1487
3659 1388
3660 264
3661 1178
3662 1228
3663 3504
3664 1538
3665 2427
3666 2241
3667 789
3668 1009
3669 752
3670 2902
3671 1788
3672 3098
3673 1776
3674 529
3675 1989
3676 1792
3677 3498
3678 2153
3679 954
3680 385
3681 1806
3682 699
3683 1054
3684 3204
3685 388
3686 1295
3687 2976
3688 1126
3689 159
3690 892
3691 2644
3692 1185
3693 2083
3694 1011
3695 2976
3696 597
3697 899
3698 990
3699 2954
3700 2760
3701 802
3702 2375
3703 199
3704 1940
3705 3482
3706 1464
3707 2328
3708 1156
3709 3065
3710 1392
3711 1150
3712 96
3713 316
3714 3020
3715 2411
3716 2198
3717 1501
3718 1446
3719 1780
3720 2258
3721 2649
3722 3590
3723 2488
3724 3378
3725 1950
3726 2279
3727 1055
3728 1384
3729 2233
3730 1330
3731 521
3732 2893
3733 1464
3734 1246
3735 572
3736 655
3737 734
3738 2931
3739 1833
3740 539
3741 671
3742 319
3743 2678
3744 2522
3745 381
3746 1946
3747 2364
3748 1224
3749 1223
3750 307
3751 2844
3752 147
3753 3697
3754 724
3755 2989
3756 824
3757 1488
3758 4
3759 3356
3760 1600
3761 1383
3762 3325
3763 3746
3764 2882
3765 798
3766 1085
3767 1633
3768 3354
3769 1163
3770 2291
3771 1710
3772 620
3773 2078
3774 1776
3775 731
3776 3634
3777 1114
3778 347
3779 707
3780 1609
3781 1372
3782 988
3783 144
3784 297
3785 2797
3786 3608
3787 37
3788 999
3789 204
3790 1301
3791 3721
3792 1007
3793 3365
3794 2537
3795 581
3796 243
3797 173
3798 225
3799 47
3800 355
3801 2113
3802 1266
3803 3366
3804 1160
3805 888
3806 2147
3807 125
3808 3253
3809 409
3810 204
3811 1471
3812 1262
3813 1450
3814 3248
3815 1514
3816 3465
3817 1807
3818 776
3819 2276
3820 1180
3821 3406
3822 733
3823 3322
3824 2672
3825 3225
3826 435
3827 1197
3828 406
3829 3296
3830 2272
3831 1041
3832 322
3833 97
3834 1857
3835 3722
3836 3393
3837 433
3838 775
3839 1576
3840 1710
3841 389
3842 1086
3843 1550
3844 2458
3845 1652
3846 3819
3847 1627
3848 2646
3849 527
3850 3124
3851 2473
3852 3638
3853 2622
3854 2714
3855 3760
3856 913
3857 653
3858 2283
3859 2877
3860 3714
3861 296
3862 2485
3863 1221
3864 843
3865 1258
3866 2690
3867 114
3868 96
3869 3836
3870 3114
3871 2019
3872 1921
3873 547
3874 3223
3875 38
3876 2442
3877 879
3878 2723
3879 2769
3880 1123
3881 2587
3882 1646
3883 2726
3884 2532
3885 3857
3886 1006
3887 1449
3888 877
3889 1960
3890 2797
3891 290
3892 2137
3893 2255
3894 886
3895 2861
3896 3296
3897 1516
3898 1713
3899 1504
3900 536
3901 3489
3902 19
3903 2735
3904 659
3905 253
3906 316
3907 2514
3908 3238
3909 3010
3910 1614
3911 1488
3912 3018
3913 3349
3914 3792
3915 2597
3916 1349
3917 179
3918 202
3919 745
3920 1600
3921 627
3922 110
3923 2941
3924 995
3925 2671
3926 3762
3927 1339
3928 3704
3929 3304
3930 3750
3931 3779
3932 454
3933 2472
3934 121
3935 2120
3936 1327
3937 1402
3938 1241
3939 2788
3940 2072
3941 1189
3942 1580
3943 3488
3944 513
3945 2861
3946 336
3947 735
3948 2295
3949 1742
3950 2057
3951 2895
3952 1344
3953 3125
3954 2593
3955 1847
3956 3662
3957 620
3958 117
3959 2549
3960 827
3961 1637
3962 2861
3963 307
3964 1367
3965 2574
3966 2610
3967 3092
3968 2843
3969 3331
3970 917
3971 2445
3972 101
3973 456
3974 511
3975 1212
3976 3049
3977 145
3978 1324
3979 1551
3980 2136
3981 1660
3982 3511
3983 221
3984 3760
3985 2566
3986 3251
3987 3947
3988 1524
3989 896
3990 2071
3991 3663
3992 1592
3993 3915
3994 1644
3995 1122
3996 3768
3997 3642
3998 2197
3999 1813
4000 1532
