500
2 1
3 1
4 3
5 4
6 1
7 4
8 1
9 4
10 6
11 6
12 7
13 2
14 10
15 12
16 12
17 2
18 5
19 2
20 11
21 10
22 11
23 5
24 8
25 24
26 10
27 26
28 15
29 7
30 6
31 20
32 11
33 21
34 27
35 23
36 26
37 22
38 1
39 14
40 19
41 28
42 21
43 13
44 1
45 19
46 18
47 8
48 14
49 24
50 20
51 20
52 14
53 38
54 5
55 7
56 19
57 50
58 10
59 36
60 50
61 46
62 49
63 9
64 58
65 45
66 21
67 31
68 67
69 2
70 65
71 10
72 7
73 11
74 42
75 4
76 36
77 35
78 53
79 77
80 64
81 21
82 21
83 20
84 17
85 67
86 44
87 60
88 8
89 55
90 7
91 27
92 16
93 49
94 85
95 70
96 37
97 18
98 85
99 8
100 49
101 51
102 62
103 66
104 43
105 40
106 41
107 2
108 19
109 42
110 92
111 89
112 63
113 3
114 42
115 112
116 1
117 17
118 40
119 75
120 111
121 62
122 54
123 2
124 115
125 35
126 99
127 43
128 107
129 11
130 15
131 14
132 36
133 105
134 65
135 90
136 115
137 27
138 2
139 41
140 49
141 89
142 94
143 8
144 78
145 137
146 43
147 112
148 45
149 61
150 103
151 33
152 8
153 136
154 134
155 92
156 38
157 124
158 96
159 158
160 103
161 160
162 61
163 65
164 70
165 40
166 49
167 18
168 51
169 5
170 64
171 15
172 128
173 103
174 112
175 152
176 157
177 64
178 144
179 123
180 174
181 86
182 108
183 156
184 32
185 132
186 167
187 133
188 30
189 169
190 36
191 43
192 40
193 153
194 20
195 52
196 123
197 73
198 180
199 47
200 165
201 117
202 62
203 107
204 71
205 72
206 59
207 15
208 154
209 126
210 57
211 11
212 62
213 205
214 9
215 94
216 53
217 202
218 117
219 217
220 35
221 85
222 20
223 24
224 158
225 31
226 78
227 71
228 135
229 19
230 41
231 96
232 109
233 59
234 136
235 96
236 149
237 145
238 233
239 104
240 75
241 94
242 21
243 72
244 210
245 152
246 26
247 196
248 113
249 234
250 73
251 164
252 104
253 252
254 89
255 110
256 59
257 218
258 98
259 170
260 70
261 110
262 183
263 243
264 213
265 128
266 47
267 31
268 111
269 72
270 19
271 156
272 117
273 213
274 166
275 163
276 147
277 257
278 162
279 90
280 184
281 61
282 23
283 33
284 263
285 87
286 177
287 148
288 99
289 112
290 153
291 276
292 281
293 239
294 127
295 74
296 146
297 115
298 115
299 271
300 132
301 96
302 9
303 170
304 270
305 173
306 7
307 36
308 255
309 20
310 149
311 30
312 151
313 202
314 198
315 310
316 85
317 141
318 73
319 176
320 230
321 75
322 209
323 176
324 152
325 141
326 129
327 257
328 285
329 292
330 178
331 317
332 80
333 14
334 325
335 228
336 192
337 189
338 337
339 103
340 32
341 231
342 277
343 214
344 10
345 129
346 301
347 285
348 163
349 330
350 88
351 190
352 304
353 338
354 316
355 160
356 135
357 8
358 326
359 41
360 170
361 147
362 346
363 332
364 277
365 348
366 62
367 348
368 105
369 365
370 38
371 149
372 142
373 64
374 85
375 337
376 37
377 211
378 198
379 93
380 198
381 110
382 48
383 220
384 152
385 238
386 255
387 52
388 73
389 85
390 290
391 24
392 47
393 17
394 70
395 11
396 28
397 281
398 40
399 139
400 143
401 374
402 196
403 118
404 292
405 26
406 110
407 184
408 201
409 247
410 164
411 352
412 66
413 14
414 226
415 333
416 371
417 358
418 24
419 12
420 234
421 390
422 160
423 180
424 342
425 21
426 127
427 185
428 410
429 154
430 192
431 422
432 137
433 79
434 296
435 25
436 97
437 214
438 142
439 349
440 133
441 397
442 306
443 353
444 32
445 125
446 129
447 286
448 244
449 322
450 441
451 204
452 91
453 158
454 448
455 88
456 419
457 224
458 272
459 44
460 254
461 146
462 237
463 390
464 111
465 272
466 427
467 54
468 322
469 155
470 192
471 306
472 215
473 270
474 106
475 80
476 254
477 260
478 105
479 153
480 127
481 330
482 65
483 369
484 309
485 6
486 174
487 136
488 72
489 201
490 369
491 64
492 9
493 357
494 8
495 22
496 136
497 465
498 253
499 287
500 135
