10000
2 1
3 1
4 1
5 4
6 2
7 4
8 7
9 8
10 2
11 9
12 9
13 10
14 9
15 3
16 9
17 16
18 13
19 6
20 16
21 19
22 6
23 17
24 15
25 23
26 24
27 16
28 2
29 28
30 6
31 28
32 11
33 1
34 32
35 17
36 12
37 20
38 32
39 32
40 25
41 29
42 27
43 3
44 25
45 20
46 5
47 27
48 39
49 48
50 48
51 41
52 6
53 50
54 49
55 1
56 6
57 48
58 32
59 26
60 59
61 2
62 50
63 23
64 52
65 58
66 22
67 55
68 27
69 7
70 30
71 61
72 6
73 53
74 62
75 14
76 75
77 31
78 59
79 13
80 34
81 45
82 27
83 79
84 78
85 2
86 71
87 60
88 70
89 49
90 42
91 17
92 28
93 52
94 51
95 11
96 67
97 85
98 81
99 92
100 86
101 64
102 88
103 74
104 64
105 96
106 11
107 81
108 54
109 49
110 35
111 50
112 110
113 111
114 84
115 108
116 58
117 1
118 34
119 47
120 42
121 32
122 29
123 19
124 23
125 9
126 7
127 7
128 1
129 120
130 84
131 49
132 12
133 107
134 38
135 123
136 25
137 30
138 137
139 23
140 64
141 124
142 110
143 16
144 51
145 142
146 82
147 18
148 115
149 66
150 49
151 107
152 39
153 15
154 150
155 109
156 66
157 79
158 117
159 86
160 51
161 77
162 67
163 97
164 122
165 80
166 99
167 122
168 144
169 55
170 57
171 40
172 69
173 163
174 135
175 20
176 41
177 162
178 17
179 32
180 11
181 125
182 77
183 152
184 124
185 180
186 22
187 181
188 96
189 101
190 90
191 86
192 59
193 122
194 43
195 1
196 26
197 175
198 39
199 16
200 186
201 35
202 15
203 98
204 85
205 6
206 195
207 135
208 28
209 83
210 16
211 198
212 85
213 38
214 172
215 21
216 213
217 73
218 54
219 60
220 128
221 147
222 194
223 190
224 66
225 41
226 31
227 6
228 44
229 104
230 211
231 42
232 164
233 219
234 176
235 142
236 117
237 21
238 183
239 140
240 23
241 153
242 16
243 159
244 25
245 78
246 66
247 226
248 202
249 141
250 194
251 237
252 5
253 157
254 67
255 242
256 21
257 1
258 153
259 149
260 183
261 24
262 20
263 10
264 97
265 53
266 199
267 141
268 206
269 156
270 38
271 56
272 3
273 237
274 271
275 81
276 8
277 191
278 131
279 271
280 215
281 168
282 256
283 253
284 220
285 227
286 120
287 159
288 83
289 170
290 162
291 259
292 157
293 5
294 58
295 214
296 73
297 42
298 254
299 209
300 223
301 263
302 62
303 186
304 44
305 117
306 293
307 178
308 144
309 174
310 151
311 129
312 28
313 298
314 147
315 155
316 38
317 261
318 197
319 221
320 99
321 268
322 297
323 121
324 22
325 224
326 159
327 41
328 158
329 179
330 149
331 275
332 256
333 190
334 332
335 321
336 138
337 154
338 45
339 215
340 299
341 284
342 252
343 151
344 222
345 147
346 292
347 268
348 125
349 199
350 314
351 343
352 120
353 79
354 331
355 23
356 231
357 326
358 200
359 83
360 36
361 46
362 54
363 118
364 344
365 349
366 6
367 220
368 56
369 69
370 126
371 263
372 102
373 111
374 353
375 273
376 109
377 115
378 273
379 113
380 189
381 261
382 44
383 20
384 238
385 155
386 223
387 50
388 209
389 265
390 107
391 121
392 122
393 165
394 25
395 341
396 51
397 388
398 286
399 276
400 282
401 348
402 312
403 82
404 33
405 125
406 162
407 289
408 10
409 162
410 20
411 210
412 82
413 319
414 255
415 87
416 85
417 408
418 410
419 131
420 346
421 43
422 69
423 96
424 400
425 134
426 302
427 97
428 36
429 364
430 360
431 145
432 79
433 297
434 16
435 90
436 254
437 180
438 432
439 288
440 121
441 264
442 434
443 408
444 21
445 22
446 409
447 385
448 13
449 430
450 61
451 47
452 25
453 110
454 323
455 51
456 442
457 147
458 428
459 132
460 384
461 231
462 372
463 184
464 74
465 243
466 269
467 222
468 35
469 130
470 358
471 256
472 240
473 325
474 347
475 432
476 264
477 88
478 225
479 110
480 63
481 453
482 238
483 469
484 427
485 12
486 321
487 153
488 267
489 147
490 145
491 180
492 453
493 62
494 420
495 108
496 397
497 130
498 45
499 406
500 264
501 445
502 51
503 66
504 184
505 441
506 395
507 361
508 283
509 11
510 325
511 321
512 39
513 69
514 230
515 40
516 397
517 511
518 139
519 471
520 111
521 125
522 403
523 202
524 142
525 238
526 404
527 174
528 161
529 109
530 265
531 511
532 75
533 15
534 66
535 414
536 113
537 292
538 179
539 424
540 257
541 301
542 136
543 102
544 126
545 407
546 47
547 273
548 50
549 249
550 305
551 324
552 470
553 427
554 502
555 498
556 57
557 429
558 293
559 297
560 539
561 110
562 186
563 236
564 418
565 287
566 349
567 524
568 367
569 183
570 234
571 452
572 357
573 256
574 150
575 468
576 477
577 481
578 55
579 124
580 62
581 33
582 365
583 198
584 330
585 180
586 2
587 95
588 67
589 13
590 436
591 205
592 573
593 300
594 478
595 538
596 189
597 109
598 505
599 284
600 310
601 216
602 406
603 94
604 214
605 370
606 84
607 287
608 124
609 460
610 389
611 74
612 580
613 299
614 393
615 428
616 272
617 424
618 259
619 40
620 84
621 217
622 281
623 455
624 583
625 319
626 542
627 438
628 305
629 237
630 514
631 614
632 47
633 305
634 44
635 620
636 458
637 385
638 278
639 168
640 41
641 129
642 32
643 150
644 138
645 339
646 327
647 457
648 380
649 407
650 155
651 282
652 179
653 256
654 271
655 187
656 104
657 607
658 112
659 326
660 582
661 15
662 537
663 469
664 642
665 248
666 79
667 611
668 229
669 536
670 658
671 438
672 452
673 295
674 449
675 423
676 419
677 457
678 24
679 544
680 502
681 105
682 590
683 34
684 32
685 184
686 430
687 262
688 614
689 484
690 376
691 463
692 419
693 663
694 313
695 632
696 358
697 607
698 372
699 150
700 534
701 311
702 364
703 631
704 289
705 165
706 248
707 660
708 164
709 613
710 426
711 12
712 668
713 574
714 30
715 549
716 204
717 624
718 650
719 364
720 232
721 342
722 247
723 539
724 426
725 153
726 312
727 568
728 588
729 85
730 127
731 482
732 21
733 205
734 430
735 114
736 199
737 709
738 397
739 498
740 268
741 691
742 679
743 248
744 78
745 631
746 28
747 70
748 432
749 376
750 163
751 42
752 550
753 126
754 665
755 731
756 526
757 481
758 388
759 143
760 410
761 193
762 13
763 16
764 474
765 608
766 368
767 513
768 706
769 718
770 54
771 560
772 131
773 463
774 350
775 235
776 762
777 650
778 414
779 91
780 41
781 392
782 420
783 121
784 273
785 290
786 686
787 469
788 570
789 23
790 789
791 344
792 173
793 141
794 586
795 439
796 769
797 147
798 469
799 715
800 46
801 72
802 736
803 441
804 507
805 30
806 30
807 22
808 378
809 680
810 244
811 59
812 260
813 460
814 799
815 298
816 716
817 43
818 120
819 128
820 150
821 804
822 61
823 796
824 730
825 520
826 261
827 284
828 295
829 806
830 343
831 242
832 731
833 122
834 621
835 638
836 681
837 406
838 801
839 382
840 94
841 738
842 224
843 265
844 441
845 624
846 58
847 294
848 344
849 50
850 81
851 297
852 317
853 490
854 223
855 398
856 116
857 266
858 402
859 504
860 188
861 638
862 119
863 341
864 109
865 366
866 127
867 269
868 758
869 460
870 539
871 765
872 609
873 806
874 242
875 252
876 276
877 168
878 5
879 859
880 421
881 429
882 165
883 603
884 114
885 642
886 404
887 753
888 574
889 219
890 337
891 328
892 212
893 221
894 744
895 413
896 3
897 171
898 531
899 505
900 583
901 201
902 164
903 142
904 448
905 502
906 802
907 319
908 120
909 884
910 318
911 770
912 509
913 70
914 53
915 599
916 448
917 733
918 235
919 449
920 85
921 163
922 339
923 452
924 453
925 304
926 584
927 591
928 817
929 473
930 449
931 897
932 149
933 391
934 622
935 906
936 701
937 808
938 715
939 747
940 274
941 889
942 669
943 110
944 262
945 35
946 356
947 907
948 486
949 317
950 512
951 745
952 829
953 538
954 434
955 135
956 248
957 851
958 820
959 608
960 941
961 801
962 916
963 70
964 579
965 600
966 903
967 304
968 717
969 518
970 181
971 253
972 401
973 305
974 757
975 194
976 451
977 302
978 356
979 470
980 863
981 92
982 197
983 979
984 199
985 144
986 307
987 752
988 385
989 295
990 507
991 74
992 650
993 297
994 290
995 179
996 611
997 39
998 952
999 635
1000 228
1001 367
1002 866
1003 596
1004 550
1005 293
1006 237
1007 706
1008 104
1009 254
1010 573
1011 795
1012 406
1013 5
1014 208
1015 344
1016 405
1017 374
1018 654
1019 924
1020 948
1021 966
1022 680
1023 482
1024 1010
1025 410
1026 684
1027 629
1028 632
1029 815
1030 1003
1031 154
1032 363
1033 234
1034 646
1035 228
1036 726
1037 242
1038 73
1039 846
1040 656
1041 27
1042 596
1043 847
1044 301
1045 456
1046 469
1047 774
1048 338
1049 234
1050 799
1051 808
1052 233
1053 594
1054 234
1055 900
1056 315
1057 828
1058 379
1059 913
1060 770
1061 290
1062 669
1063 668
1064 582
1065 1009
1066 34
1067 964
1068 874
1069 39
1070 426
1071 208
1072 870
1073 700
1074 330
1075 389
1076 201
1077 248
1078 685
1079 882
1080 538
1081 901
1082 870
1083 297
1084 713
1085 265
1086 975
1087 817
1088 866
1089 88
1090 805
1091 265
1092 713
1093 995
1094 182
1095 593
1096 635
1097 611
1098 156
1099 20
1100 467
1101 831
1102 419
1103 112
1104 642
1105 971
1106 1049
1107 634
1108 957
1109 247
1110 807
1111 103
1112 289
1113 1008
1114 868
1115 796
1116 303
1117 1045
1118 258
1119 385
1120 26
1121 20
1122 1035
1123 1066
1124 813
1125 818
1126 487
1127 602
1128 307
1129 688
1130 964
1131 940
1132 326
1133 632
1134 262
1135 465
1136 1064
1137 1119
1138 699
1139 1059
1140 736
1141 1016
1142 147
1143 231
1144 588
1145 897
1146 464
1147 1085
1148 675
1149 189
1150 823
1151 1075
1152 761
1153 282
1154 536
1155 293
1156 644
1157 967
1158 1092
1159 516
1160 1085
1161 776
1162 23
1163 1081
1164 964
1165 549
1166 760
1167 1049
1168 715
1169 80
1170 748
1171 57
1172 783
1173 931
1174 216
1175 1039
1176 1142
1177 1018
1178 755
1179 1093
1180 1011
1181 772
1182 720
1183 372
1184 459
1185 432
1186 518
1187 77
1188 599
1189 958
1190 535
1191 208
1192 96
1193 443
1194 132
1195 1012
1196 844
1197 45
1198 3
1199 261
1200 612
1201 935
1202 881
1203 417
1204 1154
1205 40
1206 159
1207 383
1208 228
1209 834
1210 1063
1211 842
1212 470
1213 252
1214 562
1215 392
1216 1090
1217 608
1218 178
1219 783
1220 377
1221 887
1222 1199
1223 143
1224 383
1225 818
1226 621
1227 575
1228 63
1229 1050
1230 29
1231 913
1232 648
1233 1178
1234 852
1235 889
1236 777
1237 463
1238 170
1239 118
1240 895
1241 536
1242 1186
1243 442
1244 451
1245 36
1246 1082
1247 104
1248 100
1249 1169
1250 554
1251 818
1252 471
1253 286
1254 574
1255 1050
1256 1204
1257 891
1258 1110
1259 971
1260 865
1261 375
1262 1198
1263 239
1264 333
1265 114
1266 1042
1267 366
1268 1162
1269 248
1270 408
1271 344
1272 65
1273 966
1274 920
1275 172
1276 72
1277 936
1278 922
1279 516
1280 955
1281 938
1282 1100
1283 291
1284 760
1285 1239
1286 241
1287 446
1288 903
1289 311
1290 940
1291 698
1292 394
1293 1024
1294 382
1295 963
1296 479
1297 343
1298 147
1299 1271
1300 311
1301 76
1302 600
1303 198
1304 110
1305 115
1306 1080
1307 1075
1308 1074
1309 1296
1310 349
1311 67
1312 399
1313 949
1314 816
1315 580
1316 770
1317 443
1318 287
1319 113
1320 1061
1321 22
1322 115
1323 431
1324 385
1325 433
1326 879
1327 1267
1328 351
1329 866
1330 25
1331 517
1332 820
1333 149
1334 338
1335 137
1336 768
1337 863
1338 632
1339 999
1340 345
1341 1052
1342 729
1343 827
1344 1298
1345 825
1346 785
1347 1190
1348 1020
1349 92
1350 1030
1351 1222
1352 997
1353 185
1354 1216
1355 856
1356 83
1357 942
1358 842
1359 966
1360 99
1361 1017
1362 1221
1363 1197
1364 709
1365 640
1366 1011
1367 298
1368 1163
1369 418
1370 623
1371 132
1372 816
1373 16
1374 804
1375 533
1376 983
1377 30
1378 1052
1379 535
1380 603
1381 1223
1382 1239
1383 1163
1384 421
1385 1022
1386 907
1387 418
1388 598
1389 555
1390 1222
1391 625
1392 1052
1393 998
1394 902
1395 1242
1396 884
1397 1070
1398 978
1399 954
1400 413
1401 1108
1402 855
1403 933
1404 930
1405 892
1406 1110
1407 478
1408 1033
1409 588
1410 214
1411 1258
1412 417
1413 137
1414 669
1415 723
1416 648
1417 1055
1418 810
1419 572
1420 12
1421 1357
1422 887
1423 1191
1424 785
1425 1071
1426 131
1427 971
1428 27
1429 1361
1430 619
1431 682
1432 27
1433 341
1434 317
1435 978
1436 485
1437 161
1438 356
1439 717
1440 648
1441 651
1442 436
1443 57
1444 332
1445 1192
1446 263
1447 1038
1448 258
1449 978
1450 1425
1451 1161
1452 310
1453 10
1454 295
1455 1286
1456 233
1457 926
1458 114
1459 815
1460 1240
1461 71
1462 1433
1463 135
1464 158
1465 525
1466 332
1467 914
1468 333
1469 837
1470 609
1471 201
1472 746
1473 867
1474 395
1475 1347
1476 934
1477 114
1478 824
1479 1077
1480 271
1481 481
1482 1331
1483 694
1484 542
1485 291
1486 624
1487 771
1488 514
1489 1017
1490 939
1491 1106
1492 220
1493 147
1494 1282
1495 999
1496 505
1497 748
1498 1308
1499 902
1500 311
1501 1421
1502 378
1503 390
1504 111
1505 1469
1506 395
1507 1377
1508 505
1509 1210
1510 972
1511 107
1512 782
1513 1235
1514 582
1515 411
1516 98
1517 381
1518 1067
1519 85
1520 1273
1521 922
1522 525
1523 1113
1524 850
1525 1208
1526 415
1527 797
1528 1245
1529 274
1530 342
1531 567
1532 956
1533 214
1534 430
1535 1353
1536 1030
1537 1535
1538 301
1539 29
1540 672
1541 599
1542 253
1543 1182
1544 1130
1545 152
1546 1266
1547 885
1548 859
1549 46
1550 478
1551 469
1552 508
1553 1240
1554 1237
1555 1134
1556 11
1557 560
1558 89
1559 1174
1560 643
1561 216
1562 642
1563 576
1564 59
1565 6
1566 612
1567 820
1568 771
1569 1042
1570 356
1571 108
1572 50
1573 195
1574 282
1575 1477
1576 1188
1577 1511
1578 182
1579 360
1580 362
1581 1184
1582 1551
1583 740
1584 372
1585 923
1586 121
1587 903
1588 9
1589 590
1590 1273
1591 311
1592 798
1593 364
1594 63
1595 570
1596 64
1597 355
1598 972
1599 1530
1600 445
1601 1567
1602 707
1603 1106
1604 208
1605 881
1606 1560
1607 156
1608 169
1609 538
1610 881
1611 686
1612 538
1613 713
1614 634
1615 1032
1616 670
1617 1595
1618 689
1619 1457
1620 208
1621 838
1622 383
1623 1521
1624 1198
1625 999
1626 692
1627 1578
1628 582
1629 812
1630 198
1631 1
1632 362
1633 1068
1634 812
1635 104
1636 1380
1637 53
1638 1094
1639 1234
1640 406
1641 1056
1642 341
1643 1164
1644 1599
1645 679
1646 1484
1647 1584
1648 1264
1649 560
1650 1223
1651 1217
1652 1448
1653 292
1654 258
1655 661
1656 1127
1657 98
1658 1361
1659 1048
1660 142
1661 1032
1662 1070
1663 786
1664 1204
1665 1347
1666 841
1667 1568
1668 403
1669 1531
1670 1449
1671 805
1672 1218
1673 713
1674 871
1675 1413
1676 973
1677 1233
1678 1217
1679 1116
1680 1485
1681 1074
1682 410
1683 1003
1684 828
1685 1172
1686 619
1687 526
1688 1316
1689 995
1690 796
1691 489
1692 1405
1693 453
1694 830
1695 134
1696 454
1697 682
1698 588
1699 1103
1700 1369
1701 179
1702 350
1703 682
1704 717
1705 629
1706 52
1707 509
1708 285
1709 1638
1710 539
1711 463
1712 542
1713 873
1714 234
1715 1616
1716 1639
1717 1494
1718 439
1719 1086
1720 951
1721 44
1722 436
1723 449
1724 1411
1725 690
1726 1255
1727 1533
1728 313
1729 1003
1730 1542
1731 1096
1732 291
1733 689
1734 389
1735 630
1736 321
1737 229
1738 1529
1739 732
1740 1034
1741 468
1742 1720
1743 89
1744 1720
1745 93
1746 1507
1747 76
1748 946
1749 526
1750 1097
1751 1066
1752 94
1753 788
1754 1089
1755 584
1756 631
1757 883
1758 1513
1759 746
1760 700
1761 108
1762 1173
1763 1566
1764 277
1765 1209
1766 960
1767 920
1768 218
1769 199
1770 1603
1771 985
1772 115
1773 826
1774 612
1775 1387
1776 433
1777 534
1778 330
1779 1536
1780 9
1781 956
1782 536
1783 1401
1784 1089
1785 1131
1786 1231
1787 1527
1788 1071
1789 1296
1790 1380
1791 969
1792 1009
1793 151
1794 310
1795 1184
1796 1755
1797 23
1798 1771
1799 337
1800 1704
1801 1284
1802 529
1803 1114
1804 260
1805 800
1806 1787
1807 850
1808 1334
1809 1357
1810 90
1811 186
1812 976
1813 32
1814 1027
1815 794
1816 1108
1817 680
1818 152
1819 1013
1820 785
1821 173
1822 539
1823 1371
1824 3
1825 1107
1826 1650
1827 94
1828 916
1829 936
1830 872
1831 1117
1832 923
1833 428
1834 1607
1835 1824
1836 84
1837 1374
1838 1098
1839 565
1840 1058
1841 424
1842 1173
1843 1469
1844 284
1845 654
1846 55
1847 796
1848 283
1849 1093
1850 926
1851 414
1852 1756
1853 1314
1854 1458
1855 1534
1856 721
1857 904
1858 461
1859 1413
1860 505
1861 1578
1862 50
1863 1603
1864 1153
1865 552
1866 1865
1867 1267
1868 1390
1869 184
1870 955
1871 1779
1872 268
1873 1072
1874 1246
1875 1318
1876 840
1877 631
1878 388
1879 858
1880 1416
1881 1217
1882 106
1883 1142
1884 1046
1885 1171
1886 187
1887 1245
1888 723
1889 1854
1890 755
1891 1353
1892 826
1893 446
1894 326
1895 1101
1896 43
1897 510
1898 244
1899 427
1900 362
1901 1331
1902 496
1903 1552
1904 489
1905 1054
1906 1108
1907 607
1908 1619
1909 161
1910 159
1911 97
1912 1486
1913 1396
1914 832
1915 890
1916 481
1917 1184
1918 1166
1919 21
1920 616
1921 125
1922 1518
1923 1323
1924 850
1925 1685
1926 1394
1927 427
1928 1469
1929 216
1930 1632
1931 591
1932 94
1933 321
1934 1661
1935 963
1936 1632
1937 1752
1938 1073
1939 761
1940 1738
1941 198
1942 1162
1943 268
1944 208
1945 382
1946 1755
1947 788
1948 1068
1949 1929
1950 1630
1951 1521
1952 241
1953 1453
1954 1297
1955 933
1956 1363
1957 577
1958 1504
1959 1770
1960 1498
1961 172
1962 1029
1963 940
1964 1285
1965 391
1966 1809
1967 1009
1968 1553
1969 1080
1970 1426
1971 1836
1972 100
1973 1340
1974 1596
1975 540
1976 80
1977 1743
1978 820
1979 1651
1980 1294
1981 287
1982 570
1983 1522
1984 1370
1985 1846
1986 823
1987 1906
1988 809
1989 932
1990 325
1991 1251
1992 193
1993 1060
1994 150
1995 2
1996 966
1997 1265
1998 87
1999 1567
2000 1746
2001 1333
2002 413
2003 369
2004 1314
2005 1973
2006 1197
2007 567
2008 71
2009 768
2010 1489
2011 409
2012 1980
2013 532
2014 551
2015 743
2016 693
2017 1312
2018 1422
2019 1707
2020 638
2021 33
2022 1051
2023 184
2024 866
2025 463
2026 63
2027 1787
2028 1820
2029 764
2030 144
2031 1063
2032 1567
2033 22
2034 1514
2035 1046
2036 1197
2037 1192
2038 1285
2039 892
2040 279
2041 879
2042 792
2043 1074
2044 1304
2045 578
2046 120
2047 336
2048 632
2049 1908
2050 104
2051 1898
2052 1510
2053 843
2054 1072
2055 1943
2056 1957
2057 741
2058 1781
2059 326
2060 1438
2061 1034
2062 485
2063 1457
2064 908
2065 1429
2066 1351
2067 366
2068 152
2069 208
2070 1028
2071 358
2072 660
2073 813
2074 330
2075 580
2076 1433
2077 1735
2078 1792
2079 284
2080 19
2081 504
2082 674
2083 964
2084 3
2085 160
2086 335
2087 1575
2088 1913
2089 533
2090 1543
2091 2029
2092 186
2093 77
2094 705
2095 1543
2096 289
2097 137
2098 649
2099 1668
2100 1488
2101 731
2102 170
2103 1364
2104 685
2105 682
2106 1057
2107 171
2108 932
2109 97
2110 2067
2111 463
2112 1656
2113 117
2114 280
2115 497
2116 484
2117 1299
2118 33
2119 585
2120 1688
2121 1841
2122 1452
2123 819
2124 1245
2125 79
2126 1957
2127 1139
2128 1133
2129 1562
2130 1722
2131 1451
2132 860
2133 1000
2134 418
2135 789
2136 708
2137 991
2138 1102
2139 1764
2140 1560
2141 110
2142 279
2143 221
2144 340
2145 852
2146 63
2147 904
2148 1078
2149 1116
2150 1647
2151 1495
2152 1391
2153 472
2154 1016
2155 1135
2156 335
2157 2094
2158 1501
2159 130
2160 2055
2161 768
2162 1383
2163 1208
2164 1891
2165 1275
2166 366
2167 1352
2168 484
2169 802
2170 1600
2171 2044
2172 599
2173 744
2174 120
2175 201
2176 937
2177 507
2178 450
2179 285
2180 2140
2181 1831
2182 408
2183 1406
2184 622
2185 466
2186 1220
2187 1240
2188 1003
2189 165
2190 890
2191 80
2192 2062
2193 1891
2194 1720
2195 1026
2196 2020
2197 584
2198 1077
2199 272
2200 1924
2201 429
2202 1098
2203 797
2204 674
2205 1594
2206 346
2207 1386
2208 653
2209 1652
2210 880
2211 1667
2212 1709
2213 748
2214 72
2215 428
2216 1397
2217 1415
2218 1398
2219 403
2220 1774
2221 176
2222 1157
2223 730
2224 259
2225 619
2226 2197
2227 8
2228 2047
2229 267
2230 1669
2231 375
2232 1349
2233 167
2234 1440
2235 1804
2236 1271
2237 1960
2238 2106
2239 1572
2240 1359
2241 198
2242 1629
2243 1227
2244 711
2245 1367
2246 1577
2247 919
2248 1903
2249 368
2250 651
2251 2017
2252 1971
2253 1358
2254 83
2255 1856
2256 945
2257 752
2258 301
2259 610
2260 1759
2261 516
2262 1629
2263 2196
2264 980
2265 791
2266 1061
2267 415
2268 337
2269 1973
2270 835
2271 1359
2272 1974
2273 2104
2274 1955
2275 1450
2276 250
2277 720
2278 1662
2279 1529
2280 2022
2281 699
2282 351
2283 477
2284 1044
2285 1609
2286 1475
2287 1346
2288 375
2289 1595
2290 2056
2291 1115
2292 102
2293 291
2294 1506
2295 121
2296 1945
2297 1639
2298 50
2299 996
2300 377
2301 143
2302 2115
2303 1526
2304 1165
2305 1684
2306 2020
2307 1421
2308 490
2309 1091
2310 2260
2311 647
2312 978
2313 1617
2314 1790
2315 991
2316 1219
2317 1588
2318 681
2319 1839
2320 1820
2321 1010
2322 2221
2323 1594
2324 1986
2325 633
2326 1364
2327 831
2328 1814
2329 1014
2330 2174
2331 1833
2332 1358
2333 261
2334 671
2335 1583
2336 1060
2337 257
2338 1460
2339 1286
2340 757
2341 352
2342 1187
2343 2331
2344 1071
2345 1098
2346 1638
2347 1354
2348 1098
2349 2207
2350 241
2351 2188
2352 383
2353 1470
2354 591
2355 692
2356 2239
2357 340
2358 1108
2359 344
2360 1782
2361 236
2362 2280
2363 658
2364 114
2365 1263
2366 627
2367 1221
2368 247
2369 2151
2370 1630
2371 806
2372 1107
2373 520
2374 1452
2375 1056
2376 1191
2377 271
2378 2135
2379 155
2380 1047
2381 1599
2382 2176
2383 1335
2384 1795
2385 2168
2386 2114
2387 1890
2388 2193
2389 1829
2390 225
2391 1042
2392 34
2393 2057
2394 1655
2395 932
2396 2374
2397 1238
2398 1708
2399 1427
2400 1055
2401 2254
2402 1763
2403 1939
2404 354
2405 1573
2406 2066
2407 56
2408 515
2409 590
2410 662
2411 2185
2412 1990
2413 98
2414 1029
2415 282
2416 673
2417 1510
2418 129
2419 199
2420 2104
2421 2293
2422 1194
2423 1017
2424 2336
2425 1821
2426 1902
2427 1525
2428 1353
2429 828
2430 317
2431 1926
2432 2314
2433 1086
2434 2390
2435 1537
2436 1196
2437 657
2438 1393
2439 1418
2440 358
2441 249
2442 1435
2443 1447
2444 2077
2445 941
2446 275
2447 310
2448 729
2449 786
2450 926
2451 1716
2452 1628
2453 1854
2454 2192
2455 1940
2456 2123
2457 2048
2458 219
2459 2117
2460 539
2461 830
2462 2296
2463 1597
2464 701
2465 703
2466 1415
2467 1749
2468 404
2469 466
2470 422
2471 621
2472 1771
2473 78
2474 252
2475 516
2476 2086
2477 1492
2478 702
2479 671
2480 2118
2481 898
2482 1840
2483 185
2484 959
2485 1546
2486 573
2487 1317
2488 2273
2489 1978
2490 2326
2491 810
2492 1430
2493 2044
2494 1684
2495 129
2496 782
2497 537
2498 1333
2499 896
2500 667
2501 1438
2502 445
2503 2206
2504 2240
2505 1639
2506 2321
2507 1379
2508 879
2509 2420
2510 2369
2511 1920
2512 134
2513 368
2514 1777
2515 1529
2516 1208
2517 407
2518 559
2519 270
2520 1274
2521 1811
2522 1048
2523 2023
2524 98
2525 207
2526 816
2527 219
2528 166
2529 1076
2530 1027
2531 1835
2532 93
2533 799
2534 1432
2535 1402
2536 944
2537 2227
2538 2312
2539 2468
2540 525
2541 511
2542 310
2543 380
2544 2488
2545 1091
2546 2514
2547 270
2548 2074
2549 487
2550 1028
2551 2025
2552 470
2553 1419
2554 448
2555 1963
2556 11
2557 1449
2558 780
2559 976
2560 1842
2561 2552
2562 2182
2563 1561
2564 1202
2565 1639
2566 1230
2567 2300
2568 801
2569 1658
2570 698
2571 2326
2572 2397
2573 394
2574 469
2575 2146
2576 2396
2577 962
2578 2391
2579 1840
2580 1975
2581 1701
2582 2109
2583 2069
2584 1643
2585 787
2586 488
2587 523
2588 2174
2589 612
2590 2325
2591 554
2592 1659
2593 1806
2594 1349
2595 310
2596 733
2597 1965
2598 1357
2599 1135
2600 115
2601 355
2602 695
2603 43
2604 1878
2605 538
2606 1031
2607 2311
2608 2558
2609 919
2610 2098
2611 684
2612 282
2613 1253
2614 944
2615 2075
2616 448
2617 529
2618 1408
2619 1002
2620 1389
2621 1994
2622 2090
2623 688
2624 907
2625 1820
2626 858
2627 420
2628 4
2629 233
2630 2622
2631 2437
2632 2121
2633 568
2634 1428
2635 2290
2636 827
2637 1358
2638 667
2639 1947
2640 1597
2641 2345
2642 1939
2643 289
2644 1433
2645 590
2646 1859
2647 1810
2648 820
2649 1526
2650 1565
2651 938
2652 1430
2653 421
2654 496
2655 1525
2656 1369
2657 460
2658 741
2659 688
2660 2450
2661 883
2662 1841
2663 2419
2664 2466
2665 80
2666 140
2667 2617
2668 981
2669 153
2670 883
2671 1165
2672 52
2673 2416
2674 2669
2675 2507
2676 2095
2677 1694
2678 324
2679 337
2680 1565
2681 43
2682 1834
2683 247
2684 123
2685 1032
2686 1807
2687 1508
2688 393
2689 964
2690 1558
2691 1344
2692 487
2693 1191
2694 702
2695 849
2696 859
2697 1147
2698 1366
2699 109
2700 1172
2701 785
2702 813
2703 39
2704 326
2705 564
2706 1652
2707 2548
2708 2510
2709 1208
2710 2231
2711 912
2712 2191
2713 1447
2714 2692
2715 1816
2716 872
2717 2350
2718 46
2719 292
2720 1762
2721 1582
2722 1908
2723 583
2724 2268
2725 2173
2726 1196
2727 139
2728 530
2729 2329
2730 1769
2731 2573
2732 2569
2733 1105
2734 400
2735 2552
2736 621
2737 317
2738 1555
2739 449
2740 1538
2741 2528
2742 436
2743 2571
2744 2558
2745 1641
2746 1030
2747 1045
2748 2037
2749 2117
2750 1885
2751 1316
2752 933
2753 2096
2754 2494
2755 2076
2756 2199
2757 2649
2758 1654
2759 1550
2760 2683
2761 1243
2762 660
2763 1049
2764 251
2765 609
2766 344
2767 2226
2768 1872
2769 2212
2770 1090
2771 2082
2772 2572
2773 239
2774 966
2775 1077
2776 851
2777 2443
2778 1493
2779 257
2780 1994
2781 736
2782 2577
2783 1111
2784 2577
2785 2100
2786 1393
2787 950
2788 2031
2789 1843
2790 1521
2791 2437
2792 915
2793 2359
2794 2520
2795 1058
2796 1839
2797 1697
2798 1267
2799 1116
2800 2069
2801 943
2802 2694
2803 1364
2804 1364
2805 2787
2806 446
2807 1958
2808 1099
2809 1340
2810 819
2811 2401
2812 281
2813 1007
2814 718
2815 2767
2816 2423
2817 2721
2818 1640
2819 18
2820 1084
2821 1899
2822 1375
2823 2064
2824 1412
2825 1926
2826 910
2827 796
2828 64
2829 1957
2830 1192
2831 925
2832 1932
2833 1415
2834 1624
2835 2045
2836 383
2837 2469
2838 1376
2839 2081
2840 1767
2841 971
2842 2536
2843 848
2844 339
2845 1282
2846 74
2847 1911
2848 1033
2849 1759
2850 2148
2851 1532
2852 1946
2853 525
2854 576
2855 303
2856 1170
2857 2504
2858 1959
2859 2086
2860 1252
2861 1821
2862 1267
2863 304
2864 488
2865 1556
2866 2264
2867 2357
2868 123
2869 1793
2870 2644
2871 507
2872 633
2873 2258
2874 2336
2875 1747
2876 621
2877 141
2878 2089
2879 1580
2880 2220
2881 2774
2882 1792
2883 1961
2884 1375
2885 2686
2886 1546
2887 701
2888 2063
2889 1246
2890 1666
2891 888
2892 1402
2893 2117
2894 1402
2895 1524
2896 2080
2897 2895
2898 442
2899 1275
2900 658
2901 2376
2902 361
2903 1885
2904 949
2905 1632
2906 497
2907 2216
2908 933
2909 1360
2910 2554
2911 2615
2912 1233
2913 2030
2914 2253
2915 409
2916 1835
2917 2028
2918 1226
2919 1922
2920 1420
2921 2518
2922 775
2923 2305
2924 1848
2925 1669
2926 1966
2927 2815
2928 2608
2929 1230
2930 2287
2931 1986
2932 825
2933 2396
2934 2883
2935 16
2936 879
2937 1453
2938 922
2939 1732
2940 1576
2941 191
2942 2123
2943 2545
2944 1806
2945 2191
2946 1796
2947 2024
2948 1764
2949 1773
2950 2432
2951 2603
2952 342
2953 2034
2954 863
2955 1520
2956 1002
2957 2757
2958 1454
2959 1964
2960 1457
2961 1995
2962 1764
2963 2928
2964 1408
2965 1343
2966 1959
2967 1302
2968 2359
2969 89
2970 839
2971 1181
2972 2710
2973 971
2974 303
2975 357
2976 1214
2977 65
2978 1288
2979 2223
2980 2062
2981 2863
2982 2557
2983 1095
2984 1858
2985 1968
2986 369
2987 1528
2988 2879
2989 797
2990 2812
2991 2975
2992 2088
2993 2941
2994 1754
2995 1849
2996 2512
2997 647
2998 1788
2999 2096
3000 1840
3001 2564
3002 456
3003 2858
3004 278
3005 1974
3006 2616
3007 764
3008 2070
3009 204
3010 1987
3011 2705
3012 2383
3013 1688
3014 970
3015 2503
3016 102
3017 1794
3018 1611
3019 488
3020 1446
3021 2810
3022 1995
3023 320
3024 137
3025 2155
3026 2184
3027 1316
3028 2929
3029 1418
3030 2985
3031 982
3032 1328
3033 727
3034 2000
3035 151
3036 2945
3037 1317
3038 1103
3039 2329
3040 1849
3041 2872
3042 96
3043 285
3044 2356
3045 1702
3046 2197
3047 1514
3048 27
3049 319
3050 2002
3051 3014
3052 1467
3053 1218
3054 2325
3055 2750
3056 962
3057 2607
3058 1359
3059 1887
3060 2736
3061 466
3062 2105
3063 901
3064 2718
3065 616
3066 830
3067 751
3068 107
3069 325
3070 2413
3071 749
3072 580
3073 397
3074 379
3075 2670
3076 682
3077 967
3078 2936
3079 2271
3080 749
3081 223
3082 1521
3083 1071
3084 631
3085 879
3086 419
3087 2868
3088 2249
3089 1680
3090 2632
3091 1413
3092 1308
3093 1753
3094 435
3095 209
3096 1843
3097 2904
3098 2541
3099 381
3100 932
3101 1440
3102 2047
3103 1752
3104 974
3105 276
3106 2396
3107 1284
3108 2277
3109 2358
3110 499
3111 1541
3112 1985
3113 2290
3114 2492
3115 682
3116 963
3117 795
3118 2649
3119 244
3120 2865
3121 262
3122 727
3123 2699
3124 2635
3125 410
3126 876
3127 1233
3128 2010
3129 1328
3130 599
3131 2301
3132 1079
3133 1560
3134 1041
3135 715
3136 167
3137 915
3138 2587
3139 2197
3140 373
3141 1263
3142 83
3143 1828
3144 1540
3145 1823
3146 147
3147 1466
3148 2118
3149 1476
3150 1278
3151 1806
3152 2418
3153 1033
3154 1340
3155 2106
3156 1776
3157 273
3158 2226
3159 2550
3160 1272
3161 246
3162 3059
3163 1564
3164 1726
3165 2980
3166 3087
3167 1385
3168 3065
3169 2771
3170 657
3171 2822
3172 2423
3173 2926
3174 2614
3175 825
3176 1269
3177 1168
3178 1847
3179 2645
3180 129
3181 2756
3182 2591
3183 845
3184 356
3185 1745
3186 2462
3187 681
3188 755
3189 246
3190 1506
3191 1946
3192 1035
3193 1444
3194 2424
3195 1336
3196 2848
3197 1023
3198 1273
3199 1699
3200 552
3201 29
3202 1076
3203 2429
3204 575
3205 747
3206 344
3207 997
3208 2065
3209 3020
3210 3119
3211 3159
3212 2562
3213 2497
3214 1674
3215 569
3216 3134
3217 1846
3218 315
3219 960
3220 1074
3221 1461
3222 2100
3223 1007
3224 1817
3225 440
3226 1215
3227 3132
3228 2739
3229 2899
3230 2531
3231 3198
3232 849
3233 2488
3234 26
3235 1513
3236 2417
3237 1054
3238 1663
3239 35
3240 2437
3241 604
3242 2661
3243 366
3244 627
3245 2042
3246 764
3247 2083
3248 577
3249 3152
3250 805
3251 400
3252 2364
3253 2606
3254 2862
3255 3240
3256 741
3257 1276
3258 2821
3259 3156
3260 2757
3261 1559
3262 434
3263 2873
3264 1046
3265 1259
3266 2871
3267 2107
3268 2341
3269 2607
3270 1840
3271 722
3272 1665
3273 1854
3274 1552
3275 3040
3276 2778
3277 2551
3278 1172
3279 85
3280 309
3281 2247
3282 1042
3283 2325
3284 801
3285 2501
3286 2348
3287 1517
3288 3178
3289 2022
3290 2393
3291 2927
3292 1058
3293 1275
3294 1479
3295 699
3296 2120
3297 2976
3298 1690
3299 1183
3300 2502
3301 1898
3302 2315
3303 1033
3304 782
3305 803
3306 2570
3307 356
3308 3037
3309 2592
3310 3295
3311 2553
3312 2683
3313 2371
3314 468
3315 746
3316 3127
3317 2934
3318 1408
3319 2363
3320 333
3321 2968
3322 565
3323 2420
3324 2568
3325 1431
3326 1840
3327 310
3328 1201
3329 446
3330 2998
3331 2587
3332 1268
3333 1431
3334 2520
3335 3137
3336 1373
3337 611
3338 822
3339 3336
3340 1516
3341 169
3342 1977
3343 1448
3344 1855
3345 2844
3346 3215
3347 171
3348 2853
3349 933
3350 2875
3351 183
3352 1052
3353 777
3354 3337
3355 3032
3356 114
3357 1631
3358 3356
3359 3195
3360 3274
3361 1804
3362 3308
3363 2468
3364 923
3365 342
3366 2041
3367 705
3368 1367
3369 895
3370 2273
3371 2837
3372 1144
3373 1750
3374 1459
3375 1033
3376 3159
3377 1227
3378 2816
3379 2997
3380 3159
3381 795
3382 3117
3383 640
3384 3297
3385 73
3386 920
3387 662
3388 1620
3389 2247
3390 1601
3391 1625
3392 1394
3393 20
3394 1320
3395 560
3396 2923
3397 960
3398 3079
3399 209
3400 923
3401 1285
3402 2830
3403 1019
3404 645
3405 327
3406 629
3407 2258
3408 3198
3409 406
3410 1052
3411 723
3412 275
3413 1726
3414 3349
3415 991
3416 2625
3417 1336
3418 737
3419 2696
3420 2603
3421 2483
3422 1653
3423 1471
3424 2997
3425 1021
3426 1998
3427 26
3428 779
3429 2031
3430 992
3431 2804
3432 770
3433 526
3434 585
3435 3152
3436 3403
3437 3392
3438 1019
3439 1617
3440 691
3441 2455
3442 437
3443 928
3444 2265
3445 2467
3446 2424
3447 811
3448 3223
3449 614
3450 2598
3451 3071
3452 2668
3453 2527
3454 666
3455 1414
3456 2648
3457 1519
3458 270
3459 863
3460 3318
3461 2576
3462 227
3463 1566
3464 1170
3465 203
3466 1487
3467 3135
3468 3423
3469 2773
3470 933
3471 2849
3472 3281
3473 532
3474 232
3475 1027
3476 1600
3477 2411
3478 2808
3479 2307
3480 666
3481 2595
3482 953
3483 2187
3484 2341
3485 2763
3486 1170
3487 1135
3488 1074
3489 1778
3490 799
3491 3369
3492 1820
3493 1720
3494 515
3495 1983
3496 2870
3497 2771
3498 3100
3499 1741
3500 596
3501 731
3502 253
3503 1164
3504 1034
3505 1911
3506 812
3507 2890
3508 817
3509 1605
3510 2729
3511 1038
3512 2074
3513 2183
3514 3388
3515 2305
3516 850
3517 108
3518 520
3519 1625
3520 1512
3521 2575
3522 802
3523 570
3524 2486
3525 2586
3526 3436
3527 278
3528 1458
3529 2165
3530 833
3531 1400
3532 3055
3533 1732
3534 136
3535 1835
3536 2710
3537 1591
3538 2705
3539 1130
3540 1853
3541 556
3542 1482
3543 722
3544 2589
3545 1130
3546 445
3547 2907
3548 1778
3549 324
3550 1889
3551 3219
3552 524
3553 12
3554 2569
3555 2148
3556 1372
3557 117
3558 2348
3559 3480
3560 451
3561 1435
3562 151
3563 1400
3564 1146
3565 1901
3566 1333
3567 1951
3568 1718
3569 1291
3570 125
3571 2606
3572 20
3573 1974
3574 2230
3575 936
3576 2028
3577 108
3578 979
3579 2982
3580 2001
3581 733
3582 3513
3583 1184
3584 2474
3585 3122
3586 2867
3587 1099
3588 2069
3589 1807
3590 3555
3591 839
3592 2251
3593 1228
3594 423
3595 186
3596 1684
3597 2451
3598 1475
3599 1741
3600 2874
3601 3261
3602 368
3603 2447
3604 1186
3605 2906
3606 3279
3607 3591
3608 1190
3609 102
3610 1554
3611 1689
3612 135
3613 1429
3614 581
3615 2190
3616 2262
3617 1609
3618 646
3619 2454
3620 3295
3621 2515
3622 3220
3623 3400
3624 1887
3625 128
3626 2183
3627 2534
3628 2049
3629 308
3630 1793
3631 2042
3632 38
3633 1732
3634 1933
3635 2928
3636 3176
3637 2899
3638 3320
3639 1666
3640 3415
3641 406
3642 1080
3643 1208
3644 2680
3645 2046
3646 2528
3647 2764
3648 2894
3649 2010
3650 1394
3651 3118
3652 1590
3653 1969
3654 942
3655 1757
3656 2189
3657 2414
3658 2219
3659 1837
3660 2434
3661 1022
3662 73
3663 1565
3664 245
3665 2472
3666 3590
3667 1580
3668 724
3669 3219
3670 3397
3671 874
3672 2732
3673 670
3674 933
3675 1537
3676 311
3677 146
3678 3116
3679 1619
3680 1103
3681 2539
3682 3216
3683 2089
3684 1610
3685 2636
3686 1991
3687 2955
3688 349
3689 3056
3690 3238
3691 302
3692 851
3693 1740
3694 3380
3695 2679
3696 2053
3697 417
3698 3645
3699 1416
3700 659
3701 3421
3702 2142
3703 2558
3704 2942
3705 684
3706 2469
3707 71
3708 1425
3709 2475
3710 691
3711 254
3712 287
3713 1798
3714 926
3715 3134
3716 867
3717 1210
3718 1965
3719 2288
3720 3408
3721 3253
3722 501
3723 1902
3724 2897
3725 777
3726 1538
3727 2550
3728 2273
3729 1351
3730 2625
3731 2843
3732 2453
3733 853
3734 2926
3735 311
3736 138
3737 938
3738 3477
3739 2338
3740 1871
3741 216
3742 3357
3743 3378
3744 3107
3745 1297
3746 2420
3747 2817
3748 2251
3749 174
3750 1223
3751 2275
3752 2733
3753 2382
3754 888
3755 2488
3756 3460
3757 2319
3758 1425
3759 2473
3760 3457
3761 3202
3762 2330
3763 794
3764 3680
3765 3571
3766 1026
3767 1265
3768 1854
3769 1534
3770 2870
3771 591
3772 3487
3773 3493
3774 605
3775 594
3776 1110
3777 2038
3778 2180
3779 3562
3780 3257
3781 1525
3782 2727
3783 3689
3784 1725
3785 1025
3786 2489
3787 1725
3788 2860
3789 2661
3790 2157
3791 1055
3792 1299
3793 42
3794 63
3795 619
3796 3552
3797 1019
3798 1629
3799 3117
3800 2317
3801 1066
3802 1843
3803 2119
3804 19
3805 2997
3806 1950
3807 5
3808 2701
3809 764
3810 3018
3811 699
3812 3135
3813 1569
3814 2591
3815 359
3816 1571
3817 2911
3818 452
3819 3740
3820 3799
3821 1295
3822 3655
3823 2503
3824 2932
3825 2167
3826 1371
3827 1553
3828 2987
3829 2902
3830 3012
3831 1947
3832 3478
3833 2373
3834 36
3835 1255
3836 1316
3837 2602
3838 335
3839 3367
3840 3121
3841 3306
3842 479
3843 3533
3844 264
3845 751
3846 3376
3847 2318
3848 3184
3849 672
3850 2369
3851 3635
3852 2927
3853 1617
3854 1099
3855 3010
3856 923
3857 3762
3858 2796
3859 1697
3860 424
3861 1110
3862 21
3863 3067
3864 650
3865 1271
3866 1025
3867 1342
3868 1479
3869 179
3870 1465
3871 3253
3872 3035
3873 1002
3874 1430
3875 3854
3876 2435
3877 2955
3878 3526
3879 3726
3880 775
3881 1685
3882 235
3883 2879
3884 3764
3885 1343
3886 3863
3887 3507
3888 1533
3889 2769
3890 711
3891 348
3892 1306
3893 1356
3894 152
3895 3678
3896 2548
3897 3263
3898 1278
3899 1049
3900 1421
3901 992
3902 1650
3903 2784
3904 2495
3905 1827
3906 484
3907 3011
3908 468
3909 3126
3910 429
3911 932
3912 3860
3913 3396
3914 3799
3915 2837
3916 767
3917 3617
3918 3447
3919 1577
3920 1203
3921 3341
3922 2570
3923 2619
3924 2311
3925 2980
3926 2877
3927 3311
3928 2174
3929 2159
3930 840
3931 3229
3932 1339
3933 1942
3934 541
3935 1009
3936 3028
3937 3773
3938 946
3939 592
3940 1513
3941 2250
3942 662
3943 2194
3944 764
3945 758
3946 91
3947 1538
3948 3376
3949 3823
3950 1343
3951 1000
3952 1404
3953 303
3954 1249
3955 3627
3956 33
3957 739
3958 3783
3959 3366
3960 3872
3961 558
3962 1979
3963 3943
3964 1382
3965 2171
3966 709
3967 281
3968 1397
3969 3040
3970 3938
3971 2024
3972 3523
3973 248
3974 288
3975 1260
3976 2552
3977 1444
3978 3213
3979 779
3980 1732
3981 969
3982 250
3983 239
3984 3424
3985 718
3986 573
3987 2159
3988 375
3989 1367
3990 2349
3991 2063
3992 261
3993 3732
3994 3113
3995 1849
3996 663
3997 676
3998 139
3999 3473
4000 2895
4001 1524
4002 1921
4003 2220
4004 1124
4005 1485
4006 3510
4007 1963
4008 578
4009 2717
4010 3720
4011 1411
4012 2061
4013 2812
4014 3872
4015 2978
4016 490
4017 1233
4018 2994
4019 3306
4020 509
4021 2294
4022 3985
4023 3931
4024 1289
4025 1994
4026 3257
4027 1640
4028 2723
4029 2629
4030 1715
4031 450
4032 782
4033 2465
4034 1305
4035 635
4036 1267
4037 580
4038 1306
4039 468
4040 2836
4041 248
4042 3628
4043 1013
4044 2793
4045 2110
4046 2632
4047 1447
4048 1729
4049 1298
4050 2363
4051 412
4052 2513
4053 2711
4054 529
4055 346
4056 1636
4057 3142
4058 3149
4059 1303
4060 1490
4061 299
4062 1638
4063 2273
4064 1244
4065 3600
4066 2053
4067 2362
4068 1439
4069 1108
4070 3609
4071 3264
4072 3229
4073 1239
4074 861
4075 1701
4076 95
4077 1716
4078 199
4079 3199
4080 2896
4081 216
4082 19
4083 470
4084 1328
4085 3997
4086 761
4087 3585
4088 1373
4089 3465
4090 1777
4091 23
4092 174
4093 2200
4094 2511
4095 1751
4096 2906
4097 4071
4098 3515
4099 2998
4100 3254
4101 1099
4102 2581
4103 3182
4104 3902
4105 2897
4106 144
4107 3276
4108 3106
4109 2943
4110 2352
4111 689
4112 2027
4113 922
4114 2613
4115 3754
4116 1741
4117 1374
4118 3619
4119 2619
4120 1527
4121 4059
4122 3460
4123 1861
4124 1802
4125 1322
4126 265
4127 3886
4128 2218
4129 2959
4130 3034
4131 3136
4132 1380
4133 236
4134 3038
4135 1628
4136 134
4137 3086
4138 54
4139 2394
4140 1466
4141 3801
4142 2713
4143 4031
4144 1524
4145 3714
4146 1638
4147 2932
4148 470
4149 3521
4150 4127
4151 3457
4152 4041
4153 3453
4154 688
4155 4040
4156 2687
4157 379
4158 3065
4159 2909
4160 132
4161 1393
4162 2832
4163 3912
4164 3654
4165 3542
4166 2680
4167 1458
4168 89
4169 197
4170 258
4171 1146
4172 2212
4173 3240
4174 792
4175 3439
4176 1422
4177 951
4178 2519
4179 19
4180 437
4181 3286
4182 2473
4183 964
4184 3509
4185 1117
4186 3978
4187 735
4188 642
4189 2737
4190 677
4191 1809
4192 3016
4193 51
4194 2761
4195 3803
4196 2669
4197 403
4198 1
4199 2363
4200 1558
4201 2640
4202 1673
4203 1766
4204 2016
4205 791
4206 242
4207 3194
4208 2073
4209 3585
4210 1293
4211 1754
4212 272
4213 2797
4214 54
4215 3629
4216 4191
4217 405
4218 4080
4219 2960
4220 2591
4221 995
4222 61
4223 1631
4224 995
4225 3327
4226 1759
4227 2695
4228 877
4229 1046
4230 3651
4231 3881
4232 3401
4233 3382
4234 4206
4235 4077
4236 1748
4237 2565
4238 2340
4239 580
4240 431
4241 2168
4242 2805
4243 883
4244 589
4245 922
4246 3639
4247 3767
4248 1729
4249 4115
4250 116
4251 3326
4252 2517
4253 484
4254 278
4255 3702
4256 430
4257 475
4258 2214
4259 588
4260 4213
4261 2651
4262 1413
4263 217
4264 3798
4265 3936
4266 4249
4267 908
4268 2706
4269 1080
4270 1188
4271 612
4272 637
4273 804
4274 776
4275 877
4276 2415
4277 2781
4278 3988
4279 537
4280 4036
4281 2577
4282 2060
4283 3314
4284 2978
4285 1242
4286 2099
4287 655
4288 4195
4289 1361
4290 731
4291 2151
4292 341
4293 4282
4294 4038
4295 2554
4296 554
4297 2428
4298 2682
4299 327
4300 4099
4301 4223
4302 3094
4303 2174
4304 1028
4305 733
4306 2155
4307 1124
4308 827
4309 1938
4310 908
4311 3799
4312 513
4313 1109
4314 895
4315 3683
4316 122
4317 4076
4318 3036
4319 2391
4320 3073
4321 3847
4322 2258
4323 707
4324 2684
4325 860
4326 2090
4327 676
4328 523
4329 4275
4330 3058
4331 313
4332 2446
4333 3874
4334 979
4335 146
4336 2921
4337 492
4338 2844
4339 3783
4340 1942
4341 3689
4342 1029
4343 2148
4344 3384
4345 2281
4346 3768
4347 502
4348 923
4349 1270
4350 1372
4351 3496
4352 2059
4353 3111
4354 1996
4355 4096
4356 71
4357 4175
4358 2107
4359 583
4360 2087
4361 2277
4362 83
4363 2386
4364 399
4365 1129
4366 226
4367 2015
4368 3987
4369 2631
4370 1492
4371 478
4372 1365
4373 2126
4374 1534
4375 8
4376 1168
4377 2924
4378 2242
4379 252
4380 2896
4381 1360
4382 2661
4383 1859
4384 2612
4385 344
4386 3097
4387 1716
4388 4201
4389 2440
4390 65
4391 244
4392 1148
4393 3555
4394 2255
4395 1151
4396 1428
4397 1904
4398 2544
4399 2870
4400 2013
4401 183
4402 3215
4403 3418
4404 2762
4405 698
4406 219
4407 1755
4408 2592
4409 1134
4410 4175
4411 3850
4412 2738
4413 930
4414 164
4415 1791
4416 998
4417 2242
4418 3891
4419 4400
4420 153
4421 3615
4422 1590
4423 1893
4424 1388
4425 3875
4426 771
4427 3814
4428 1587
4429 3491
4430 1221
4431 1419
4432 1533
4433 741
4434 1548
4435 4258
4436 733
4437 1007
4438 1845
4439 2534
4440 420
4441 1031
4442 3712
4443 2281
4444 2788
4445 1436
4446 754
4447 1391
4448 3387
4449 2093
4450 2572
4451 3884
4452 2111
4453 2909
4454 2938
4455 2649
4456 1556
4457 2022
4458 862
4459 536
4460 3620
4461 4202
4462 4325
4463 1916
4464 2923
4465 2439
4466 4197
4467 2544
4468 3205
4469 1774
4470 1232
4471 2854
4472 4227
4473 1287
4474 3210
4475 1144
4476 2368
4477 3762
4478 3633
4479 958
4480 2403
4481 737
4482 3726
4483 2561
4484 3688
4485 960
4486 1202
4487 3071
4488 3381
4489 1333
4490 157
4491 358
4492 3201
4493 438
4494 2256
4495 160
4496 461
4497 871
4498 2862
4499 255
4500 2078
4501 4300
4502 352
4503 3675
4504 1169
4505 534
4506 2519
4507 1397
4508 3835
4509 3949
4510 4361
4511 29
4512 576
4513 2374
4514 1848
4515 1658
4516 66
4517 3878
4518 3840
4519 3499
4520 3020
4521 1255
4522 3611
4523 1404
4524 1130
4525 2081
4526 3085
4527 739
4528 3073
4529 2827
4530 2862
4531 3099
4532 3379
4533 2639
4534 598
4535 602
4536 146
4537 1852
4538 3832
4539 863
4540 4105
4541 1171
4542 3618
4543 311
4544 2822
4545 324
4546 1048
4547 898
4548 1797
4549 2201
4550 2140
4551 1651
4552 1222
4553 595
4554 3377
4555 3936
4556 1596
4557 4448
4558 3084
4559 16
4560 3291
4561 1277
4562 3535
4563 4379
4564 392
4565 829
4566 805
4567 3529
4568 3118
4569 2321
4570 3819
4571 3039
4572 1508
4573 505
4574 2630
4575 1743
4576 855
4577 2947
4578 117
4579 928
4580 4111
4581 803
4582 1400
4583 95
4584 3014
4585 2803
4586 289
4587 199
4588 2704
4589 3024
4590 2657
4591 1062
4592 2753
4593 3076
4594 3222
4595 2887
4596 2960
4597 3477
4598 4419
4599 846
4600 4409
4601 4549
4602 1303
4603 3578
4604 752
4605 572
4606 3012
4607 2980
4608 343
4609 1196
4610 786
4611 2221
4612 3754
4613 959
4614 1553
4615 4073
4616 3066
4617 4358
4618 10
4619 3743
4620 702
4621 2379
4622 1134
4623 1274
4624 2797
4625 3544
4626 440
4627 3064
4628 2652
4629 4174
4630 244
4631 700
4632 4084
4633 3337
4634 2378
4635 897
4636 1596
4637 3930
4638 1659
4639 2474
4640 2642
4641 741
4642 1601
4643 464
4644 1336
4645 389
4646 1598
4647 2238
4648 196
4649 2020
4650 243
4651 1757
4652 961
4653 2015
4654 2183
4655 3281
4656 3978
4657 272
4658 1283
4659 1189
4660 3678
4661 3898
4662 1901
4663 3531
4664 3960
4665 4331
4666 2495
4667 4491
4668 4173
4669 2733
4670 970
4671 1150
4672 2830
4673 663
4674 771
4675 1587
4676 1892
4677 4348
4678 538
4679 4004
4680 1710
4681 1253
4682 3842
4683 930
4684 4524
4685 1642
4686 1897
4687 1204
4688 986
4689 2774
4690 4080
4691 3877
4692 4070
4693 3712
4694 4319
4695 4355
4696 3419
4697 1397
4698 4137
4699 485
4700 1491
4701 3428
4702 3868
4703 3731
4704 248
4705 2059
4706 3204
4707 3433
4708 1073
4709 358
4710 3385
4711 3660
4712 392
4713 3840
4714 3073
4715 241
4716 445
4717 478
4718 717
4719 1220
4720 2061
4721 3953
4722 1529
4723 47
4724 2781
4725 24
4726 3155
4727 1418
4728 2127
4729 365
4730 3488
4731 4323
4732 2085
4733 2850
4734 4116
4735 4042
4736 2549
4737 3207
4738 2925
4739 104
4740 1068
4741 3458
4742 1213
4743 3546
4744 2180
4745 200
4746 2212
4747 3995
4748 2522
4749 2506
4750 112
4751 3675
4752 693
4753 3545
4754 2536
4755 3274
4756 962
4757 3202
4758 3558
4759 1011
4760 2678
4761 4229
4762 3206
4763 364
4764 1452
4765 2997
4766 496
4767 3576
4768 3430
4769 629
4770 927
4771 1130
4772 1577
4773 248
4774 3767
4775 172
4776 3218
4777 1490
4778 3573
4779 3317
4780 2968
4781 2241
4782 888
4783 2284
4784 3865
4785 3095
4786 1200
4787 23
4788 1023
4789 554
4790 1932
4791 3902
4792 3481
4793 4403
4794 1360
4795 386
4796 2332
4797 4776
4798 2308
4799 3726
4800 3776
4801 1468
4802 1287
4803 1986
4804 3393
4805 1652
4806 3844
4807 1515
4808 2593
4809 2343
4810 3906
4811 4528
4812 148
4813 3545
4814 1116
4815 566
4816 3921
4817 2225
4818 1916
4819 402
4820 2625
4821 788
4822 53
4823 3684
4824 1595
4825 3689
4826 1707
4827 25
4828 3635
4829 4731
4830 4516
4831 3299
4832 4772
4833 1827
4834 968
4835 165
4836 4674
4837 2615
4838 2336
4839 3310
4840 480
4841 1015
4842 890
4843 1703
4844 2621
4845 3949
4846 3101
4847 1956
4848 634
4849 2432
4850 3350
4851 2588
4852 1425
4853 1884
4854 223
4855 3045
4856 3370
4857 2446
4858 1550
4859 708
4860 1929
4861 4018
4862 1831
4863 697
4864 3380
4865 4468
4866 1170
4867 3257
4868 4329
4869 3763
4870 548
4871 4649
4872 2785
4873 3890
4874 1836
4875 2502
4876 4684
4877 3389
4878 4129
4879 3995
4880 2704
4881 2796
4882 2922
4883 136
4884 547
4885 1231
4886 3679
4887 3048
4888 2973
4889 3642
4890 1339
4891 386
4892 4300
4893 3353
4894 1302
4895 835
4896 1509
4897 86
4898 2882
4899 1804
4900 4105
4901 625
4902 4237
4903 4368
4904 3989
4905 3137
4906 684
4907 1696
4908 2713
4909 893
4910 4250
4911 2796
4912 2459
4913 142
4914 415
4915 3611
4916 3834
4917 3031
4918 4432
4919 4152
4920 228
4921 1660
4922 1905
4923 4757
4924 4786
4925 4392
4926 3116
4927 4068
4928 4693
4929 4849
4930 1361
4931 805
4932 1441
4933 4633
4934 2841
4935 2298
4936 1512
4937 4010
4938 877
4939 3359
4940 1837
4941 3021
4942 1075
4943 2696
4944 4819
4945 2188
4946 4130
4947 2008
4948 1905
4949 2289
4950 253
4951 2924
4952 636
4953 4782
4954 1348
4955 225
4956 842
4957 3651
4958 3828
4959 731
4960 1485
4961 4781
4962 788
4963 4188
4964 247
4965 3716
4966 154
4967 379
4968 4218
4969 1607
4970 1145
4971 1197
4972 1556
4973 1958
4974 528
4975 929
4976 1681
4977 1344
4978 2497
4979 126
4980 903
4981 4966
4982 725
4983 3689
4984 4864
4985 679
4986 931
4987 635
4988 1016
4989 2694
4990 2151
4991 1909
4992 1308
4993 1650
4994 2562
4995 2474
4996 1231
4997 2884
4998 4506
4999 1394
5000 2969
5001 318
5002 298
5003 4629
5004 442
5005 366
5006 4
5007 2276
5008 3663
5009 3696
5010 905
5011 3430
5012 1339
5013 376
5014 1142
5015 4743
5016 2657
5017 687
5018 2026
5019 2885
5020 998
5021 45
5022 2821
5023 683
5024 3042
5025 5000
5026 4316
5027 3638
5028 1717
5029 1667
5030 3883
5031 1146
5032 2068
5033 3033
5034 1237
5035 4864
5036 4206
5037 4790
5038 810
5039 1837
5040 2071
5041 2342
5042 4594
5043 4784
5044 3947
5045 2109
5046 4543
5047 3197
5048 2814
5049 751
5050 1983
5051 2442
5052 3095
5053 2257
5054 2267
5055 1670
5056 4560
5057 2295
5058 4008
5059 1375
5060 2091
5061 3991
5062 2414
5063 708
5064 4069
5065 4742
5066 3681
5067 1952
5068 1917
5069 1682
5070 2465
5071 2376
5072 324
5073 3864
5074 4822
5075 739
5076 2101
5077 1215
5078 3680
5079 1183
5080 1771
5081 1061
5082 5052
5083 3449
5084 467
5085 4716
5086 2620
5087 95
5088 4196
5089 1383
5090 3602
5091 2936
5092 3739
5093 2850
5094 1785
5095 3491
5096 4902
5097 4103
5098 3370
5099 1811
5100 4415
5101 231
5102 4101
5103 1134
5104 12
5105 48
5106 4525
5107 3711
5108 3469
5109 412
5110 1296
5111 800
5112 4425
5113 290
5114 3542
5115 871
5116 626
5117 2076
5118 387
5119 3321
5120 1447
5121 640
5122 1343
5123 818
5124 3074
5125 299
5126 4061
5127 4632
5128 3335
5129 1499
5130 4656
5131 996
5132 3798
5133 2903
5134 982
5135 96
5136 47
5137 3397
5138 4534
5139 726
5140 314
5141 1219
5142 510
5143 1596
5144 1486
5145 302
5146 4163
5147 3943
5148 1968
5149 3371
5150 1102
5151 2320
5152 679
5153 3947
5154 4571
5155 376
5156 5003
5157 153
5158 3040
5159 2594
5160 1635
5161 4730
5162 3855
5163 67
5164 5016
5165 4296
5166 1426
5167 995
5168 785
5169 463
5170 3380
5171 4965
5172 4254
5173 1524
5174 1588
5175 1298
5176 4124
5177 4394
5178 4966
5179 3284
5180 5029
5181 2515
5182 1533
5183 2669
5184 4845
5185 4494
5186 4429
5187 2866
5188 3495
5189 3430
5190 298
5191 2085
5192 196
5193 2428
5194 395
5195 2723
5196 2051
5197 3664
5198 1854
5199 606
5200 1062
5201 1174
5202 4826
5203 1581
5204 1217
5205 5087
5206 2788
5207 2173
5208 3670
5209 2724
5210 1099
5211 3555
5212 720
5213 326
5214 2543
5215 2443
5216 2907
5217 115
5218 4727
5219 1219
5220 3729
5221 1441
5222 1089
5223 2128
5224 2275
5225 4697
5226 2830
5227 1569
5228 2771
5229 2337
5230 1100
5231 2903
5232 4332
5233 146
5234 4593
5235 3064
5236 1593
5237 2687
5238 1161
5239 452
5240 1715
5241 2798
5242 1327
5243 4380
5244 2039
5245 626
5246 3902
5247 2895
5248 2775
5249 800
5250 5064
5251 2774
5252 844
5253 3194
5254 2046
5255 4404
5256 691
5257 193
5258 1963
5259 2224
5260 3771
5261 694
5262 766
5263 2960
5264 4477
5265 3291
5266 4369
5267 652
5268 870
5269 2802
5270 4389
5271 384
5272 786
5273 4822
5274 1944
5275 3380
5276 3949
5277 494
5278 1137
5279 604
5280 1972
5281 3967
5282 1034
5283 3310
5284 766
5285 4969
5286 4537
5287 976
5288 4433
5289 3404
5290 2235
5291 4759
5292 1518
5293 3935
5294 5170
5295 25
5296 19
5297 2937
5298 733
5299 60
5300 4396
5301 2052
5302 1425
5303 3827
5304 3446
5305 1710
5306 4081
5307 4421
5308 3332
5309 4794
5310 2280
5311 227
5312 755
5313 4918
5314 254
5315 4960
5316 904
5317 3886
5318 2302
5319 2519
5320 1413
5321 1594
5322 4625
5323 843
5324 4733
5325 2271
5326 727
5327 737
5328 3287
5329 2340
5330 3286
5331 1524
5332 541
5333 5111
5334 2136
5335 5036
5336 166
5337 5005
5338 3457
5339 265
5340 3679
5341 1161
5342 4843
5343 5017
5344 3991
5345 3055
5346 2959
5347 2177
5348 2
5349 2961
5350 2467
5351 560
5352 3557
5353 2827
5354 4843
5355 3303
5356 1470
5357 3172
5358 841
5359 3363
5360 1909
5361 1092
5362 2257
5363 1793
5364 4341
5365 4216
5366 4065
5367 3288
5368 3435
5369 1130
5370 2378
5371 4601
5372 1706
5373 2181
5374 712
5375 868
5376 3245
5377 4561
5378 4127
5379 3092
5380 737
5381 5179
5382 3308
5383 4512
5384 3592
5385 3975
5386 249
5387 5085
5388 491
5389 2153
5390 2379
5391 5094
5392 5144
5393 4258
5394 3604
5395 2587
5396 5270
5397 2243
5398 3324
5399 600
5400 2532
5401 2999
5402 2179
5403 5038
5404 4449
5405 1945
5406 2513
5407 4051
5408 3008
5409 1284
5410 2562
5411 5346
5412 1645
5413 1090
5414 5214
5415 1676
5416 2396
5417 431
5418 2475
5419 546
5420 664
5421 3570
5422 3558
5423 5401
5424 2284
5425 4052
5426 1287
5427 2674
5428 329
5429 4760
5430 2753
5431 3635
5432 4527
5433 3371
5434 3370
5435 1620
5436 4491
5437 5113
5438 1997
5439 981
5440 4246
5441 2672
5442 3900
5443 2408
5444 3633
5445 839
5446 1809
5447 2941
5448 3480
5449 1409
5450 1045
5451 779
5452 3810
5453 5336
5454 3644
5455 4540
5456 839
5457 1507
5458 116
5459 1181
5460 5267
5461 4440
5462 3561
5463 5338
5464 2637
5465 2486
5466 1407
5467 755
5468 1575
5469 2442
5470 361
5471 513
5472 4886
5473 892
5474 2001
5475 4576
5476 4747
5477 1891
5478 2598
5479 3835
5480 1174
5481 4439
5482 2030
5483 1445
5484 3068
5485 3233
5486 1295
5487 3523
5488 219
5489 1464
5490 4611
5491 3883
5492 562
5493 3753
5494 1801
5495 4076
5496 3807
5497 4888
5498 1959
5499 4158
5500 3944
5501 90
5502 4360
5503 1598
5504 39
5505 2578
5506 968
5507 1763
5508 33
5509 324
5510 716
5511 763
5512 3418
5513 4815
5514 290
5515 5009
5516 5114
5517 2262
5518 545
5519 4477
5520 2057
5521 1497
5522 2407
5523 900
5524 1230
5525 3341
5526 4039
5527 4806
5528 562
5529 2441
5530 5322
5531 4259
5532 335
5533 2114
5534 4305
5535 3987
5536 3223
5537 2170
5538 4716
5539 1546
5540 3146
5541 1532
5542 5051
5543 2098
5544 4090
5545 1675
5546 606
5547 4370
5548 2328
5549 515
5550 4203
5551 4924
5552 4570
5553 3152
5554 2555
5555 256
5556 3188
5557 1690
5558 5292
5559 3085
5560 4682
5561 1153
5562 4808
5563 3931
5564 3140
5565 250
5566 112
5567 3041
5568 3558
5569 2746
5570 582
5571 452
5572 3026
5573 2693
5574 2128
5575 1107
5576 4380
5577 3073
5578 2877
5579 3277
5580 562
5581 105
5582 55
5583 4155
5584 3996
5585 1316
5586 3709
5587 104
5588 5125
5589 1926
5590 492
5591 433
5592 2635
5593 1448
5594 1017
5595 3822
5596 133
5597 1559
5598 4133
5599 1663
5600 3422
5601 155
5602 2298
5603 3476
5604 1626
5605 1869
5606 1016
5607 3117
5608 3949
5609 187
5610 723
5611 2288
5612 1958
5613 5194
5614 831
5615 1881
5616 3579
5617 3900
5618 2587
5619 3358
5620 1151
5621 5092
5622 227
5623 327
5624 5061
5625 5463
5626 1941
5627 3702
5628 4405
5629 3071
5630 3337
5631 1264
5632 1610
5633 869
5634 2614
5635 3923
5636 4249
5637 2223
5638 4468
5639 1740
5640 3641
5641 3032
5642 3374
5643 1712
5644 1609
5645 3919
5646 4801
5647 3543
5648 2423
5649 2434
5650 2692
5651 1257
5652 379
5653 4363
5654 5294
5655 5020
5656 3018
5657 3564
5658 2473
5659 39
5660 1867
5661 4820
5662 5076
5663 2370
5664 5391
5665 2785
5666 3999
5667 2122
5668 5632
5669 4138
5670 3226
5671 382
5672 1346
5673 3736
5674 5278
5675 4795
5676 1216
5677 4721
5678 1267
5679 1184
5680 233
5681 2141
5682 1393
5683 4222
5684 2606
5685 2957
5686 2763
5687 4167
5688 2099
5689 1832
5690 874
5691 719
5692 5415
5693 52
5694 1231
5695 3308
5696 1433
5697 405
5698 3102
5699 5123
5700 4964
5701 3312
5702 4038
5703 5662
5704 2432
5705 2787
5706 1910
5707 2356
5708 502
5709 1455
5710 4834
5711 2165
5712 116
5713 2325
5714 4755
5715 2592
5716 237
5717 2129
5718 2488
5719 4317
5720 3150
5721 2436
5722 3655
5723 4645
5724 5586
5725 1469
5726 3590
5727 4789
5728 2252
5729 3498
5730 2363
5731 3937
5732 3120
5733 5512
5734 2949
5735 5348
5736 5672
5737 2025
5738 3727
5739 4215
5740 4646
5741 2164
5742 379
5743 5275
5744 3234
5745 3730
5746 4341
5747 676
5748 961
5749 855
5750 4048
5751 4949
5752 287
5753 3094
5754 276
5755 4616
5756 3987
5757 78
5758 3640
5759 3806
5760 1421
5761 457
5762 1143
5763 3673
5764 1850
5765 4482
5766 3076
5767 5003
5768 2944
5769 5130
5770 1612
5771 244
5772 1260
5773 2066
5774 2768
5775 5746
5776 577
5777 1052
5778 2179
5779 2674
5780 4182
5781 5115
5782 4958
5783 4572
5784 3371
5785 2824
5786 1254
5787 5518
5788 5759
5789 3082
5790 4843
5791 1594
5792 2379
5793 3160
5794 4070
5795 1444
5796 3201
5797 3438
5798 3723
5799 2768
5800 4369
5801 654
5802 5717
5803 969
5804 4159
5805 2908
5806 512
5807 981
5808 1171
5809 1323
5810 4626
5811 2189
5812 5187
5813 1697
5814 3762
5815 312
5816 344
5817 904
5818 1336
5819 3504
5820 798
5821 3751
5822 479
5823 5180
5824 1902
5825 3713
5826 3140
5827 4695
5828 2653
5829 1212
5830 4927
5831 2444
5832 938
5833 2565
5834 3302
5835 2167
5836 2990
5837 1630
5838 1111
5839 1877
5840 2244
5841 4583
5842 809
5843 5277
5844 1654
5845 3517
5846 4383
5847 2780
5848 2350
5849 2736
5850 1830
5851 1862
5852 1279
5853 3020
5854 4540
5855 3943
5856 730
5857 4587
5858 5855
5859 327
5860 2607
5861 1616
5862 2389
5863 3868
5864 751
5865 2255
5866 1975
5867 2934
5868 5775
5869 4344
5870 1957
5871 1567
5872 3708
5873 1737
5874 1101
5875 1397
5876 1744
5877 1735
5878 1871
5879 4984
5880 1075
5881 4927
5882 1642
5883 2762
5884 1055
5885 4457
5886 828
5887 4763
5888 1654
5889 3902
5890 3204
5891 501
5892 1570
5893 1735
5894 619
5895 1709
5896 4755
5897 996
5898 2135
5899 1412
5900 1308
5901 1374
5902 1309
5903 2056
5904 2997
5905 1111
5906 1115
5907 1033
5908 1151
5909 1575
5910 4223
5911 4484
5912 1521
5913 765
5914 4763
5915 5815
5916 273
5917 898
5918 715
5919 5589
5920 529
5921 5249
5922 2673
5923 5722
5924 2522
5925 1575
5926 5850
5927 3235
5928 4606
5929 1365
5930 4770
5931 5688
5932 958
5933 1144
5934 4867
5935 3659
5936 4123
5937 3114
5938 3392
5939 1724
5940 1766
5941 878
5942 3798
5943 2115
5944 1117
5945 3194
5946 1914
5947 22
5948 1696
5949 4631
5950 1074
5951 1638
5952 2536
5953 3006
5954 2360
5955 4675
5956 5082
5957 5285
5958 31
5959 2565
5960 4135
5961 2376
5962 1201
5963 430
5964 4433
5965 1342
5966 5808
5967 5103
5968 3065
5969 1771
5970 2777
5971 1779
5972 2150
5973 3022
5974 1361
5975 3972
5976 4887
5977 3021
5978 5237
5979 2197
5980 2019
5981 756
5982 3642
5983 5287
5984 5968
5985 5308
5986 1621
5987 4972
5988 640
5989 194
5990 2743
5991 5591
5992 2765
5993 4679
5994 681
5995 4353
5996 5474
5997 4968
5998 2304
5999 2018
6000 2857
6001 4192
6002 51
6003 273
6004 3541
6005 5721
6006 5805
6007 3761
6008 3991
6009 1616
6010 714
6011 3291
6012 797
6013 4801
6014 353
6015 4503
6016 4232
6017 963
6018 479
6019 428
6020 1207
6021 3660
6022 3002
6023 2714
6024 4431
6025 4616
6026 1359
6027 1298
6028 3422
6029 638
6030 3547
6031 5003
6032 2174
6033 1731
6034 2514
6035 487
6036 1381
6037 4085
6038 1469
6039 3584
6040 70
6041 5395
6042 1050
6043 3880
6044 3283
6045 5323
6046 2768
6047 1683
6048 1559
6049 1467
6050 1968
6051 4044
6052 210
6053 3685
6054 3883
6055 2322
6056 2542
6057 165
6058 1720
6059 3429
6060 1041
6061 4364
6062 3202
6063 5450
6064 1518
6065 2810
6066 4425
6067 1171
6068 690
6069 16
6070 737
6071 5382
6072 5315
6073 1100
6074 3234
6075 258
6076 3315
6077 3928
6078 780
6079 1418
6080 2254
6081 1612
6082 1398
6083 1791
6084 652
6085 5659
6086 1283
6087 1988
6088 1356
6089 140
6090 2353
6091 2658
6092 20
6093 5207
6094 2616
6095 6029
6096 5188
6097 1327
6098 1733
6099 940
6100 1076
6101 5972
6102 4936
6103 4351
6104 384
6105 1916
6106 3886
6107 4956
6108 2873
6109 825
6110 5633
6111 337
6112 5354
6113 95
6114 3996
6115 1164
6116 5422
6117 4628
6118 3702
6119 457
6120 4948
6121 4151
6122 4802
6123 1628
6124 3871
6125 5033
6126 3582
6127 1765
6128 3643
6129 2985
6130 1731
6131 305
6132 2740
6133 1023
6134 3697
6135 570
6136 1708
6137 2227
6138 6131
6139 5385
6140 4420
6141 2027
6142 4188
6143 1379
6144 314
6145 346
6146 2050
6147 4352
6148 2176
6149 3655
6150 1239
6151 4623
6152 3045
6153 3269
6154 1852
6155 4353
6156 1826
6157 4988
6158 1390
6159 6153
6160 4456
6161 672
6162 5273
6163 1183
6164 4383
6165 888
6166 5358
6167 973
6168 3675
6169 1585
6170 1577
6171 5446
6172 3343
6173 3296
6174 3969
6175 1420
6176 5636
6177 3782
6178 2678
6179 5394
6180 3826
6181 279
6182 655
6183 1823
6184 3418
6185 5494
6186 131
6187 5148
6188 1934
6189 5074
6190 127
6191 538
6192 2320
6193 875
6194 1564
6195 2505
6196 3136
6197 1950
6198 1012
6199 3974
6200 2368
6201 4263
6202 1313
6203 4476
6204 2099
6205 3026
6206 1308
6207 3067
6208 1874
6209 812
6210 4355
6211 3684
6212 47
6213 5634
6214 4007
6215 679
6216 2032
6217 5314
6218 5242
6219 1508
6220 3085
6221 6049
6222 2955
6223 4259
6224 2834
6225 116
6226 3868
6227 2202
6228 1128
6229 1059
6230 3420
6231 6093
6232 315
6233 5243
6234 5552
6235 2191
6236 458
6237 488
6238 2262
6239 1417
6240 1355
6241 1074
6242 3914
6243 5497
6244 3788
6245 3243
6246 5981
6247 828
6248 2798
6249 761
6250 933
6251 5126
6252 1095
6253 6211
6254 3378
6255 2528
6256 2260
6257 5538
6258 5660
6259 5745
6260 5962
6261 4342
6262 1139
6263 1240
6264 511
6265 1463
6266 5066
6267 645
6268 3200
6269 4169
6270 3330
6271 5113
6272 1937
6273 3970
6274 3444
6275 2534
6276 2549
6277 1046
6278 6126
6279 736
6280 1721
6281 4915
6282 1779
6283 4019
6284 1272
6285 4102
6286 3237
6287 3869
6288 1223
6289 5357
6290 6186
6291 3777
6292 3809
6293 5907
6294 2044
6295 1374
6296 2210
6297 169
6298 5580
6299 3139
6300 581
6301 4039
6302 5743
6303 2652
6304 534
6305 1442
6306 203
6307 3374
6308 1038
6309 2599
6310 1326
6311 2310
6312 6266
6313 3288
6314 3100
6315 4576
6316 6112
6317 4461
6318 249
6319 5154
6320 544
6321 3581
6322 3746
6323 2179
6324 5494
6325 2174
6326 1081
6327 6008
6328 2809
6329 803
6330 50
6331 3033
6332 747
6333 2265
6334 1702
6335 4661
6336 2686
6337 3932
6338 5789
6339 4690
6340 6030
6341 2574
6342 1241
6343 813
6344 3387
6345 648
6346 3705
6347 1114
6348 3631
6349 3868
6350 3084
6351 4796
6352 136
6353 3403
6354 149
6355 4521
6356 3435
6357 4887
6358 2958
6359 5015
6360 5852
6361 5780
6362 3188
6363 2542
6364 310
6365 2407
6366 1257
6367 299
6368 1357
6369 6295
6370 4965
6371 1829
6372 4581
6373 5807
6374 5846
6375 4426
6376 3046
6377 843
6378 2200
6379 6080
6380 2778
6381 1355
6382 3422
6383 5345
6384 5791
6385 125
6386 1419
6387 564
6388 967
6389 1783
6390 3547
6391 2709
6392 4620
6393 5659
6394 326
6395 4907
6396 4837
6397 4449
6398 6257
6399 1880
6400 5006
6401 1978
6402 5813
6403 6252
6404 3758
6405 1630
6406 3274
6407 4920
6408 5209
6409 6233
6410 1705
6411 5022
6412 4955
6413 3242
6414 2023
6415 3955
6416 2254
6417 4652
6418 2998
6419 3023
6420 4774
6421 5532
6422 1490
6423 4927
6424 2264
6425 4530
6426 2667
6427 901
6428 1552
6429 3851
6430 6269
6431 3295
6432 1388
6433 1871
6434 1075
6435 4451
6436 3073
6437 3612
6438 4609
6439 1637
6440 6011
6441 1035
6442 3229
6443 907
6444 5938
6445 605
6446 1730
6447 5856
6448 222
6449 3777
6450 802
6451 4353
6452 5691
6453 79
6454 804
6455 754
6456 6290
6457 4024
6458 4819
6459 3037
6460 3019
6461 4949
6462 493
6463 5301
6464 4943
6465 4317
6466 5184
6467 1257
6468 3929
6469 5243
6470 5933
6471 4148
6472 489
6473 767
6474 1419
6475 2381
6476 241
6477 5916
6478 4543
6479 4475
6480 3518
6481 6418
6482 5659
6483 4159
6484 4323
6485 4869
6486 4743
6487 2573
6488 5850
6489 6389
6490 2974
6491 4551
6492 5489
6493 3203
6494 428
6495 1961
6496 2902
6497 76
6498 6287
6499 5452
6500 5968
6501 4945
6502 3756
6503 2217
6504 4131
6505 5647
6506 295
6507 220
6508 5312
6509 2555
6510 4947
6511 6290
6512 4772
6513 6248
6514 5487
6515 4232
6516 5037
6517 2444
6518 1431
6519 1403
6520 3879
6521 5857
6522 1917
6523 5810
6524 1477
6525 2245
6526 2847
6527 4098
6528 4405
6529 6276
6530 2753
6531 4999
6532 5139
6533 3180
6534 5117
6535 2250
6536 6307
6537 4417
6538 5434
6539 5038
6540 2300
6541 1706
6542 2801
6543 780
6544 1580
6545 2812
6546 1582
6547 255
6548 2129
6549 4521
6550 3460
6551 6090
6552 2323
6553 3388
6554 1590
6555 2164
6556 220
6557 1579
6558 3214
6559 743
6560 4168
6561 5933
6562 641
6563 3034
6564 1008
6565 2505
6566 2394
6567 1272
6568 3010
6569 3535
6570 4655
6571 3055
6572 2308
6573 4730
6574 2320
6575 2353
6576 6063
6577 2197
6578 4496
6579 2363
6580 372
6581 5469
6582 3077
6583 2925
6584 4126
6585 5198
6586 3844
6587 3058
6588 1472
6589 3934
6590 2290
6591 4927
6592 4354
6593 1263
6594 1398
6595 3406
6596 3099
6597 2317
6598 94
6599 1362
6600 3760
6601 2543
6602 484
6603 1038
6604 414
6605 2385
6606 265
6607 3188
6608 3632
6609 3098
6610 153
6611 1710
6612 1143
6613 2443
6614 4083
6615 2478
6616 5627
6617 4343
6618 5821
6619 6054
6620 2002
6621 1392
6622 5584
6623 861
6624 645
6625 370
6626 1572
6627 4492
6628 4947
6629 4191
6630 817
6631 1856
6632 5003
6633 707
6634 4527
6635 6064
6636 1084
6637 1284
6638 4805
6639 6312
6640 202
6641 3765
6642 2724
6643 3823
6644 2682
6645 1626
6646 1487
6647 6066
6648 3519
6649 5448
6650 5964
6651 2341
6652 1718
6653 2015
6654 4476
6655 4212
6656 1660
6657 4191
6658 156
6659 5692
6660 2986
6661 6130
6662 34
6663 500
6664 3554
6665 2730
6666 2505
6667 1280
6668 287
6669 4048
6670 3130
6671 5862
6672 1435
6673 765
6674 1816
6675 2038
6676 512
6677 5680
6678 3390
6679 743
6680 1385
6681 783
6682 5447
6683 5084
6684 4022
6685 2757
6686 1075
6687 1336
6688 3820
6689 604
6690 3679
6691 739
6692 5127
6693 1664
6694 3964
6695 4545
6696 2264
6697 236
6698 3896
6699 2400
6700 2816
6701 2283
6702 339
6703 595
6704 345
6705 5466
6706 1578
6707 3997
6708 113
6709 804
6710 2090
6711 2414
6712 2040
6713 1333
6714 995
6715 489
6716 3334
6717 4060
6718 4982
6719 1946
6720 3230
6721 2066
6722 1591
6723 4429
6724 653
6725 1452
6726 3859
6727 588
6728 5807
6729 3361
6730 5198
6731 991
6732 4543
6733 4819
6734 565
6735 6028
6736 2480
6737 4
6738 3082
6739 5017
6740 3891
6741 6158
6742 1915
6743 758
6744 3453
6745 2267
6746 1601
6747 4503
6748 4039
6749 1622
6750 700
6751 2703
6752 3288
6753 714
6754 4235
6755 5823
6756 5288
6757 3974
6758 5387
6759 35
6760 4100
6761 2329
6762 4399
6763 1598
6764 4238
6765 2487
6766 840
6767 3762
6768 1255
6769 5571
6770 6389
6771 1313
6772 4413
6773 958
6774 5540
6775 6379
6776 3017
6777 1399
6778 3258
6779 4900
6780 5328
6781 2241
6782 1835
6783 1964
6784 6248
6785 2762
6786 4805
6787 2697
6788 1405
6789 6098
6790 2585
6791 1757
6792 1980
6793 5108
6794 3690
6795 4886
6796 5343
6797 1874
6798 305
6799 5691
6800 3650
6801 5631
6802 2730
6803 3599
6804 3402
6805 5180
6806 2730
6807 4676
6808 4503
6809 459
6810 4230
6811 6793
6812 502
6813 5324
6814 5612
6815 3576
6816 3695
6817 5404
6818 3304
6819 5354
6820 6169
6821 3988
6822 2828
6823 1139
6824 3112
6825 2266
6826 3246
6827 3636
6828 550
6829 5002
6830 622
6831 5712
6832 4281
6833 656
6834 5476
6835 3238
6836 3220
6837 164
6838 5401
6839 2053
6840 234
6841 1893
6842 4931
6843 6174
6844 2656
6845 3491
6846 5949
6847 2998
6848 3741
6849 6471
6850 4482
6851 5543
6852 1990
6853 4856
6854 6526
6855 5122
6856 5036
6857 6459
6858 3622
6859 786
6860 6656
6861 6738
6862 5113
6863 6424
6864 1497
6865 2606
6866 533
6867 790
6868 3594
6869 4614
6870 5495
6871 5691
6872 5339
6873 5055
6874 598
6875 3840
6876 5239
6877 3125
6878 4221
6879 6477
6880 5779
6881 2130
6882 6331
6883 4303
6884 4501
6885 1026
6886 4297
6887 5181
6888 1143
6889 6631
6890 2587
6891 4463
6892 3189
6893 5550
6894 4167
6895 4898
6896 4166
6897 81
6898 3028
6899 3528
6900 6427
6901 1870
6902 1814
6903 4694
6904 619
6905 3112
6906 1279
6907 5892
6908 1003
6909 620
6910 2175
6911 3245
6912 1015
6913 1863
6914 2232
6915 2409
6916 4228
6917 3330
6918 228
6919 2620
6920 347
6921 462
6922 3266
6923 6225
6924 5910
6925 1274
6926 345
6927 4975
6928 5658
6929 4433
6930 6591
6931 4006
6932 2626
6933 2140
6934 2058
6935 29
6936 5135
6937 6568
6938 1290
6939 5321
6940 3276
6941 1583
6942 6766
6943 1371
6944 3964
6945 1165
6946 6945
6947 3493
6948 958
6949 2225
6950 1933
6951 5531
6952 3991
6953 4401
6954 1118
6955 3991
6956 3447
6957 4778
6958 6527
6959 5518
6960 381
6961 615
6962 2298
6963 1031
6964 3911
6965 5753
6966 6661
6967 5169
6968 681
6969 2967
6970 6026
6971 4684
6972 6922
6973 2014
6974 4155
6975 668
6976 1026
6977 204
6978 5023
6979 1500
6980 1118
6981 609
6982 3083
6983 4711
6984 2512
6985 1726
6986 783
6987 3561
6988 662
6989 4182
6990 2873
6991 3500
6992 3047
6993 6041
6994 4154
6995 5044
6996 3927
6997 1263
6998 4495
6999 2519
7000 3989
7001 821
7002 764
7003 3057
7004 5728
7005 5134
7006 890
7007 4599
7008 4305
7009 3148
7010 2650
7011 2078
7012 5844
7013 2811
7014 2471
7015 6976
7016 1327
7017 2735
7018 4843
7019 44
7020 1967
7021 738
7022 669
7023 3685
7024 2015
7025 5217
7026 5439
7027 4069
7028 1096
7029 115
7030 4272
7031 3188
7032 4324
7033 2482
7034 5966
7035 1135
7036 47
7037 4297
7038 5924
7039 5885
7040 6702
7041 725
7042 6522
7043 2928
7044 2627
7045 1956
7046 1553
7047 6415
7048 489
7049 1146
7050 298
7051 3663
7052 1163
7053 3930
7054 6898
7055 5348
7056 1464
7057 1317
7058 2684
7059 753
7060 6646
7061 2198
7062 2950
7063 5261
7064 1268
7065 534
7066 493
7067 4738
7068 5787
7069 4520
7070 3117
7071 5165
7072 2443
7073 6479
7074 262
7075 2518
7076 6004
7077 7066
7078 2575
7079 519
7080 3914
7081 4705
7082 4736
7083 2311
7084 5704
7085 75
7086 5568
7087 3659
7088 4438
7089 4527
7090 4460
7091 5926
7092 3182
7093 34
7094 2734
7095 901
7096 750
7097 3865
7098 1079
7099 6771
7100 2831
7101 3615
7102 4977
7103 6796
7104 6153
7105 5730
7106 581
7107 5607
7108 6334
7109 5947
7110 688
7111 6627
7112 1125
7113 4706
7114 6063
7115 761
7116 5611
7117 3623
7118 2167
7119 4787
7120 4423
7121 1046
7122 2783
7123 3719
7124 3262
7125 2513
7126 3951
7127 4250
7128 3495
7129 6811
7130 1425
7131 4044
7132 5636
7133 3987
7134 2450
7135 1359
7136 3728
7137 5046
7138 4229
7139 3100
7140 200
7141 2374
7142 3434
7143 838
7144 1168
7145 4143
7146 3971
7147 1085
7148 4714
7149 6807
7150 7043
7151 2936
7152 409
7153 3857
7154 808
7155 6690
7156 3460
7157 3770
7158 754
7159 7059
7160 2320
7161 2220
7162 5457
7163 228
7164 367
7165 3054
7166 2680
7167 5135
7168 5643
7169 1140
7170 2567
7171 6405
7172 6711
7173 922
7174 2340
7175 2123
7176 2059
7177 3031
7178 860
7179 1158
7180 1154
7181 1040
7182 5780
7183 2602
7184 6189
7185 138
7186 632
7187 5360
7188 1604
7189 1784
7190 820
7191 101
7192 3226
7193 7053
7194 7016
7195 1408
7196 969
7197 3342
7198 6470
7199 3204
7200 5761
7201 1666
7202 6836
7203 6859
7204 5053
7205 5697
7206 4517
7207 2689
7208 2409
7209 1042
7210 5432
7211 6834
7212 1005
7213 3780
7214 594
7215 6801
7216 3893
7217 7160
7218 2726
7219 5840
7220 2084
7221 2129
7222 1320
7223 2913
7224 7077
7225 4140
7226 5207
7227 4871
7228 4963
7229 6373
7230 3183
7231 7175
7232 4280
7233 2313
7234 6203
7235 4616
7236 4490
7237 4898
7238 5475
7239 1224
7240 6519
7241 1096
7242 5582
7243 6581
7244 6412
7245 3909
7246 2609
7247 5182
7248 4767
7249 6931
7250 3123
7251 4915
7252 1275
7253 688
7254 4800
7255 1286
7256 2662
7257 2298
7258 596
7259 5408
7260 1358
7261 4257
7262 6630
7263 7111
7264 313
7265 338
7266 4861
7267 3379
7268 4465
7269 5633
7270 4334
7271 3483
7272 5895
7273 3137
7274 2125
7275 4632
7276 2597
7277 4006
7278 2022
7279 5471
7280 5961
7281 179
7282 5964
7283 3654
7284 525
7285 2197
7286 955
7287 2169
7288 3246
7289 3504
7290 6685
7291 5557
7292 4312
7293 1881
7294 6162
7295 2803
7296 6158
7297 6819
7298 2399
7299 5048
7300 608
7301 6790
7302 2448
7303 3167
7304 2183
7305 7245
7306 3588
7307 2156
7308 395
7309 4362
7310 5516
7311 7088
7312 2694
7313 5296
7314 3279
7315 602
7316 1359
7317 2932
7318 2410
7319 591
7320 6003
7321 2140
7322 4517
7323 1835
7324 7059
7325 2684
7326 3699
7327 548
7328 3740
7329 4198
7330 5588
7331 5038
7332 3840
7333 5249
7334 2547
7335 4221
7336 2944
7337 2548
7338 3426
7339 5652
7340 615
7341 447
7342 6573
7343 1121
7344 3288
7345 4818
7346 1586
7347 6254
7348 2638
7349 4285
7350 1750
7351 1894
7352 3334
7353 3872
7354 7091
7355 6503
7356 6860
7357 1012
7358 5863
7359 2313
7360 6603
7361 7297
7362 6011
7363 3530
7364 650
7365 3766
7366 1208
7367 5794
7368 7332
7369 7334
7370 1991
7371 129
7372 4694
7373 7168
7374 335
7375 415
7376 988
7377 2689
7378 7248
7379 3000
7380 6439
7381 6352
7382 304
7383 6809
7384 810
7385 7323
7386 2077
7387 7292
7388 5164
7389 424
7390 3262
7391 1585
7392 1445
7393 2686
7394 2559
7395 1485
7396 2767
7397 6785
7398 4357
7399 3059
7400 5233
7401 83
7402 6208
7403 1153
7404 7008
7405 2121
7406 767
7407 1760
7408 1630
7409 69
7410 4062
7411 6893
7412 6054
7413 3217
7414 4396
7415 4755
7416 3300
7417 2868
7418 5747
7419 3217
7420 347
7421 6276
7422 1900
7423 2714
7424 6068
7425 2276
7426 4489
7427 4868
7428 1214
7429 2242
7430 4573
7431 4857
7432 4808
7433 7299
7434 5282
7435 6558
7436 5910
7437 4394
7438 3523
7439 5114
7440 2696
7441 5175
7442 1381
7443 6558
7444 776
7445 6445
7446 17
7447 5925
7448 2687
7449 5477
7450 633
7451 2639
7452 2613
7453 4736
7454 6476
7455 5735
7456 2136
7457 6171
7458 2205
7459 1485
7460 5113
7461 6486
7462 6888
7463 125
7464 1616
7465 2407
7466 6004
7467 6108
7468 993
7469 6371
7470 2962
7471 2673
7472 4623
7473 3981
7474 429
7475 770
7476 6971
7477 74
7478 3572
7479 403
7480 803
7481 4429
7482 7014
7483 621
7484 1552
7485 196
7486 211
7487 4053
7488 7236
7489 5579
7490 1737
7491 3869
7492 4221
7493 3567
7494 1770
7495 1182
7496 2611
7497 6581
7498 6683
7499 5618
7500 4160
7501 444
7502 3868
7503 2314
7504 1789
7505 2177
7506 5916
7507 2592
7508 4032
7509 5357
7510 3686
7511 1751
7512 5281
7513 3876
7514 2668
7515 1768
7516 2538
7517 1940
7518 1001
7519 3933
7520 4632
7521 1020
7522 6673
7523 6588
7524 4479
7525 6014
7526 3342
7527 1742
7528 6077
7529 3735
7530 6257
7531 7462
7532 47
7533 6765
7534 1462
7535 199
7536 3655
7537 6793
7538 1134
7539 7007
7540 3405
7541 6599
7542 6458
7543 6849
7544 1575
7545 2314
7546 6156
7547 223
7548 1113
7549 4580
7550 6643
7551 2314
7552 7293
7553 5430
7554 3454
7555 2786
7556 2761
7557 5604
7558 7422
7559 1630
7560 2254
7561 4323
7562 2741
7563 3200
7564 7135
7565 3263
7566 3778
7567 1129
7568 5864
7569 1743
7570 3815
7571 2454
7572 2761
7573 5146
7574 5976
7575 7137
7576 6451
7577 3375
7578 7288
7579 4538
7580 836
7581 3981
7582 5020
7583 3391
7584 895
7585 4641
7586 281
7587 6122
7588 585
7589 655
7590 1355
7591 1023
7592 4297
7593 7331
7594 5537
7595 604
7596 646
7597 1672
7598 3815
7599 3922
7600 1787
7601 4649
7602 7586
7603 3433
7604 7401
7605 6696
7606 1243
7607 1002
7608 2135
7609 971
7610 4878
7611 3786
7612 6711
7613 69
7614 4233
7615 6183
7616 4577
7617 7269
7618 6566
7619 1491
7620 6565
7621 6581
7622 722
7623 4810
7624 1072
7625 6630
7626 5414
7627 5627
7628 5706
7629 5085
7630 2176
7631 2435
7632 6001
7633 561
7634 5062
7635 77
7636 1289
7637 771
7638 3940
7639 7316
7640 1525
7641 1790
7642 1373
7643 3496
7644 866
7645 4693
7646 152
7647 4049
7648 5421
7649 4938
7650 174
7651 4638
7652 996
7653 2481
7654 3012
7655 7210
7656 4430
7657 4363
7658 1598
7659 2627
7660 4051
7661 1083
7662 5099
7663 7295
7664 5799
7665 4782
7666 2699
7667 6414
7668 6608
7669 6893
7670 3033
7671 6198
7672 3267
7673 3401
7674 1098
7675 39
7676 5505
7677 538
7678 5950
7679 3134
7680 3565
7681 7576
7682 1600
7683 2916
7684 1553
7685 7022
7686 4106
7687 5450
7688 2215
7689 5596
7690 2468
7691 441
7692 1812
7693 6740
7694 7359
7695 5159
7696 6851
7697 3847
7698 3258
7699 4986
7700 1497
7701 4601
7702 313
7703 3677
7704 4169
7705 746
7706 1649
7707 5968
7708 3425
7709 3886
7710 4707
7711 4372
7712 645
7713 4696
7714 5627
7715 955
7716 7537
7717 1922
7718 3888
7719 5187
7720 7599
7721 504
7722 3510
7723 1773
7724 7636
7725 2134
7726 5830
7727 3096
7728 1242
7729 1030
7730 84
7731 6496
7732 1011
7733 1015
7734 4651
7735 4418
7736 6617
7737 6250
7738 4451
7739 3906
7740 2597
7741 2439
7742 1909
7743 4806
7744 353
7745 1360
7746 2700
7747 5781
7748 7303
7749 4912
7750 1274
7751 4121
7752 2633
7753 2975
7754 4491
7755 6056
7756 4221
7757 5195
7758 2991
7759 1841
7760 202
7761 3730
7762 2348
7763 5049
7764 7270
7765 3251
7766 1238
7767 3150
7768 1178
7769 2338
7770 7302
7771 6382
7772 6362
7773 2208
7774 4553
7775 5331
7776 168
7777 1450
7778 1210
7779 2751
7780 1434
7781 452
7782 4358
7783 1853
7784 2031
7785 25
7786 3447
7787 175
7788 3958
7789 4517
7790 706
7791 4471
7792 6985
7793 6499
7794 5972
7795 1843
7796 557
7797 265
7798 1485
7799 1058
7800 5758
7801 6152
7802 4540
7803 5614
7804 3139
7805 3196
7806 3660
7807 1470
7808 3203
7809 5260
7810 4304
7811 6515
7812 1541
7813 198
7814 2661
7815 380
7816 7102
7817 5046
7818 6427
7819 5359
7820 530
7821 5471
7822 1746
7823 438
7824 7247
7825 5889
7826 1331
7827 1078
7828 3824
7829 621
7830 1400
7831 7765
7832 415
7833 4966
7834 2864
7835 7263
7836 7544
7837 6917
7838 4496
7839 1406
7840 7379
7841 2592
7842 620
7843 2724
7844 4035
7845 5298
7846 3094
7847 5565
7848 4224
7849 5998
7850 235
7851 6877
7852 7843
7853 4092
7854 2927
7855 4199
7856 7684
7857 5140
7858 6823
7859 1457
7860 2213
7861 743
7862 310
7863 343
7864 6185
7865 4299
7866 2148
7867 530
7868 39
7869 7066
7870 6485
7871 1070
7872 4937
7873 4044
7874 513
7875 4989
7876 476
7877 840
7878 2578
7879 1291
7880 2683
7881 5297
7882 7444
7883 7768
7884 4092
7885 854
7886 7796
7887 6839
7888 2203
7889 580
7890 1089
7891 7540
7892 1337
7893 779
7894 3170
7895 5641
7896 160
7897 5254
7898 2229
7899 7712
7900 6450
7901 79
7902 7817
7903 7829
7904 4714
7905 1050
7906 20
7907 5497
7908 4213
7909 5732
7910 6930
7911 1771
7912 4746
7913 6231
7914 309
7915 1447
7916 6320
7917 3828
7918 41
7919 5387
7920 1940
7921 6474
7922 6057
7923 1656
7924 3994
7925 3581
7926 1831
7927 7027
7928 217
7929 73
7930 3533
7931 1430
7932 1030
7933 6048
7934 2577
7935 13
7936 5564
7937 5521
7938 554
7939 2599
7940 567
7941 3982
7942 5036
7943 558
7944 908
7945 6169
7946 5228
7947 7558
7948 3419
7949 4506
7950 1237
7951 3406
7952 2736
7953 6188
7954 5664
7955 1959
7956 3159
7957 2533
7958 4266
7959 3406
7960 2274
7961 4611
7962 697
7963 3251
7964 4442
7965 7793
7966 6935
7967 455
7968 3848
7969 4985
7970 6797
7971 4911
7972 3669
7973 451
7974 3529
7975 6356
7976 2827
7977 2165
7978 4442
7979 7134
7980 4167
7981 6780
7982 5314
7983 2229
7984 1055
7985 451
7986 2657
7987 6641
7988 4326
7989 4751
7990 3189
7991 7356
7992 7953
7993 6076
7994 2380
7995 112
7996 7545
7997 1314
7998 510
7999 5145
8000 340
8001 4441
8002 4422
8003 6068
8004 2595
8005 825
8006 3896
8007 6502
8008 3443
8009 1980
8010 1564
8011 5880
8012 1188
8013 4678
8014 3305
8015 3987
8016 2818
8017 5080
8018 7536
8019 3765
8020 384
8021 3836
8022 2318
8023 4201
8024 1026
8025 44
8026 339
8027 368
8028 212
8029 4415
8030 1716
8031 553
8032 2640
8033 187
8034 1370
8035 7876
8036 4671
8037 2177
8038 4831
8039 3254
8040 6658
8041 5215
8042 4296
8043 1881
8044 5352
8045 2420
8046 7328
8047 4464
8048 5299
8049 7329
8050 7134
8051 2894
8052 277
8053 2346
8054 2824
8055 6597
8056 1430
8057 6891
8058 3858
8059 846
8060 2290
8061 24
8062 539
8063 7452
8064 3993
8065 7846
8066 1490
8067 5485
8068 545
8069 2488
8070 1590
8071 2499
8072 7469
8073 4428
8074 2594
8075 3650
8076 2062
8077 4775
8078 1980
8079 239
8080 1639
8081 2104
8082 8004
8083 790
8084 7110
8085 2855
8086 4024
8087 3631
8088 1264
8089 7313
8090 5380
8091 3508
8092 3491
8093 6129
8094 830
8095 6587
8096 5695
8097 2339
8098 5722
8099 4170
8100 948
8101 2596
8102 3397
8103 889
8104 5696
8105 2053
8106 7058
8107 2966
8108 5566
8109 1657
8110 1764
8111 6212
8112 7759
8113 1027
8114 5563
8115 1651
8116 6632
8117 2165
8118 442
8119 1241
8120 6745
8121 30
8122 2229
8123 689
8124 1643
8125 1591
8126 3039
8127 4624
8128 4422
8129 824
8130 4629
8131 970
8132 5534
8133 2443
8134 197
8135 5813
8136 5366
8137 177
8138 529
8139 2404
8140 2200
8141 211
8142 1883
8143 4472
8144 2028
8145 1564
8146 381
8147 4002
8148 5014
8149 5482
8150 555
8151 6899
8152 4795
8153 666
8154 3971
8155 2722
8156 5536
8157 5380
8158 5114
8159 773
8160 2520
8161 5006
8162 1229
8163 2480
8164 2610
8165 4139
8166 3000
8167 8094
8168 7872
8169 3199
8170 4041
8171 4057
8172 715
8173 454
8174 2120
8175 2545
8176 1557
8177 1802
8178 6862
8179 6511
8180 5484
8181 2413
8182 1725
8183 3905
8184 3287
8185 1277
8186 1547
8187 4870
8188 5855
8189 6202
8190 992
8191 3319
8192 7196
8193 973
8194 3914
8195 8011
8196 2353
8197 2366
8198 3260
8199 206
8200 3448
8201 7969
8202 2757
8203 3658
8204 5900
8205 3252
8206 7865
8207 1674
8208 4070
8209 677
8210 2951
8211 915
8212 189
8213 697
8214 6309
8215 1720
8216 7194
8217 3344
8218 7218
8219 3118
8220 6137
8221 1319
8222 6847
8223 5594
8224 6206
8225 669
8226 1587
8227 1697
8228 3527
8229 795
8230 5992
8231 188
8232 3769
8233 3942
8234 3291
8235 5941
8236 3511
8237 2507
8238 4740
8239 3492
8240 4115
8241 6437
8242 4770
8243 4431
8244 2630
8245 532
8246 5586
8247 2537
8248 1976
8249 1177
8250 5438
8251 2771
8252 6828
8253 5689
8254 2696
8255 1557
8256 988
8257 743
8258 4786
8259 1202
8260 1682
8261 4294
8262 4704
8263 2274
8264 1158
8265 6302
8266 756
8267 595
8268 693
8269 1301
8270 177
8271 2741
8272 1034
8273 4193
8274 757
8275 2674
8276 7195
8277 3101
8278 3514
8279 893
8280 3020
8281 6057
8282 2439
8283 1854
8284 5559
8285 2222
8286 6803
8287 2953
8288 5545
8289 6737
8290 4494
8291 1010
8292 5891
8293 2343
8294 6592
8295 2311
8296 707
8297 7017
8298 4255
8299 2173
8300 1560
8301 4020
8302 6291
8303 3396
8304 8045
8305 3763
8306 1181
8307 7259
8308 4509
8309 2396
8310 1924
8311 1509
8312 5945
8313 6273
8314 1429
8315 8217
8316 4966
8317 7724
8318 1110
8319 6173
8320 7238
8321 645
8322 4620
8323 4546
8324 5894
8325 1962
8326 7301
8327 4259
8328 5148
8329 6295
8330 2681
8331 2444
8332 7284
8333 6735
8334 7603
8335 1839
8336 2437
8337 610
8338 3687
8339 5026
8340 7427
8341 1625
8342 7128
8343 835
8344 3821
8345 7399
8346 1473
8347 4487
8348 3866
8349 7226
8350 5559
8351 7686
8352 5854
8353 7401
8354 7066
8355 8302
8356 3890
8357 2147
8358 8003
8359 6707
8360 6085
8361 6656
8362 6463
8363 1845
8364 7044
8365 8098
8366 2811
8367 4503
8368 6877
8369 6791
8370 5416
8371 1690
8372 409
8373 5560
8374 6503
8375 5045
8376 2679
8377 7845
8378 812
8379 1146
8380 7987
8381 4108
8382 4066
8383 6875
8384 6362
8385 2087
8386 921
8387 1534
8388 8318
8389 5218
8390 5277
8391 6858
8392 7103
8393 2620
8394 7052
8395 2388
8396 4850
8397 6844
8398 3127
8399 1324
8400 525
8401 2440
8402 5566
8403 2239
8404 7323
8405 3361
8406 7910
8407 5082
8408 4925
8409 6394
8410 184
8411 700
8412 1560
8413 553
8414 3248
8415 2065
8416 3455
8417 3110
8418 7130
8419 6386
8420 7305
8421 2591
8422 3593
8423 5005
8424 1828
8425 6555
8426 808
8427 6428
8428 8016
8429 3187
8430 7771
8431 1037
8432 315
8433 3390
8434 2116
8435 7356
8436 5611
8437 864
8438 466
8439 986
8440 2546
8441 4702
8442 7905
8443 4674
8444 7189
8445 2527
8446 5013
8447 1806
8448 4628
8449 5198
8450 414
8451 6358
8452 3593
8453 7014
8454 2107
8455 1535
8456 6042
8457 6878
8458 6654
8459 2301
8460 6427
8461 5610
8462 5803
8463 3833
8464 4814
8465 97
8466 7560
8467 7049
8468 4816
8469 5374
8470 3943
8471 2846
8472 8457
8473 2016
8474 1480
8475 2163
8476 5301
8477 6881
8478 1202
8479 7893
8480 5252
8481 3366
8482 1804
8483 2167
8484 2352
8485 5331
8486 5754
8487 5628
8488 4553
8489 499
8490 4921
8491 1774
8492 935
8493 1061
8494 148
8495 3860
8496 8205
8497 8234
8498 3241
8499 3495
8500 1095
8501 641
8502 3
8503 3297
8504 224
8505 2762
8506 911
8507 7055
8508 4265
8509 3547
8510 3516
8511 5746
8512 6391
8513 3512
8514 6352
8515 2903
8516 1438
8517 3031
8518 7558
8519 4937
8520 8081
8521 3651
8522 7697
8523 2593
8524 7044
8525 6604
8526 6431
8527 3067
8528 678
8529 4495
8530 2209
8531 6363
8532 5437
8533 5230
8534 1754
8535 5942
8536 1623
8537 1091
8538 2159
8539 240
8540 584
8541 86
8542 6828
8543 7881
8544 5336
8545 2059
8546 5490
8547 4167
8548 8074
8549 5100
8550 6831
8551 2300
8552 4607
8553 255
8554 7512
8555 3655
8556 4551
8557 4896
8558 2611
8559 6240
8560 3806
8561 8426
8562 7853
8563 1882
8564 1812
8565 2998
8566 1981
8567 6352
8568 8533
8569 2115
8570 609
8571 6099
8572 5963
8573 6220
8574 1674
8575 1731
8576 8453
8577 4903
8578 2168
8579 6
8580 4548
8581 1172
8582 8264
8583 1977
8584 5057
8585 6973
8586 2929
8587 5011
8588 3074
8589 6931
8590 70
8591 1598
8592 4377
8593 5409
8594 1137
8595 1353
8596 1043
8597 8287
8598 84
8599 1805
8600 4349
8601 2402
8602 4808
8603 7282
8604 3611
8605 5210
8606 6221
8607 493
8608 4113
8609 5236
8610 8110
8611 2200
8612 8488
8613 1809
8614 3013
8615 1349
8616 1030
8617 279
8618 2382
8619 7862
8620 669
8621 2682
8622 2309
8623 3261
8624 8179
8625 750
8626 2999
8627 4800
8628 5098
8629 7683
8630 6099
8631 236
8632 4412
8633 8360
8634 1766
8635 6114
8636 6431
8637 2856
8638 5271
8639 1871
8640 6720
8641 3418
8642 1877
8643 2773
8644 4779
8645 4977
8646 5944
8647 8381
8648 4393
8649 1108
8650 5928
8651 4081
8652 7787
8653 118
8654 7122
8655 1334
8656 1157
8657 6567
8658 4194
8659 6838
8660 4468
8661 5132
8662 5654
8663 4537
8664 3108
8665 3790
8666 3272
8667 4434
8668 5021
8669 7583
8670 6339
8671 7335
8672 4852
8673 7938
8674 5627
8675 5301
8676 6580
8677 5414
8678 4531
8679 5434
8680 568
8681 4427
8682 4575
8683 5376
8684 745
8685 7993
8686 3721
8687 5180
8688 3523
8689 7318
8690 5058
8691 8060
8692 88
8693 2032
8694 1382
8695 2307
8696 1322
8697 5026
8698 1664
8699 4975
8700 2951
8701 633
8702 3136
8703 6218
8704 1694
8705 6418
8706 803
8707 2246
8708 8625
8709 7462
8710 4905
8711 737
8712 3764
8713 6494
8714 3263
8715 7306
8716 7774
8717 828
8718 683
8719 4976
8720 1880
8721 7490
8722 6521
8723 8473
8724 4280
8725 3506
8726 73
8727 2022
8728 502
8729 5797
8730 4727
8731 4790
8732 6651
8733 3460
8734 805
8735 2262
8736 3810
8737 1555
8738 2808
8739 2771
8740 5008
8741 3196
8742 6913
8743 4510
8744 2067
8745 5012
8746 3239
8747 6455
8748 7828
8749 5588
8750 5919
8751 5615
8752 8603
8753 8115
8754 8737
8755 356
8756 3049
8757 1498
8758 5748
8759 5299
8760 8331
8761 5768
8762 1684
8763 2210
8764 3203
8765 7358
8766 7080
8767 6194
8768 3113
8769 8462
8770 7527
8771 8420
8772 5948
8773 8744
8774 544
8775 2969
8776 3575
8777 8069
8778 1690
8779 433
8780 7591
8781 1824
8782 1410
8783 7880
8784 5845
8785 945
8786 722
8787 864
8788 896
8789 5955
8790 7449
8791 7059
8792 2468
8793 3993
8794 3594
8795 7212
8796 7742
8797 1885
8798 6771
8799 2161
8800 7001
8801 4329
8802 1454
8803 4156
8804 5465
8805 3750
8806 2525
8807 6090
8808 5607
8809 5569
8810 1477
8811 3017
8812 1737
8813 35
8814 565
8815 7986
8816 6447
8817 8068
8818 5761
8819 6476
8820 3563
8821 891
8822 5899
8823 1986
8824 4247
8825 3321
8826 5722
8827 7148
8828 3564
8829 8172
8830 4793
8831 5010
8832 1117
8833 1294
8834 8091
8835 2213
8836 8403
8837 5774
8838 8575
8839 7014
8840 1118
8841 2728
8842 5900
8843 1190
8844 1903
8845 847
8846 4479
8847 1991
8848 3792
8849 4532
8850 4126
8851 3595
8852 907
8853 2133
8854 603
8855 4562
8856 6945
8857 1705
8858 1054
8859 7335
8860 8358
8861 5146
8862 7284
8863 3200
8864 4568
8865 899
8866 2162
8867 7113
8868 1871
8869 3928
8870 1798
8871 6471
8872 1549
8873 2634
8874 6248
8875 8305
8876 5557
8877 6659
8878 4355
8879 5976
8880 7324
8881 4601
8882 103
8883 6040
8884 7337
8885 3433
8886 2558
8887 5284
8888 2289
8889 5048
8890 1548
8891 4071
8892 7657
8893 8657
8894 5427
8895 2468
8896 2999
8897 1426
8898 2948
8899 527
8900 306
8901 4928
8902 8598
8903 6227
8904 25
8905 7983
8906 2571
8907 2015
8908 6968
8909 1279
8910 2812
8911 356
8912 1791
8913 3963
8914 2478
8915 4927
8916 6567
8917 1228
8918 3898
8919 3262
8920 4814
8921 3037
8922 1636
8923 4403
8924 7102
8925 3240
8926 4193
8927 4927
8928 608
8929 7202
8930 7566
8931 4030
8932 4531
8933 434
8934 1744
8935 2292
8936 5315
8937 6919
8938 7613
8939 2826
8940 6145
8941 1815
8942 4465
8943 3452
8944 5632
8945 8770
8946 1184
8947 4511
8948 3442
8949 1040
8950 1880
8951 6067
8952 2943
8953 7834
8954 2523
8955 3949
8956 875
8957 3103
8958 4588
8959 6565
8960 3260
8961 8730
8962 4063
8963 1310
8964 2853
8965 3926
8966 3236
8967 7764
8968 738
8969 395
8970 8023
8971 5616
8972 5877
8973 7803
8974 3985
8975 3381
8976 5977
8977 3191
8978 3998
8979 1037
8980 2676
8981 5826
8982 7861
8983 5780
8984 7785
8985 766
8986 2984
8987 8465
8988 6832
8989 1778
8990 4067
8991 2615
8992 6100
8993 1700
8994 2138
8995 983
8996 1581
8997 4960
8998 4567
8999 5708
9000 6948
9001 3497
9002 5741
9003 399
9004 2987
9005 3975
9006 7192
9007 5660
9008 398
9009 2992
9010 1789
9011 6482
9012 6085
9013 3814
9014 2393
9015 2750
9016 1591
9017 433
9018 2836
9019 6949
9020 493
9021 5601
9022 1988
9023 6103
9024 6060
9025 4071
9026 557
9027 3664
9028 484
9029 2693
9030 2468
9031 5238
9032 7210
9033 6210
9034 763
9035 4496
9036 6430
9037 5599
9038 3903
9039 6742
9040 2555
9041 1958
9042 6806
9043 6985
9044 6377
9045 7669
9046 1314
9047 6632
9048 7768
9049 7019
9050 1793
9051 4096
9052 2844
9053 5152
9054 8820
9055 8185
9056 7117
9057 5867
9058 4381
9059 5269
9060 6024
9061 7995
9062 1413
9063 3335
9064 7037
9065 5863
9066 8376
9067 4143
9068 716
9069 3587
9070 5015
9071 4648
9072 711
9073 7010
9074 1756
9075 2437
9076 7548
9077 9017
9078 4396
9079 7649
9080 4726
9081 3652
9082 3471
9083 5364
9084 7659
9085 7575
9086 1999
9087 5760
9088 2500
9089 8248
9090 7022
9091 8491
9092 2606
9093 2184
9094 3238
9095 62
9096 1579
9097 4942
9098 3198
9099 1810
9100 3164
9101 8195
9102 3923
9103 1168
9104 86
9105 1018
9106 6877
9107 7217
9108 8221
9109 2876
9110 7169
9111 5330
9112 1160
9113 5652
9114 4034
9115 704
9116 1817
9117 935
9118 4495
9119 7855
9120 2196
9121 7286
9122 6800
9123 2397
9124 214
9125 3034
9126 864
9127 2196
9128 4814
9129 4409
9130 6879
9131 8379
9132 4385
9133 4747
9134 3912
9135 3361
9136 3046
9137 3816
9138 6079
9139 5277
9140 4335
9141 6408
9142 3004
9143 4056
9144 5013
9145 3139
9146 5023
9147 3305
9148 3571
9149 2362
9150 4048
9151 6298
9152 6148
9153 4365
9154 7462
9155 6124
9156 5835
9157 5027
9158 2762
9159 2562
9160 5718
9161 1799
9162 7896
9163 689
9164 6489
9165 4084
9166 1101
9167 4433
9168 4926
9169 435
9170 8169
9171 1790
9172 4904
9173 2107
9174 3110
9175 1765
9176 6498
9177 2657
9178 142
9179 1861
9180 7841
9181 8885
9182 4479
9183 6907
9184 1698
9185 6981
9186 1110
9187 5449
9188 47
9189 8129
9190 8519
9191 6581
9192 6705
9193 3439
9194 8993
9195 6582
9196 3201
9197 4364
9198 3187
9199 3880
9200 4032
9201 3890
9202 5525
9203 2826
9204 8826
9205 7287
9206 3540
9207 3374
9208 5590
9209 7518
9210 8667
9211 1890
9212 3466
9213 5325
9214 4217
9215 7201
9216 881
9217 9063
9218 9164
9219 3025
9220 1394
9221 2830
9222 1909
9223 7044
9224 1060
9225 5787
9226 5522
9227 2629
9228 4832
9229 3481
9230 581
9231 3371
9232 283
9233 8447
9234 4087
9235 1052
9236 8271
9237 2686
9238 4458
9239 5006
9240 2150
9241 5867
9242 3006
9243 7478
9244 6505
9245 1464
9246 3931
9247 7446
9248 1944
9249 3865
9250 1199
9251 5337
9252 8500
9253 1041
9254 2043
9255 7364
9256 2494
9257 642
9258 6078
9259 588
9260 3265
9261 2453
9262 772
9263 1737
9264 5445
9265 4849
9266 1501
9267 8818
9268 6568
9269 839
9270 3303
9271 4676
9272 7434
9273 5222
9274 7696
9275 7449
9276 998
9277 972
9278 7320
9279 1697
9280 8004
9281 7236
9282 105
9283 2659
9284 486
9285 2526
9286 1692
9287 5135
9288 8121
9289 8500
9290 6196
9291 5352
9292 7657
9293 4106
9294 6692
9295 3080
9296 2662
9297 4432
9298 8845
9299 7563
9300 3720
9301 978
9302 2377
9303 139
9304 5919
9305 6984
9306 83
9307 8452
9308 5142
9309 3980
9310 1385
9311 1419
9312 6072
9313 7889
9314 9055
9315 4532
9316 3112
9317 5985
9318 7936
9319 6734
9320 7413
9321 6345
9322 5878
9323 4068
9324 8929
9325 4798
9326 2176
9327 2591
9328 2257
9329 2292
9330 7018
9331 7230
9332 737
9333 6523
9334 4077
9335 952
9336 8535
9337 370
9338 1762
9339 846
9340 6717
9341 9287
9342 611
9343 7315
9344 1986
9345 2598
9346 5367
9347 7318
9348 7534
9349 766
9350 4928
9351 7085
9352 4336
9353 561
9354 2057
9355 7877
9356 4721
9357 1863
9358 4801
9359 2428
9360 452
9361 533
9362 7265
9363 4613
9364 6058
9365 2146
9366 6682
9367 1928
9368 1958
9369 4987
9370 9242
9371 7868
9372 8471
9373 2215
9374 1950
9375 5160
9376 5057
9377 3501
9378 6464
9379 3789
9380 1189
9381 8817
9382 318
9383 388
9384 6308
9385 4852
9386 9139
9387 1172
9388 3382
9389 5916
9390 9097
9391 4018
9392 1544
9393 3355
9394 5275
9395 2465
9396 5540
9397 271
9398 4197
9399 1059
9400 406
9401 5082
9402 7654
9403 2696
9404 1055
9405 5219
9406 7008
9407 7157
9408 679
9409 6605
9410 9338
9411 1968
9412 1335
9413 5122
9414 2576
9415 7276
9416 1447
9417 2266
9418 1882
9419 6650
9420 1027
9421 9041
9422 5317
9423 2397
9424 9391
9425 7790
9426 3881
9427 9248
9428 937
9429 8626
9430 563
9431 9266
9432 3594
9433 5801
9434 3653
9435 1851
9436 105
9437 7771
9438 8744
9439 987
9440 1780
9441 5421
9442 9235
9443 5944
9444 8405
9445 6769
9446 1383
9447 5020
9448 5349
9449 1363
9450 4897
9451 6046
9452 4694
9453 2586
9454 7491
9455 1200
9456 7991
9457 3703
9458 4797
9459 6106
9460 4950
9461 2183
9462 152
9463 2873
9464 348
9465 487
9466 1707
9467 8232
9468 8459
9469 3711
9470 4874
9471 966
9472 5815
9473 247
9474 8431
9475 2289
9476 406
9477 2130
9478 6355
9479 2362
9480 4495
9481 8304
9482 7799
9483 628
9484 4416
9485 6891
9486 6919
9487 2048
9488 9299
9489 6556
9490 6583
9491 3544
9492 8352
9493 6610
9494 7122
9495 8536
9496 3005
9497 2995
9498 930
9499 2544
9500 3189
9501 6303
9502 8193
9503 5793
9504 1233
9505 2962
9506 7801
9507 6497
9508 4298
9509 3945
9510 7939
9511 2196
9512 3574
9513 3183
9514 3349
9515 7233
9516 1025
9517 4008
9518 4490
9519 6345
9520 49
9521 1398
9522 6994
9523 3830
9524 4039
9525 1272
9526 3817
9527 716
9528 9402
9529 2895
9530 5880
9531 4766
9532 51
9533 3651
9534 3167
9535 3920
9536 7344
9537 4582
9538 1497
9539 7575
9540 2048
9541 9351
9542 2312
9543 1727
9544 1627
9545 6521
9546 656
9547 5924
9548 5821
9549 8041
9550 1967
9551 7823
9552 1264
9553 3118
9554 1383
9555 828
9556 4084
9557 7899
9558 313
9559 3198
9560 1019
9561 8266
9562 1792
9563 6456
9564 2039
9565 4439
9566 7692
9567 1465
9568 1591
9569 1403
9570 9236
9571 4053
9572 56
9573 2202
9574 603
9575 4767
9576 6834
9577 1959
9578 6888
9579 4882
9580 4981
9581 974
9582 4957
9583 4665
9584 1571
9585 5578
9586 6475
9587 3022
9588 820
9589 4300
9590 7553
9591 2434
9592 2123
9593 2900
9594 5381
9595 1177
9596 4836
9597 1019
9598 8039
9599 6983
9600 2258
9601 4185
9602 7989
9603 740
9604 1398
9605 2947
9606 8137
9607 705
9608 2519
9609 5351
9610 329
9611 6532
9612 3663
9613 3099
9614 2147
9615 3099
9616 2758
9617 1172
9618 538
9619 6131
9620 49
9621 7396
9622 3240
9623 8912
9624 2567
9625 469
9626 1523
9627 3025
9628 1182
9629 1795
9630 3745
9631 9413
9632 4164
9633 392
9634 4483
9635 7465
9636 1957
9637 507
9638 3877
9639 2252
9640 487
9641 4803
9642 8251
9643 1787
9644 5535
9645 4016
9646 1206
9647 3770
9648 5836
9649 578
9650 1017
9651 3081
9652 44
9653 5226
9654 4618
9655 1513
9656 7303
9657 7477
9658 3880
9659 384
9660 7771
9661 9496
9662 4959
9663 1653
9664 3933
9665 2704
9666 3589
9667 4181
9668 570
9669 1057
9670 8690
9671 9001
9672 979
9673 6002
9674 7969
9675 3220
9676 3585
9677 3970
9678 5373
9679 9363
9680 5191
9681 1182
9682 4159
9683 5333
9684 7679
9685 8445
9686 9223
9687 119
9688 3906
9689 3885
9690 1355
9691 5473
9692 7375
9693 6988
9694 7691
9695 7647
9696 5693
9697 2873
9698 8483
9699 6599
9700 8330
9701 6364
9702 2300
9703 3263
9704 147
9705 7723
9706 3844
9707 1620
9708 1364
9709 8903
9710 3592
9711 3183
9712 6721
9713 1231
9714 6727
9715 2061
9716 5626
9717 283
9718 18
9719 1041
9720 4836
9721 7219
9722 4620
9723 753
9724 727
9725 5421
9726 9352
9727 6802
9728 9361
9729 7371
9730 7496
9731 618
9732 8329
9733 4378
9734 2449
9735 9393
9736 1537
9737 8952
9738 4890
9739 2478
9740 4841
9741 2625
9742 9149
9743 5425
9744 2816
9745 8621
9746 1929
9747 2826
9748 5866
9749 9603
9750 2756
9751 5617
9752 6997
9753 136
9754 5128
9755 4829
9756 981
9757 8273
9758 2971
9759 8076
9760 7295
9761 1199
9762 8055
9763 6187
9764 7581
9765 5630
9766 9124
9767 2208
9768 8515
9769 3832
9770 339
9771 9582
9772 3048
9773 9574
9774 4235
9775 1634
9776 2878
9777 3343
9778 4348
9779 8565
9780 6636
9781 1836
9782 8031
9783 2203
9784 1040
9785 9101
9786 2253
9787 5524
9788 1747
9789 6198
9790 3416
9791 6110
9792 8942
9793 6859
9794 8829
9795 5358
9796 237
9797 352
9798 5048
9799 788
9800 1624
9801 6059
9802 6303
9803 7087
9804 891
9805 5096
9806 6216
9807 7917
9808 6531
9809 4527
9810 7366
9811 1617
9812 4057
9813 1388
9814 9800
9815 5057
9816 485
9817 8288
9818 3613
9819 606
9820 1068
9821 8138
9822 3910
9823 5711
9824 7593
9825 3753
9826 896
9827 602
9828 186
9829 7111
9830 6643
9831 2300
9832 4587
9833 8929
9834 2400
9835 3364
9836 7837
9837 3002
9838 7618
9839 1837
9840 3780
9841 4580
9842 9281
9843 1217
9844 7118
9845 8982
9846 4766
9847 3489
9848 2662
9849 3715
9850 8910
9851 9013
9852 6111
9853 39
9854 9443
9855 6306
9856 3062
9857 6991
9858 38
9859 8467
9860 1750
9861 1933
9862 3147
9863 1401
9864 1761
9865 1874
9866 2108
9867 7934
9868 151
9869 3547
9870 9632
9871 4688
9872 1229
9873 8358
9874 663
9875 4932
9876 2111
9877 1662
9878 937
9879 4346
9880 8617
9881 7364
9882 76
9883 1430
9884 1704
9885 3084
9886 4091
9887 5216
9888 2077
9889 7783
9890 4186
9891 7307
9892 2751
9893 9113
9894 2010
9895 772
9896 573
9897 6486
9898 1490
9899 1778
9900 519
9901 9629
9902 8670
9903 9363
9904 5573
9905 6829
9906 6540
9907 4743
9908 1851
9909 8236
9910 8378
9911 2279
9912 6174
9913 1069
9914 6943
9915 8469
9916 8752
9917 8265
9918 6548
9919 346
9920 1702
9921 6999
9922 3395
9923 5857
9924 1481
9925 9548
9926 2454
9927 80
9928 9179
9929 717
9930 4985
9931 3386
9932 5353
9933 335
9934 6135
9935 2947
9936 1089
9937 322
9938 4698
9939 9756
9940 6396
9941 1192
9942 9381
9943 3210
9944 3346
9945 9212
9946 8298
9947 5919
9948 9391
9949 2661
9950 959
9951 4649
9952 2363
9953 7721
9954 2183
9955 638
9956 9433
9957 148
9958 2511
9959 776
9960 8815
9961 5807
9962 5508
9963 1709
9964 1723
9965 693
9966 8422
9967 6737
9968 1452
9969 2187
9970 7384
9971 1202
9972 8600
9973 2123
9974 4051
9975 6746
9976 4736
9977 5451
9978 1085
9979 7545
9980 1542
9981 2530
9982 3323
9983 5243
9984 2047
9985 2532
9986 4819
9987 6224
9988 2133
9989 90
9990 5592
9991 5307
9992 4735
9993 1109
9994 1657
9995 7323
9996 9435
9997 1167
9998 1369
9999 7060
10000 623
