100
2 1
3 2
4 1
5 3
6 1
7 1
8 5
9 1
10 8
11 1
12 4
13 6
14 9
15 7
16 8
17 10
18 13
19 9
20 3
21 15
22 11
23 10
24 11
25 6
26 9
27 25
28 17
29 4
30 23
31 5
32 5
33 18
34 4
35 6
36 32
37 28
38 15
39 21
40 2
41 8
42 17
43 2
44 29
45 27
46 31
47 39
48 8
49 24
50 45
51 43
52 48
53 6
54 28
55 28
56 55
57 26
58 10
59 39
60 41
61 56
62 11
63 20
64 39
65 30
66 43
67 43
68 11
69 57
70 34
71 36
72 41
73 61
74 27
75 29
76 36
77 47
78 75
79 73
80 59
81 37
82 67
83 70
84 59
85 64
86 15
87 58
88 58
89 48
90 3
91 51
92 79
93 41
94 9
95 42
96 46
97 78
98 55
99 9
100 99
