70 6
94 37 76 1 64 -2
20 94 45 73 100 85
61 80 -7 36 79 3
-1 45 8 32 42 58
-9 33 5 32 -1 94
76 46 97 19 5 18
-1 29 80 47 84 88
35 44 9 24 10 43
82 10 83 85 10 39
14 58 68 -3 80 72
84 86 16 43 26 79
35 75 89 3 87 44
19 57 3 50 71 -2
82 93 36 32 22 6
51 37 70 83 22 73
32 37 -5 71 87 -8
55 78 -1 93 35 81
54 51 2 16 42 74
49 57 -10 32 93 61
81 48 13 26 11 16
71 74 3 -7 69 33
86 -9 90 5 20 94
11 12 37 23 5 87
85 97 38 27 14 97
96 15 42 -3 91 -4
87 64 58 49 47 16
3 -4 37 18 -1 63
74 51 -10 28 -10 64
31 47 45 94 47 17
76 96 23 68 3 76
61 41 -5 28 29 58
45 46 73 38 8 66
72 64 45 62 62 63
-1 48 38 86 58 11
-1 14 35 5 32 10
85 100 57 91 54 54
11 45 57 78 93 12
4 6 25 86 1 -9
29 87 41 18 8 55
18 48 41 18 88 15
86 66 99 97 62 1
-9 58 77 79 58 9
79 2 35 80 21 14
100 5 29 17 75 29
84 -4 70 47 35 69
77 18 -5 32 85 -2
15 17 -3 59 60 -5
92 21 4 20 66 -10
6 -3 -7 23 48 95
42 40 99 50 3 36
91 17 48 78 14 70
82 16 60 45 27 46
16 44 49 15 23 1
67 70 57 -8 43 62
32 24 -5 47 89 0
76 60 96 15 94 49
24 26 67 40 30 92
33 43 50 92 70 89
49 53 32 27 14 -3
86 0 14 94 11 15
72 -5 18 66 77 55
22 -1 43 93 -3 90
52 24 41 66 91 19
5 40 -2 71 48 46
74 88 23 81 14 80
85 78 21 65 94 15
17 7 19 11 92 54
100 -4 32 98 56 35
4 49 22 80 9 12
47 62 78 68 71 57
