100 6
-3 -522 -18 -975 -375 86
-901 -26 -184 33 -477 -270
87 -162 -744 -564 -538 -305
-859 -221 -848 -73 -12 -544
-373 -233 -480 -608 -48 -589
-544 -656 -15 -914 45 -593
-219 -42 -302 -767 -467 -300
-298 -673 -634 -327 -868 -224
64 -555 -684 -274 -458 -738
-554 -980 -657 -946 -892 -645
-55 -512 -261 -13 37 40
-789 -336 -267 -876 -32 -251
-551 -869 -920 -16 -503 -506
27 -50 -434 -673 -928 11
-736 78 -460 -534 -844 98
-557 -695 -314 -488 -956 -983
-150 -717 -309 -846 -567 -996
-253 -450 -907 -818 -808 -427
-885 -525 -618 -632 -41 -648
-302 -288 -889 -619 -640 -710
-395 87 -407 -832 -114 -225
-827 -518 -691 -108 -345 -601
-9 -420 -682 -723 -770 -339
-320 -768 -935 -806 57 -789
-451 -993 -454 -456 -641 -711
-933 -663 -517 89 -434 -594
-939 -604 -304 -404 -458 22
-689 -531 -251 -923 -181 -21
-18 -931 78 -148 -325 -490
-307 -33 -179 -749 -156 -916
-229 -622 -687 -506 -339 -138
-532 -601 -647 -960 -427 -344
-334 -445 -508 -499 -951 49
-208 69 -858 -475 -297 -178
-342 -155 -852 -771 -589 -6
-857 -136 -987 -589 -643 -832
-161 -780 -232 -414 -653 -652
-903 -784 -802 -469 -231 -357
-135 43 -839 -265 -112 -626
-401 -829 -64 66 -750 -335
-967 -161 -344 -449 -620 -928
-786 -938 -721 -293 -65 -152
-162 -533 -630 -347 -210 -321
-189 9 93 -480 -555 -955
-179 -258 -979 -694 -710 -560
-305 -56 -404 -94 -966 -922
-968 -352 -33 -24 -101 -380
60 78 -521 -431 45 -26
-651 46 -88 -900 -427 -564
-70 -735 -590 -600 -211 -867
-765 -377 -166 -853 -635 -257
-308 -872 -507 -432 -896 74
-596 35 73 -131 -341 -512
-355 -671 -405 -55 -635 -532
-166 -426 -443 -398 -950 -683
-634 -228 -593 -13 -176 62
-421 -523 -260 -752 92 -612
-203 -655 -533 -68 -258 -644
-113 -758 -615 6 -970 -469
-234 -144 -891 -362 -825 -590
-722 -2 -227 -995 -813 -429
54 -455 -325 -657 -986 -738
-94 -676 -6 -505 -774 -291
-16 -475 -5 -652 -910 31
-34 -936 -493 -457 -481 -222
-977 -763 -856 -730 -489 -967
-618 -781 -795 -740 -195 -948
-872 -994 -302 -224 -496 -871
-417 -181 -912 -91 -755 -329
-86 44 -390 -616 -720 -289
-897 -193 -687 -748 92 -52
-616 -448 -872 -247 -772 -919
-523 -531 -143 -93 -865 -295
-538 -332 -832 -333 -151 -992
4 -3 -374 -588 -810 -241
-172 -121 -262 -225 -354 -18
86 -871 35 -824 -438 -598
-735 -451 12 -634 -342 -686
-952 -378 -124 -46 52 -712
-922 -627 -338 37 -420 -149
-452 -228 -420 -419 55 -137
-406 -366 -461 -214 -836 -482
-111 -904 -734 -588 -692 -283
-394 -530 -823 -830 -119 23
-481 -388 31 -257 -500 0
-316 -81 -222 -361 -523 -585
-203 -610 -204 -138 51 -873
-500 -307 -941 -628 -63 -235
-719 -338 -539 -96 -734 -454
-54 -467 -28 -896 -280 -341
-504 -557 78 -367 -48 -372
-225 -9 -709 -199 -289 -625
-679 -868 -531 -71 -350 -356
-251 -403 -479 -765 -605 -732
-353 -75 -333 -663 -136 -621
-915 -802 -156 -792 -233 -532
-243 -776 -326 -580 -552 -316
-662 68 -718 -945 -990 -107
-419 -806 -654 -282 -187 -951
-106 -727 -389 -278 -863 -670
