30 5
146 163 153 54 149
71 117 195 9 38
76 176 -75 117 -64
188 -94 -90 113 -100
-27 -45 -74 138 7
190 200 157 -2 -88
137 -36 182 -96 -12
-6 1 50 52 -15
21 -12 132 145 86
19 67 65 176 -47
187 -83 12 24 60
29 198 31 99 -32
12 105 50 35 9
150 10 189 122 181
158 107 -54 31 175
-19 -15 77 123 18
-88 160 147 -15 -48
20 19 4 -9 148
100 6 147 -39 49
96 80 -98 26 41
127 1 164 15 -13
59 172 198 -17 0
50 153 -62 133 -31
77 62 104 28 191
170 -43 34 -57 84
-19 142 158 -78 3
3 54 119 -47 93
131 146 178 76 -33
66 16 44 167 109
-52 -87 63 196 138
