50 6
493 492 475 688 613 198
408 130 541 663 383 712
93 280 453 406 6 174
214 624 341 588 199 -3
146 889 900 768 890 720
905 912 703 819 85 467
898 912 506 77 44 795
900 236 444 248 310 593
342 564 577 138 202 826
798 113 322 694 108 75
163 243 162 126 18 976
96 693 431 335 262 923
279 461 760 859 522 886
621 454 676 560 516 750
381 267 865 346 179 773
363 271 618 138 292 401
43 883 723 582 598 296
176 851 77 186 464 771
386 693 -6 -4 21 615
321 326 964 605 248 428
204 8 8 606 32 754
880 288 -8 575 488 454
778 149 866 966 511 483
834 44 526 922 776 541
405 578 786 216 205 280
931 575 451 901 504 958
596 621 796 191 901 491
435 489 956 218 628 178
673 605 583 30 432 587
201 27 449 51 592 616
238 491 972 56 420 886
428 706 290 249 455 636
581 1000 331 304 537 194
316 731 235 989 531 931
204 865 853 676 600 -4
768 805 355 16 568 821
192 367 882 278 557 705
981 134 95 443 444 803
127 325 661 61 518 990
39 185 786 512 378 974
932 352 227 276 276 391
212 844 900 506 856 371
1 996 585 115 729 539
536 129 584 638 132 720
30 966 578 323 696 211
584 242 493 991 411 641
331 912 930 182 32 22
257 532 683 504 628 467
123 740 931 921 518 293
291 868 116 431 495 939
