100 6
50 750 379 980 654 173
-7 54 -82 280 530 292
150 127 74 478 -33 260
639 429 720 646 763 831
977 985 551 287 143 -38
155 980 554 674 477 -41
650 126 624 45 332 327
-58 835 838 806 844 940
735 47 754 -96 41 805
264 -15 489 397 828 256
428 832 109 160 362 411
942 407 534 892 584 46
955 -37 -9 49 361 716
202 228 274 150 707 242
581 461 85 637 603 953
205 365 418 475 162 514
789 691 386 157 639 -35
380 226 196 567 802 404
817 915 176 -69 914 355
-54 802 84 5 955 774
86 754 143 914 854 725
225 8 513 672 510 356
782 56 174 846 483 845
187 -22 223 707 -18 102
-66 -23 -39 379 440 539
529 468 622 736 784 225
594 296 759 524 342 614
75 754 263 969 884 374
293 657 937 691 430 159
-93 105 834 11 137 512
-15 357 574 724 472 787
750 777 971 344 -61 529
964 620 457 536 595 857
145 147 446 -81 226 339
626 99 732 548 384 721
749 -25 679 722 310 488
287 586 382 346 598 792
889 835 476 537 39 3
569 -53 175 26 13 277
205 242 530 438 741 -70
477 746 807 283 89 39
25 481 598 968 965 547
39 440 618 984 997 576
923 522 403 590 960 489
406 654 974 950 184 173
337 -60 415 456 259 -74
767 201 239 989 134 359
263 -28 -85 159 -65 90
380 165 66 169 322 970
251 271 503 79 -45 -66
-100 162 469 732 -43 15
-60 971 873 874 603 246
332 541 860 216 543 218
716 451 812 727 555 24
820 -18 435 402 369 884
438 971 51 926 116 667
624 -99 261 208 826 494
997 456 516 885 722 422
937 286 404 894 739 435
911 343 -9 584 828 960
575 843 43 461 178 128
373 139 882 386 56 520
216 200 170 666 251 818
954 223 119 -96 498 654
476 556 18 558 75 154
136 488 732 773 584 795
724 599 681 265 642 432
721 352 321 -48 668 19
30 921 -17 942 422 209
265 213 741 211 1000 325
544 134 600 140 589 -81
719 237 723 688 710 315
63 417 765 625 -41 156
600 580 799 465 217 561
674 904 881 985 504 251
162 994 668 472 604 377
926 882 521 369 109 868
624 282 -34 -11 107 597
477 357 -68 943 392 716
282 645 761 194 136 389
810 -95 -12 571 825 254
385 128 459 290 475 533
449 698 818 252 787 735
183 330 185 807 277 634
350 793 6 -8 944 928
768 391 962 133 25 645
41 692 940 670 -14 13
852 87 329 497 556 -66
690 786 849 737 -79 58
701 -98 200 969 942 981
76 636 -73 589 398 585
442 41 387 665 -21 647
231 667 661 26 862 509
432 752 965 474 700 492
267 149 237 767 450 207
655 186 374 597 815 465
950 390 982 322 957 967
61 736 120 404 110 210
389 60 171 -71 108 764
316 748 715 577 353 938
