100 6
-307 78 259 374 672 -373
-958 -697 -966 -650 382 440
153 -549 828 747 -94 619
-265 257 764 88 -698 -688
47 996 -539 -796 718 833
-7 456 -753 -68 787 -384
-292 32 361 302 -382 109
334 -390 -836 -221 -40 145
-143 -314 -351 764 -6 -794
90 548 464 -624 -62 869
788 -639 380 -732 429 137
547 551 -503 -60 877 -702
-849 430 121 -539 -928 -656
831 981 306 -402 -716 583
831 110 -542 -17 446 317
-516 361 283 -604 -828 -895
-684 905 595 441 934 857
25 438 896 967 973 498
-444 -187 883 355 383 -612
228 149 -333 560 -694 866
686 165 476 230 -252 -765
658 -954 -898 -410 298 -359
405 -947 168 -430 -271 -481
669 -692 778 371 -7 -422
594 -513 622 730 -616 -403
-291 -94 -750 925 -398 -895
469 -295 -703 386 -155 453
-180 -419 -209 835 -153 -740
-853 -712 -952 -680 -854 -773
-534 -577 -446 -770 407 -323
-642 -973 -328 -731 317 -755
-151 -793 -22 -849 -510 -125
974 897 884 -465 -538 -232
532 -216 263 -376 503 -455
-684 -879 -963 -874 -748 -408
835 683 -542 -60 -869 89
-69 172 -489 -906 547 -306
807 481 282 -773 517 -387
284 700 -627 626 807 -228
729 -169 -822 -445 -883 380
-711 -45 -793 -479 -206 188
-299 -294 8 -96 -310 655
-810 -19 754 -626 -67 895
48 758 -389 -500 951 -767
127 -374 -774 862 120 564
806 -661 -863 93 -614 -445
466 153 -70 -578 829 285
536 616 914 -74 -985 -804
-797 749 -133 -753 292 311
-225 -485 -562 -15 -450 -341
266 449 371 -376 634 -70
-969 983 -180 -759 539 -249
-210 -693 259 40 -284 976
-548 -459 -759 542 -840 448
169 298 287 -913 321 35
-685 -925 -11 41 19 -941
733 792 614 837 -559 379
686 915 658 363 -378 -674
88 -160 -391 -33 -440 -334
676 564 824 401 104 281
723 -129 434 -692 148 941
-617 185 -494 -103 403 987
662 -232 201 602 -184 243
692 -39 -986 -241 710 -757
790 673 464 -871 830 -167
276 -113 -37 983 -375 879
-652 -728 -977 -752 896 -133
-22 890 -700 -370 852 -545
513 134 -661 764 -781 994
157 600 -72 -998 876 19
-495 -419 -470 -846 223 -747
916 904 189 -564 -815 -788
-297 -529 222 84 -580 218
-920 581 -137 -377 995 141
-330 -419 -470 -772 -161 -250
574 -58 -339 -598 -972 -703
804 223 133 585 6 -398
-210 -4 -646 626 -680 -302
325 -701 -991 -699 -394 -552
-613 -665 76 -922 843 30
507 -95 -728 444 -655 -166
-144 -10 872 -675 412 453
881 -534 -562 233 -361 644
514 -801 -184 921 -309 391
-412 990 -946 -824 -362 67
-964 -884 -472 -142 -11 -95
-395 679 281 115 714 -607
942 885 -366 -3 -88 -984
969 -257 -151 -119 -569 -351
612 -659 -970 532 336 -174
-947 903 -767 563 -127 -603
297 -955 723 267 750 -982
982 -843 715 834 85 186
421 -99 -136 -715 -572 883
201 327 -70 101 768 754
-372 -712 257 -285 234 905
621 209 576 -835 -21 -546
143 6 693 -503 30 845
537 -199 -641 -351 219 -722
905 673 903 -429 239 585
