40 6
-585 -845 -461 -263 -736 -620
-806 -657 -785 -444 -16 -842
-102 -211 -743 -165 -650 -838
-735 -940 -811 -807 -424 6
-596 -629 -64 -685 -448 -640
-413 -356 -884 -620 -422 -288
-129 -748 -631 -660 -840 -17
-74 3 -662 -119 -875 -394
-354 -42 -610 -974 -388 -992
-154 -892 -596 -924 -158 -323
-875 -450 -67 -409 -595 -350
-343 -788 -547 -78 -356 -476
-832 -405 -875 -980 -398 -422
-512 -217 -417 -326 -466 -742
-310 -910 -753 -42 -525 -71
-825 -198 -915 -691 -496 -267
-398 -875 -868 -554 -998 -233
-1 -654 -616 -806 -555 -599
-627 -636 -587 -174 -127 -513
-280 -26 -709 -897 -279 -489
-603 -693 -750 -343 -183 -807
-47 -736 -804 -11 -60 -776
-894 -677 -541 -73 -420 -14
-549 -269 -869 -731 -909 -145
-156 -88 -302 -179 -275 -731
-541 -987 -651 -607 -315 -519
-900 -46 -998 -948 -861 -520
-770 -948 -644 -77 -572 -994
-847 -934 -185 -121 -809 -299
-571 -957 -775 -570 -275 -854
-125 -411 -194 -229 -686 -908
-408 -809 -630 -785 -451 -985
-401 -892 -50 -288 -227 -590
0 -559 -911 -414 -71 -248
-354 -995 -158 -931 -608 -95
-450 -242 -945 -803 -397 -468
-87 -87 -347 -71 -973 -327
-865 -682 -704 -517 -101 -596
-858 -965 -44 -68 -177 -11
-728 -829 -356 -884 -138 -765
