91 5
50 36 6 38 5
38 24 65 71 9
69 82 86 53 74
53 95 77 27 97
73 50 41 75 20
44 12 42 90 20
66 6 86 17 51
16 10 65 67 94
75 10 1 96 74
90 62 73 69 59
32 69 27 11 23
75 80 11 53 83
92 96 65 75 65
3 56 61 75 73
22 23 48 78 90
6 96 95 51 44
55 82 13 73 40
29 13 63 68 9
16 9 24 60 35
5 87 20 59 46
7 67 1 68 93
88 33 57 75 48
22 84 23 32 77
84 49 24 83 19
77 21 12 83 57
91 26 25 87 78
70 44 35 78 69
69 92 97 84 29
28 27 72 98 13
4 28 9 46 9
86 39 38 44 14
2 51 29 12 51
50 93 55 70 82
66 68 14 94 35
73 73 31 2 43
78 78 71 3 65
82 91 24 38 24
80 96 70 28 43
11 83 59 27 88
71 29 52 59 14
61 84 87 43 11
73 29 35 42 19
4 68 66 39 82
58 51 15 99 59
62 64 57 8 79
90 36 66 76 87
87 34 61 31 49
29 93 34 41 67
36 11 100 38 93
83 29 53 70 45
95 9 53 48 33
36 9 65 98 44
50 16 42 90 1
13 49 24 52 75
34 92 1 55 91
98 20 81 79 32
45 41 88 100 26
84 39 93 94 53
12 61 35 41 98
86 30 41 6 92
93 11 50 79 80
72 78 74 94 21
98 27 77 91 83
79 60 19 90 60
50 25 73 81 9
68 9 78 4 71
8 97 75 23 12
20 62 57 91 64
84 17 33 53 42
55 14 63 97 61
16 5 100 37 81
99 33 88 85 41
18 7 71 42 83
50 24 59 6 22
96 97 17 79 79
80 59 78 51 8
30 82 96 79 77
54 100 85 66 94
9 73 44 30 15
69 56 92 74 23
49 52 87 45 47
78 18 30 17 75
92 70 13 47 94
92 16 50 58 41
53 37 52 88 27
63 56 84 95 81
98 66 66 14 62
79 79 79 41 12
48 46 71 76 90
51 50 34 66 15
83 8 33 97 68
