1000
1 64
2 311
1 25835
4 497
1 11471
2 4670
5 14413
2 1466
2 26881
10 17642
5 13996
12 10702
13 4209
7 2741
5 24133
5 26453
6 13985
4 27675
14 7289
8 16320
13 22898
19 20253
8 18512
24 2880
20 9133
12 19903
7 11505
22 22348
7 16254
16 7306
9 9259
13 21792
31 14580
2 267
10 16624
11 22584
4 28803
35 22610
38 2516
21 25817
20 7553
25 11636
17 17298
11 20104
27 24748
3 24585
23 19335
18 26256
8 26274
1 23214
15 566
40 14977
2 6760
42 22916
34 17858
3 25259
55 26596
17 16560
16 31863
2 24743
2 3683
35 729
43 12098
11 3535
14 788
39 6061
23 13364
27 6594
41 25483
19 604
8 26883
65 6369
39 30782
61 26651
33 32137
60 8916
15 18187
46 13987
79 20034
80 261
65 13745
40 23215
18 20178
5 27939
15 15442
17 1666
65 1149
64 24481
34 10232
86 2142
65 4270
40 28213
40 27916
75 12558
43 19313
57 14937
52 2528
73 19037
47 28153
17 28621
6 31015
72 7581
15 19738
22 21267
11 13432
99 2593
94 9167
94 24562
108 18127
85 11203
24 28086
31 30708
71 28427
19 4447
96 20879
59 8424
96 21105
27 853
104 7105
94 21345
72 16167
30 23051
73 18645
110 22836
39 32442
126 25705
110 8184
90 15358
41 14489
110 24156
112 23933
128 17307
31 25751
72 30548
21 27994
77 1200
26 19821
119 26821
90 13734
61 32547
33 9014
87 7337
5 28961
112 19614
131 7666
93 25597
74 6572
115 24335
122 12291
96 15679
19 25292
21 20267
36 18611
20 10999
30 17452
46 15078
153 9900
141 6699
17 5144
75 13308
15 14974
141 22761
94 12803
128 15980
152 6428
14 7361
61 16641
21 24311
103 32351
61 6472
43 29261
129 14758
112 24450
156 9878
15 24517
162 16449
160 3492
8 30664
41 30313
147 28889
151 26698
166 24960
165 28896
181 9279
149 8155
64 12384
150 25075
23 27786
93 2082
110 3987
29 20240
46 917
52 31439
85 32580
24 23240
17 18814
11 18933
83 23332
139 32593
174 21289
118 17037
26 28904
184 22789
43 2235
147 16114
14 9929
126 225
150 21535
12 18788
180 12803
180 30471
21 24452
185 20101
154 23894
207 7484
79 25565
25 24543
214 24456
130 16747
177 1888
132 1628
125 16865
63 14368
98 19464
204 9420
158 22189
88 1806
224 3603
44 27234
146 16318
159 8073
40 4740
54 21816
155 1255
71 10509
34 9634
80 17606
22 14978
153 23477
90 18807
128 7279
6 14315
136 27333
201 29778
64 30197
111 24067
22 32545
217 24390
38 25599
31 28078
228 16851
137 25769
158 17562
201 28245
237 30344
199 28309
28 9141
142 9317
81 9748
192 30058
128 11684
133 6093
146 22762
219 3658
263 12702
120 10884
55 24997
78 2460
16 13375
173 16129
135 14210
192 8586
170 4615
69 28354
37 24803
77 14467
29 12760
119 20678
90 28109
158 10169
143 18300
129 20498
62 619
242 7587
25 9757
279 4655
125 29065
93 3197
42 8907
6 28074
251 26394
137 10435
67 1786
14 28820
91 8882
168 30650
21 4865
159 30464
277 16909
251 28136
84 4252
157 20871
27 7046
135 7574
292 30059
253 31687
141 10401
171 30037
120 5488
2 25311
239 130
195 3702
190 26005
167 15349
247 25203
88 2960
140 20004
18 27312
262 20578
293 1791
297 3405
309 30654
245 14688
39 4447
132 10660
210 5968
3 13347
222 16405
129 29856
78 16281
19 18821
74 19398
156 7453
168 20307
130 20227
239 16093
8 20955
173 17466
328 20799
14 13322
303 29692
203 398
225 3711
265 9406
84 22922
274 9877
282 300
315 18352
168 8175
188 29975
128 31315
30 32603
173 3707
153 18401
62 19495
39 22653
201 2274
275 6466
251 1149
237 6297
260 4539
109 6545
160 14158
158 23670
275 23810
227 21925
126 22841
281 18078
166 29335
306 27995
21 10750
362 15841
230 24765
185 23060
84 12036
169 15311
144 32412
282 17716
267 15828
343 11073
218 16063
21 28324
369 5788
200 22225
370 4502
376 9041
321 3758
283 26461
313 22517
194 17323
380 19198
206 29320
374 26003
274 23079
206 2727
343 6457
389 5004
312 16829
270 358
180 13850
399 25312
240 23659
74 16925
119 7194
340 12018
400 22960
74 14674
170 25835
167 28681
235 3346
326 14253
105 20357
59 3538
179 21656
283 3198
195 11937
84 16861
189 3920
353 12341
85 26431
34 2587
355 9162
306 32488
63 32545
76 11111
418 5787
304 720
57 15182
322 17402
197 12508
37 20172
416 20111
208 28149
39 13993
431 26844
78 6133
217 29146
8 11682
206 17576
413 29009
11 2323
82 13165
132 19959
100 3515
102 12394
265 25650
91 824
176 26636
275 2704
431 20765
356 8188
393 16740
317 21142
272 1760
225 22394
274 12196
320 24183
315 9262
306 7946
301 15349
357 12684
454 65
217 2218
365 4415
28 7958
305 24917
440 11644
38 15027
165 31928
264 17195
460 10310
112 29250
19 25849
435 11655
393 8176
204 32547
398 2503
100 6834
395 25098
366 9297
345 5871
12 28152
173 3396
381 7947
455 9382
205 31275
334 19444
71 13650
302 14851
21 6175
134 7827
186 21614
70 24450
117 19756
119 13888
123 16234
162 16771
451 431
123 24380
7 19859
215 25289
259 18313
284 31596
229 14589
405 24316
160 12447
473 3290
166 31998
35 15655
204 13656
309 20532
477 17584
349 21050
290 11042
432 26444
203 26996
391 13193
432 19181
429 5014
76 362
310 14668
325 18350
206 173
248 32250
254 4381
92 29917
393 7887
523 23118
274 24701
284 31992
314 3420
478 22997
69 30543
31 10238
128 5466
291 22210
48 4698
453 12789
338 13300
177 8330
40 11724
454 12645
542 13559
254 27242
293 26546
404 3546
177 23892
70 18911
134 29313
365 1637
91 9633
235 17708
324 6032
418 18459
30 1175
47 29144
239 18844
76 5269
137 18837
204 9005
166 18243
126 30831
304 1820
505 10425
197 19849
456 4554
260 3409
19 7377
409 23125
528 26313
484 29823
485 17161
70 32501
412 19479
359 14226
463 30398
15 17046
75 23392
231 24220
111 10637
541 5325
187 31187
428 14676
435 29144
434 20497
290 28327
394 10642
476 10568
371 19519
382 2451
488 32212
31 6981
355 277
344 22868
498 23485
466 17280
335 14519
217 29227
124 14992
283 7274
389 21037
415 17500
499 28089
502 32187
281 5090
212 688
190 16197
210 2796
375 3622
453 6388
591 6757
288 12732
140 3501
582 12920
275 17903
372 14511
163 7695
291 20625
93 11997
174 23946
16 7238
220 28951
94 17100
546 985
170 22835
511 17640
206 23165
72 29545
311 19481
461 30307
145 13400
453 9934
623 21792
45 32749
460 32484
332 10718
215 4051
571 4720
479 29520
6 2100
235 13731
550 3031
489 32750
403 19374
575 4194
73 32147
418 690
287 2800
416 31944
176 17177
400 5048
389 2015
175 31986
312 10338
584 24507
407 24102
31 23262
83 8297
182 4766
636 16820
375 23280
142 2993
264 20967
40 19772
454 32368
320 3772
72 18239
388 24756
73 22025
352 30869
404 15092
620 4055
130 25676
569 14663
431 15991
555 8355
532 4139
505 26724
96 26334
474 6619
124 10110
492 23423
328 5987
634 24966
35 29058
399 19634
323 23523
509 27502
161 20821
388 4377
153 21344
405 30626
196 30843
26 24405
511 10879
685 24820
560 10588
511 9738
271 9738
521 31612
121 2499
566 29281
65 15728
578 787
309 1377
376 26246
448 17728
536 6617
346 16456
450 16427
468 10674
519 22192
124 6512
79 28420
567 14622
411 25535
382 15670
141 15177
445 32387
308 11504
365 18392
342 31799
644 11265
138 7793
260 30714
572 24207
691 5471
234 29495
308 28964
23 15126
49 14982
267 4982
311 3649
129 32019
307 25092
490 810
390 17442
690 6356
360 17290
43 24722
495 5113
458 4649
19 17006
405 29360
563 3551
222 4839
402 14378
738 18378
233 25422
363 4454
684 20187
541 25580
585 2471
108 1796
478 27587
350 32611
169 27821
509 13984
755 10695
177 21827
438 12552
76 800
527 25586
659 483
363 1732
467 21995
762 20464
579 29020
585 3023
608 5487
306 10388
515 24077
470 15999
591 11165
619 26707
197 24346
589 9
119 7272
758 5062
258 1768
269 9995
390 11338
545 5163
39 4514
448 8707
411 5822
265 8677
746 9143
577 10709
217 21703
647 16120
697 6234
676 1097
712 29544
456 16782
736 24577
178 22155
738 31274
770 28277
366 28391
677 1961
178 24985
428 9118
184 15242
484 13080
798 6599
131 4767
558 19758
432 11056
776 8391
632 2866
380 23128
806 2987
596 10547
73 21940
370 30547
346 23595
695 20647
339 7591
508 21678
695 17073
493 26180
510 27697
155 3516
775 17958
298 16686
47 12954
426 1810
285 8406
437 9998
805 25810
394 23821
281 8943
636 17041
225 9192
518 25162
174 9478
828 10727
731 30868
8 11820
685 2707
646 30021
172 7599
538 15194
801 21617
301 25955
823 23221
606 5694
112 17247
721 6654
51 28234
635 7047
409 2689
747 22616
223 2226
141 18087
810 4575
77 25011
726 22103
681 4182
858 18661
795 23001
126 6727
182 23821
766 2273
407 15767
520 22707
718 31628
170 1929
738 26942
591 4465
363 13141
688 22898
180 12065
509 2683
354 25390
321 1178
200 32281
159 10862
715 12195
636 8927
810 6148
121 25356
471 16770
614 5253
749 22593
388 11195
561 5213
675 17077
179 2614
511 3076
757 21771
493 29176
100 20427
306 13844
533 20519
65 9408
596 6124
646 12606
787 28816
15 3551
458 9482
809 5239
687 19943
41 4878
61 9115
752 20696
639 19221
297 24424
816 20630
125 3104
458 17602
5 1516
98 12280
768 2864
424 20447
53 13310
698 21313
589 11405
46 2077
581 29670
10 12279
268 29409
843 28275
561 32592
335 1570
492 8058
324 22428
268 8651
635 22223
645 23753
797 27286
578 11082
438 27278
172 30948
669 12069
215 29350
15 26611
227 12293
522 11342
813 26649
17 31256
59 1802
746 5852
793 14277
921 1817
823 13811
167 4062
585 31787
145 30359
628 8806
492 29479
561 180
418 2103
743 27182
30 13773
487 5164
636 14880
145 32184
229 21675
109 27458
366 16256
953 19093
796 21215
54 4873
241 1799
887 30202
780 18508
679 29562
854 20842
73 10051
289 25
457 25071
555 22497
724 25196
108 10032
342 17322
473 682
782 29334
731 2752
816 16460
980 12164
422 25736
76 26299
151 1118
170 2100
613 4396
346 17497
293 5068
627 26884
597 14350
119 26772
738 11365
346 22335
749 10720
665 21162
904 14428
673 1974
19 761
