500
1 51
1 27159
1 17345
1 20815
1 10960
6 5261
7 24162
2 11002
9 17913
5 10319
10 1102
6 16179
12 11333
4 15811
5 16929
2 14450
6 23796
10 22291
2 31834
8 30772
2 26215
5 7854
16 8670
24 23930
18 24740
6 13766
1 28276
26 6984
10 30675
26 4819
20 15687
30 7976
10 1732
23 28686
1 27495
25 1957
29 16743
9 18935
34 19016
37 10960
29 28497
22 28112
15 8769
4 11454
6 13886
41 6175
42 17678
30 9735
9 29833
25 9008
32 12366
35 23113
39 11190
11 17808
47 16390
41 32419
30 31465
15 24723
13 28957
16 4155
21 10604
28 24272
38 13278
9 15033
30 16685
47 8864
11 20089
30 20169
11 14653
47 1186
57 20354
29 18588
66 12370
44 25146
16 4208
57 26215
22 14150
38 15373
11 18463
7 20195
80 11158
69 25735
44 11598
82 18380
18 8676
48 15957
87 10530
56 31843
18 24694
10 2795
40 6562
91 21484
4 27060
81 18687
41 9273
65 22576
11 5806
94 8972
82 6199
12 11259
97 16788
55 28112
49 24912
50 4511
58 59
5 14030
3 2587
34 367
18 28319
88 25293
45 20116
94 20549
64 2395
103 23640
54 16027
83 26110
109 6195
22 21052
22 28787
20 1016
78 10379
121 1549
73 17219
67 7067
108 6125
51 10912
114 12696
70 13517
102 11911
122 21138
30 13282
15 25724
39 18858
81 28352
68 13042
125 21272
120 5709
112 23757
123 2691
117 21269
57 23432
43 1440
96 7086
1 1902
31 21785
94 3043
122 28531
33 6685
129 7650
49 2693
92 26935
85 676
11 10857
88 25401
42 2369
152 23688
83 21334
135 7412
53 16188
120 19920
34 28665
157 21107
116 19640
96 32138
66 194
162 12467
121 14249
92 6727
118 27078
10 1398
125 19686
125 28826
86 15681
63 24005
68 12972
19 4508
126 5647
10 13417
48 2840
68 2411
94 561
18 12401
28 9904
115 9639
83 32078
89 29615
182 18139
123 19443
86 31536
76 31034
43 28772
120 24698
20 579
42 1005
139 19963
50 15463
52 22041
109 7399
64 8884
34 13420
170 12776
64 8714
55 19591
82 12092
191 4874
173 25724
91 22222
65 19473
131 4989
109 22313
142 7369
125 6439
36 21601
166 19774
54 31773
167 23103
77 30844
42 18607
81 5969
158 24349
168 11961
140 22706
100 10320
37 27146
17 19621
120 2114
165 25323
97 9811
60 30961
143 23710
205 26452
52 11976
100 26099
43 25543
125 17571
132 9277
207 7204
12 21253
18 2900
44 21516
113 21667
39 13667
142 28615
94 28306
231 25521
151 10798
9 31935
48 19886
4 13107
173 13178
53 21988
124 19269
245 19763
252 5277
202 2625
95 10176
115 30303
77 16562
56 30406
33 140
59 22665
213 22807
147 14535
91 22169
197 15653
26 15343
66 12411
64 9436
161 22478
182 8865
73 4991
37 1742
147 8385
213 20567
258 3920
41 28394
111 16225
138 20608
231 31700
62 27955
239 1201
131 17743
217 7634
46 1451
26 30173
89 17978
93 31094
199 5853
143 26290
202 20091
139 13518
263 20564
129 9249
50 15250
5 2639
96 14625
39 11968
57 23489
174 19280
237 18010
237 1352
56 3215
1 29326
299 405
136 32536
162 26950
5 18086
65 16241
174 14001
31 2421
208 3230
105 26126
283 1080
205 20334
164 19037
305 17296
270 2039
251 18121
297 6447
251 29856
308 17629
75 4831
249 2114
166 23274
241 19193
117 27984
137 3883
130 9120
155 29187
47 13438
246 4193
127 24053
1 9171
202 2575
297 27585
79 8611
272 14055
123 367
3 8456
155 17766
292 22753
162 24139
291 605
114 9599
245 2311
31 25368
76 30404
50 31282
215 8898
286 12170
129 19628
125 15945
68 30752
16 12061
164 7266
254 9614
240 31826
196 6032
329 15003
33 9044
172 32302
2 30564
90 15087
247 239
165 29357
356 21601
95 600
31 1079
269 20334
244 23058
279 27063
354 9738
91 30002
38 6212
79 28751
168 22727
325 10846
63 20875
10 32328
188 24275
362 9597
168 22973
59 14125
333 12568
188 10171
120 1141
21 23663
379 30081
213 10091
115 9106
281 16352
366 1407
263 2689
389 5557
238 17976
359 1159
313 28952
233 25798
207 31124
173 1682
295 4078
315 29807
2 11250
326 18076
130 6883
110 16544
170 10678
339 27941
237 16254
122 11273
22 31784
152 26291
211 12136
64 24227
337 15347
137 19021
339 15087
330 13352
177 29607
270 20482
191 31620
89 14998
263 4665
40 22368
423 3645
390 16560
123 28030
149 32254
190 24148
206 29821
362 21683
216 17906
374 32678
73 4551
177 13048
151 19547
249 6452
71 8349
434 16849
348 4057
328 24486
153 17362
183 19364
88 18192
73 8131
413 6011
294 32317
147 18217
104 22779
320 8053
64 19788
254 31313
197 26589
94 17885
115 25830
7 26168
32 16545
191 27029
53 11264
28 17042
256 14751
399 31942
53 22264
1 8089
444 26070
340 13145
408 2572
281 7306
256 32614
159 16765
220 3040
105 11812
119 25110
316 10788
14 2044
106 29996
196 5583
361 7557
374 24907
330 9451
257 26911
482 26524
100 5278
423 31150
99 7095
173 28325
361 11047
227 16197
338 6381
458 16805
345 15614
369 26501
425 16955
292 14049
43 928
70 12487
494 18878
201 6757
300 31851
