80 777
1 74 48 296 20 287 21 283 25 282 26 279 27 274 28 268 30 266 32 260 35 257 36 254 38 253 39 248 41 246 43 245 45 244 46 218 47 216 48 213 50 212 51 202 52 195 53 191 55 182 56 181 57 180 58 175 60 174 61 173 63 165 64 160 65 155 68 149 69 142 72 140 73 136 74 134 77 123 79 121 81 119 82 99 84 94 86 92 88 89 89 70 90 67 92 54 93 53 98
1 5 37 288 28 269 30 268 32 267 33 255 35 254 37 243 38 236 40 234 41 227 43 217 45 213 46 202 52 193 54 187 55 177 56 173 57 164 58 156 64 152 66 151 67 146 69 141 71 140 72 136 73 124 75 123 76 119 79 116 82 115 85 114 88 104 89 101 92 96 93 90 95 85 96 59 99
5 68 36 299 22 292 23 283 24 280 26 277 28 266 30 261 35 251 36 250 39 249 40 239 42 233 43 231 45 228 50 224 51 219 54 213 59 202 60 193 61 190 62 179 63 170 64 158 67 156 72 148 73 140 75 138 77 131 78 128 79 127 81 113 82 102 83 89 90 82 92 65 97 57 99
68 32 20 299 21 290 24 273 27 257 30 239 37 196 38 170 46 158 48 155 54 141 58 136 59 126 63 103 65 96 68 93 71 89 72 75 73 68 79 67 86 52 96
32 77 36 299 21 294 24 293 27 291 30 290 33 289 34 281 38 278 39 274 41 268 42 259 45 256 46 255 51 233 53 220 54 200 56 196 59 191 60 171 64 146 66 143 67 138 68 128 70 127 72 126 73 114 75 112 79 111 81 108 83 104 87 102 88 90 89 83 93 80 94 58 97 53 98
32 76 44 294 25 286 27 285 28 283 29 282 34 279 36 274 38 266 40 265 41 262 42 257 43 245 45 240 47 227 50 226 51 223 52 220 53 215 54 214 57 191 58 190 59 183 60 182 61 177 64 175 65 169 67 165 69 144 70 141 72 137 74 120 75 118 76 117 77 114 78 90 80 84 82 83 85 82 86 81 88 80 89 76 93 65 96 54 98 50 99
5 49 25 279 25 278 34 277 35 262 38 256 40 228 43 226 45 223 53 211 56 200 59 199 60 198 62 186 64 184 69 170 70 150 71 143 72 140 73 119 74 115 78 112 79 109 80 106 87 100 97 90 99
68 79 30 293 24 288 26 286 27 256 28 255 29 249 30 234 32 226 33 207 35 195 36 178 44 173 49 172 50 166 54 164 57 162 58 146 61 130 62 115 65 101 69 95 70 94 72 85 73 84 74 78 76 64 79 60 80 58 84 51 91 50 94
76 10 20 273 22 268 23 230 35 226 36 219 42 200 48 198 51 196 55 195 61 193 65 187 72 184 73 181 76 167 78 162 84 137 89 122 95 92 96 68 98 51 99
1 64 35 291 20 290 21 288 22 285 24 275 29 267 30 261 31 255 32 254 36 252 38 251 39 249 42 248 43 233 50 231 55 225 56 214 62 206 66 198 68 193 69 192 70 189 72 180 74 178 75 170 77 165 78 161 80 147 82 145 85 135 86 120 88 101 92 97 93 91 97 59 98
49 33 28 295 22 288 26 272 27 266 30 264 31 262 34 250 40 229 43 225 48 208 50 204 51 194 54 190 56 178 57 174 61 171 62 162 66 148 68 147 71 146 74 138 76 131 80 126 81 102 82 85 84 72 90 68 94 57 95
68 3 37 293 23 292 31 291 34 275 35 268 38 264 39 258 40 251 41 244 42 234 43 232 44 229 45 221 49 217 50 214 51 210 53 202 54 195 56 194 57 193 60 186 62 185 68 162 69 150 76 147 79 135 80 134 85 127 86 124 88 104 89 95 90 94 91 87 92 84 93 79 95 59 97 50 99
64 60 38 296 20 278 22 258 23 256 24 253 25 243 26 238 28 235 35 230 36 228 38 222 41 219 44 218 45 213 46 211 49 205 50 197 51 195 54 178 55 172 56 169 57 168 60 156 61 149 64 148 65 145 66 144 67 135 71 132 78 121 79 109 80 105 85 96 87 93 88 82 89 81 93 79 95 59 99
32 7 48 289 20 287 22 286 23 280 26 279 27 274 28 270 29 262 30 254 32 253 35 251 40 248 41 240 43 239 45 219 46 214 47 208 50 201 51 192 52 188 54 187 55 164 59 158 61 157 63 156 64 155 67 154 68 141 69 138 70 137 71 134 72 132 73 129 74 128 76 122 78 117 79 114 80 107 81 88 82 83 83 74 88 72 90 70 91 69 92 65 95 62 97 54 98 51 99
64 8 33 276 21 275 22 262 26 253 31 250 34 249 35 234 36 225 37 217 45 215 48 212 49 211 50 198 53 194 54 187 56 175 58 161 59 157 63 151 64 148 69 146 72 138 73 132 75 128 76 126 78 114 81 109 82 103 83 96 84 67 86 65 89 62 92 54 98
64 16 44 296 20 288 21 276 22 275 23 273 28 272 29 254 32 251 34 249 36 247 38 243 40 241 41 230 45 228 47 226 48 225 50 222 53 221 55 218 60 210 61 204 62 201 66 189 69 180 70 178 71 158 73 152 74 147 75 146 76 137 81 132 82 127 83 115 85 112 86 109 88 101 89 97 90 84 91 78 92 67 94 65 95 64 96 58 97 54 98
5 6 27 294 21 274 24 257 26 256 29 254 30 236 31 234 36 230 37 223 38 220 41 209 43 192 46 188 50 186 53 166 54 164 59 154 64 144 71 142 73 134 75 130 77 109 82 108 84 87 85 84 88 78 93 71 97
7 13 32 293 20 286 22 270 23 254 31 252 33 248 34 245 36 242 37 241 39 235 42 234 44 232 47 227 48 210 49 190 51 177 53 176 58 174 63 173 64 172 66 138 69 126 75 122 76 119 78 95 83 92 88 88 89 84 92 75 94 74 97 63 98 54 99
32 15 34 297 25 295 26 283 27 282 28 280 29 269 33 247 36 242 38 224 39 222 40 214 41 209 44 202 47 195 51 194 55 189 58 182 60 176 67 161 68 151 69 128 73 119 74 105 75 99 77 96 80 86 81 85 82 84 83 76 85 70 91 67 92 61 93 51 94 50 97
77 31 45 296 20 284 21 281 24 270 26 262 28 252 30 251 31 249 37 228 38 225 39 222 43 221 44 219 45 217 46 205 47 200 49 195 50 181 51 180 52 179 55 175 56 174 58 173 59 162 60 161 61 147 62 139 64 115 65 103 67 102 68 99 69 98 71 90 74 85 77 84 79 83 82 80 84 78 86 77 89 74 90 73 92 66 95 65 96 60 97 57 99
64 19 43 281 22 271 23 268 24 261 26 255 28 251 29 248 30 246 31 237 32 231 33 229 34 228 35 219 37 218 38 215 40 211 42 205 43 201 46 193 52 184 54 180 57 179 59 176 61 173 62 159 63 151 65 147 66 144 68 136 70 135 72 134 76 131 80 126 81 125 83 121 84 103 85 95 87 94 89 93 90 91 93 67 97 65 98 51 99
15 53 48 299 21 291 23 287 24 283 26 276 27 271 28 262 30 254 33 246 35 244 36 243 39 240 41 230 42 227 43 223 44 221 45 209 46 201 49 195 51 194 52 189 53 182 54 178 55 173 57 170 58 166 59 164 61 155 62 150 65 149 66 135 67 133 68 132 70 125 75 118 78 115 81 110 82 109 83 105 85 93 86 81 88 78 89 68 90 63 92 62 93 59 95 57 97 56 99
5 55 33 298 21 293 22 285 23 275 26 264 27 263 28 250 30 248 31 243 34 242 35 238 39 229 40 216 43 210 45 207 63 202 64 201 66 186 67 178 69 173 74 168 75 154 77 152 79 151 80 128 83 116 86 114 87 111 89 106 90 93 91 78 94 69 97 58 98
1 26 38 292 22 283 23 275 24 270 26 260 27 258 29 246 30 231 32 225 33 210 35 208 37 200 38 184 41 175 42 172 43 169 44 167 46 165 49 163 50 161 53 158 55 156 56 155 57 154 58 151 59 143 60 139 63 138 65 124 66 114 67 106 68 103 69 98 77 90 82 88 94 73 95 65 96 55 97
79 4 39 297 20 296 21 294 22 271 23 263 24 250 25 248 26 241 30 238 34 235 35 230 38 227 40 222 41 218 46 216 47 212 48 201 49 199 55 190 57 186 60 185 62 181 64 174 65 161 67 156 68 150 69 135 71 127 72 118 73 117 74 99 76 95 77 90 83 72 84 70 85 67 86 58 89 54 90 52 94
3 12 27 297 20 289 21 280 22 274 26 271 33 251 34 232 36 210 39 208 41 207 45 201 55 200 56 195 60 190 66 188 70 173 74 171 75 155 77 147 78 144 79 127 81 123 82 117 88 116 91 94 96 75 97 62 99
26 27 27 296 22 294 25 281 26 280 32 264 33 255 35 252 36 237 37 226 41 217 46 208 50 207 52 203 53 195 54 174 64 150 71 128 74 122 75 108 81 104 83 103 84 93 87 83 88 67 89 64 90 58 92 54 97
12 37 23 285 20 280 21 277 24 263 31 257 32 226 35 224 36 194 40 192 41 191 48 183 62 171 63 161 68 157 69 129 81 127 82 125 84 122 85 112 87 101 90 73 93 54 95 53 99
33 59 44 294 21 291 23 289 24 284 28 282 29 279 32 273 33 258 35 246 36 231 37 221 38 214 40 213 41 211 43 206 45 202 47 199 48 193 50 187 51 184 53 180 54 179 56 169 57 165 58 145 60 144 61 138 66 136 68 131 70 129 71 128 72 124 73 122 78 110 79 104 82 94 83 93 84 81 85 74 86 73 88 66 93 62 94 61 97 60 98
68 52 26 282 25 267 29 244 30 235 39 223 43 201 48 191 49 185 50 179 58 178 59 175 62 169 63 167 68 152 69 141 72 127 73 115 75 109 79 105 80 99 84 74 87 73 89 72 90 67 92 64 95 54 96
4 28 44 293 20 285 21 276 23 269 25 266 26 258 27 254 29 250 30 244 31 243 32 235 34 232 35 231 37 230 39 225 40 224 44 206 46 203 47 191 50 190 53 176 55 165 57 163 61 154 63 147 64 144 65 138 67 136 70 135 71 132 73 127 74 126 77 112 79 103 80 97 81 92 84 91 85 88 86 86 87 80 88 77 90 72 91 65 94 64 95
3 22 29 296 22 292 25 291 30 288 34 274 36 259 37 257 41 255 44 252 46 244 47 235 48 226 50 213 55 203 56 201 59 195 60 182 62 178 64 175 66 172 68 151 70 141 75 121 78 114 80 76 83 57 88 56 90 53 97 52 98
53 67 30 298 21 292 22 289 24 283 25 276 28 270 31 268 33 264 35 258 36 257 37 233 40 218 41 217 44 200 49 188 56 183 62 180 64 160 66 157 67 150 68 145 70 142 73 139 77 134 79 119 81 90 87 81 88 73 94 71 95 61 99
15 35 39 299 20 298 22 291 24 288 26 286 27 283 31 270 32 269 34 266 37 263 39 248 41 240 43 238 44 235 46 233 47 232 49 227 52 224 54 206 59 204 60 199 62 192 63 191 64 164 65 162 66 155 68 154 69 150 73 146 74 139 76 117 78 111 81 108 82 98 83 89 89 71 91 66 92 55 93 53 94
49 69 43 299 20 295 23 291 26 288 27 257 30 250 31 248 32 245 34 244 37 242 38 225 39 221 40 214 41 209 42 205 45 193 49 187 50 183 51 178 52 172 53 165 55 156 57 148 60 146 62 145 63 141 64 139 68 131 71 123 72 121 77 114 78 112 79 110 80 90 82 89 83 86 84 85 87 82 89 78 90 72 93 70 94 63 98 61 99
12 30 30 288 26 283 28 271 30 266 34 262 35 254 39 238 42 224 43 218 44 215 46 201 49 194 51 188 52 181 53 174 54 171 59 136 60 125 63 120 65 114 69 106 71 100 72 90 80 82 81 81 83 78 84 73 85 60 87 56 88 54 97
49 42 39 299 23 292 25 283 28 275 29 267 30 265 33 258 35 242 37 240 38 238 43 234 45 213 46 208 47 206 52 201 53 192 55 184 56 171 58 169 59 161 60 159 61 153 63 149 65 145 66 141 69 127 70 125 71 117 76 113 77 103 79 101 80 95 81 85 86 70 88 68 89 67 91 64 95 62 97 53 98
8 24 22 291 28 282 30 262 31 225 32 224 49 221 52 216 53 191 60 176 63 170 64 163 66 159 68 142 71 132 77 131 79 126 81 125 84 120 86 110 87 99 88 93 90 73 99
8 46 28 295 20 291 28 290 30 288 32 283 33 279 34 272 36 262 37 248 43 247 49 243 50 236 52 229 59 214 60 211 63 197 64 176 68 164 71 135 75 131 77 130 78 112 80 106 84 101 87 84 92 74 94 57 95 54 99
31 48 34 299 20 280 21 278 22 264 28 262 35 258 40 242 41 241 43 238 44 229 47 225 49 223 52 218 53 212 54 202 56 199 58 194 61 187 63 186 64 179 72 177 74 156 75 134 77 113 78 110 80 99 81 81 86 76 88 74 89 71 91 65 93 62 94 59 96 52 99
13 2 43 296 20 292 21 283 22 277 24 260 26 249 27 244 28 242 29 234 31 232 32 227 35 220 36 218 41 214 43 209 44 207 46 206 48 205 49 200 51 199 53 194 54 173 55 172 56 166 58 159 61 153 65 145 66 125 67 123 69 116 71 111 73 89 76 80 78 76 80 71 83 68 86 67 88 65 92 64 93 61 95 57 96 54 97 52 98
22 75 27 297 22 291 26 290 27 286 28 270 29 266 30 265 32 237 33 225 34 217 45 215 53 203 54 185 55 178 57 175 59 166 60 141 65 139 71 131 73 130 78 117 82 115 83 106 88 102 89 97 90 93 94 65 96
24 21 36 283 21 276 22 274 26 271 27 268 37 266 38 265 41 260 42 249 43 243 44 242 45 234 47 229 48 221 49 208 50 199 51 187 53 179 54 163 55 156 57 155 59 154 61 152 63 143 65 140 68 133 74 125 76 124 77 121 78 117 82 113 84 103 85 101 87 88 91 63 96 53 98
60 40 26 296 22 282 27 281 28 273 29 260 30 246 31 232 35 225 42 223 43 204 44 178 46 169 49 162 65 161 66 137 70 136 71 130 76 128 79 123 81 116 82 109 85 105 87 104 88 95 89 94 98 56 99
68 41 40 297 20 294 22 289 25 285 26 283 31 274 35 272 36 269 37 263 38 261 39 260 44 253 45 244 46 242 54 228 55 216 56 214 58 213 59 203 60 198 62 197 63 195 64 182 65 169 66 134 68 130 69 129 70 126 71 118 72 116 74 104 77 93 78 92 79 88 83 82 85 80 91 70 93 63 94 62 95 56 98
6 73 32 290 22 280 23 277 24 276 33 275 34 274 36 250 37 249 40 232 42 218 44 215 45 212 54 209 57 205 59 202 63 198 65 181 68 170 69 168 70 167 71 165 75 155 82 143 83 142 85 139 90 115 91 106 92 98 93 91 94 90 95 89 96 63 97
48 34 23 283 24 269 27 259 33 254 38 225 39 218 41 211 45 198 47 195 48 184 54 173 55 169 64 150 67 131 68 124 70 99 72 98 75 81 77 78 80 77 85 70 88 69 94 58 99
46 25 27 273 21 260 34 245 36 232 40 229 45 208 47 206 49 200 53 195 54 194 57 157 60 151 61 150 62 148 63 128 66 126 67 118 68 115 70 97 72 92 77 86 79 80 83 77 87 75 91 72 93 60 95 51 98
8 65 28 276 23 265 24 258 26 233 27 232 28 226 29 221 31 219 33 216 35 211 40 203 42 201 46 191 54 185 56 184 59 181 65 180 67 175 69 172 74 143 75 142 76 133 79 126 81 123 86 117 93 114 94 106 97 83 99
15 57 47 296 21 294 22 285 24 280 26 277 27 274 29 266 30 265 31 262 32 261 34 258 37 251 39 250 40 235 43 228 47 225 48 221 51 216 52 204 53 203 55 201 56 198 57 194 60 193 61 184 62 183 63 174 64 166 65 165 66 163 67 158 68 154 69 146 70 125 73 123 78 101 79 98 82 95 85 89 86 77 88 75 89 74 91 71 92 60 93 59 94 57 98 53 99
77 71 21 294 24 275 30 265 31 256 33 245 35 242 39 199 41 197 50 192 55 182 59 163 60 146 65 140 68 133 69 124 71 115 79 95 83 91 90 88 91 80 93 54 94
71 29 33 290 21 275 24 266 28 258 29 254 30 246 31 242 32 240 36 232 38 224 43 212 44 211 50 196 57 192 60 189 63 176 64 173 65 161 66 160 67 128 69 126 70 125 73 117 77 106 78 104 80 98 83 97 90 92 91 86 92 84 94 82 95 71 96 56 98
74 14 22 297 20 294 21 289 23 271 30 264 36 257 39 248 40 243 41 233 43 182 44 157 47 142 53 140 56 126 70 123 71 112 73 97 74 87 75 74 77 72 78 55 80 50 92
71 20 45 299 20 295 21 292 22 290 24 288 25 284 26 278 27 273 30 263 31 259 33 255 34 253 35 252 36 249 41 238 42 232 43 220 45 219 47 218 48 209 49 205 50 201 52 200 53 183 56 178 57 169 61 166 62 161 63 157 64 153 65 151 69 141 72 135 74 127 76 123 77 112 78 111 80 109 83 102 88 100 89 93 91 78 92 76 93 72 95 56 98
71 39 22 299 24 297 27 295 30 289 31 280 33 269 35 260 38 258 46 251 47 218 50 214 51 211 52 178 53 161 54 138 55 116 62 107 65 98 68 96 69 66 74 54 83 51 88
35 63 48 276 21 270 24 269 25 265 26 263 27 249 28 246 29 243 30 242 31 240 33 234 34 232 40 230 41 220 45 216 47 215 48 198 51 196 52 188 54 185 56 182 57 173 58 164 60 150 63 145 66 143 67 141 69 138 70 136 71 135 72 134 73 128 74 124 75 120 76 118 78 112 79 111 82 102 83 100 84 92 86 84 87 80 89 79 90 68 91 62 95 60 96 59 98 57 99
79 17 23 272 22 255 27 248 30 244 31 242 34 241 38 237 45 236 47 235 49 205 51 204 52 201 54 198 59 195 60 190 62 180 63 162 64 125 66 95 68 80 69 79 71 68 75 57 99
20 43 45 291 20 288 22 282 23 278 24 277 26 275 29 274 32 262 33 260 34 248 35 242 37 226 39 215 44 206 45 200 46 199 47 196 48 188 50 174 52 173 53 172 54 156 55 155 56 153 57 150 61 143 62 139 65 138 66 126 68 110 70 104 72 93 73 87 76 84 77 82 78 78 81 77 82 76 85 70 87 69 89 68 91 63 94 54 95 53 97 52 98
30 44 47 296 23 286 25 281 26 274 29 269 30 268 31 265 33 247 34 246 35 237 38 235 39 234 40 227 41 213 44 210 46 208 47 195 48 194 50 188 52 184 54 176 55 173 56 171 57 165 59 164 61 163 63 160 67 147 68 144 69 124 70 112 73 110 75 106 77 105 78 104 79 100 80 99 82 95 83 91 86 88 87 85 91 82 92 69 94 68 96 58 97 55 98 50 99
46 47 22 299 20 298 21 289 23 239 29 232 30 224 31 222 32 217 38 215 40 200 41 179 43 165 44 162 46 152 54 150 61 134 63 133 65 131 76 116 82 88 83 80 97 75 98
19 62 22 292 20 287 22 284 23 268 30 259 36 254 41 251 43 233 44 230 45 227 46 207 55 190 56 178 58 174 64 144 66 136 81 114 84 107 87 104 88 87 91 86 93 62 97
75 23 29 297 20 293 21 290 23 288 24 266 27 264 29 252 30 240 34 235 36 218 39 201 41 189 43 171 45 164 49 163 54 142 55 140 56 131 57 125 59 121 60 118 65 111 74 109 78 92 79 85 82 84 83 83 85 78 88 67 93
47 66 37 297 22 289 25 288 26 287 29 286 30 280 32 279 35 276 38 274 39 254 40 251 41 218 42 217 43 212 44 211 45 207 46 206 47 197 48 188 51 183 56 162 60 148 63 145 64 133 67 123 73 120 78 116 79 112 81 111 82 110 86 104 89 93 90 87 92 77 95 66 97 61 98 57 99
22 50 26 296 20 291 21 268 23 262 24 255 28 253 30 248 31 237 33 216 35 192 36 191 38 188 39 171 40 165 52 160 55 130 58 128 59 111 60 107 63 99 65 97 67 85 70 78 87 77 89 71 91 70 97
23 61 47 299 20 298 21 296 28 292 33 291 34 283 36 278 38 276 39 273 41 263 42 257 43 254 45 252 46 241 47 236 48 233 51 223 52 219 55 216 56 208 57 207 58 205 60 197 62 194 63 193 64 192 65 187 66 186 67 179 69 177 70 150 74 133 75 122 76 107 79 105 82 104 84 95 85 91 86 89 87 84 90 81 91 76 92 62 93 59 94 55 95 54 96 50 99
50 54 38 298 22 290 29 272 31 271 34 268 36 251 37 249 38 247 42 243 44 233 46 224 49 221 50 217 51 211 54 206 55 205 60 200 61 196 63 195 66 183 67 182 69 175 72 170 73 167 74 165 75 156 76 148 77 127 78 123 79 110 80 107 82 99 83 97 91 93 93 89 94 84 95 82 96 71 99
53 36 38 299 20 293 21 292 25 291 27 287 29 283 30 280 33 279 38 278 39 267 40 260 41 257 44 242 45 233 49 222 52 217 53 203 55 196 58 192 60 185 62 184 63 170 64 156 66 138 69 133 71 122 74 121 75 115 76 107 78 92 79 85 80 80 81 75 83 71 87 68 90 64 93 58 95 57 98
3 70 20 296 25 294 27 291 31 266 49 254 52 252 54 221 57 218 60 198 63 195 64 186 65 183 68 169 83 159 85 156 86 132 88 81 91 62 94 60 96 50 97
49 72 49 298 24 284 25 280 26 276 28 274 29 270 30 269 31 268 32 257 33 256 34 247 35 243 37 239 40 231 41 229 43 227 45 224 47 221 48 218 49 213 50 208 51 202 52 197 53 194 57 185 58 184 60 165 61 164 62 161 63 156 64 155 68 149 69 145 71 144 72 128 74 124 75 121 79 101 81 87 82 84 83 81 86 78 87 77 90 72 91 69 92 63 93 57 94 52 98 50 99
72 11 47 299 20 298 21 294 23 293 28 291 30 288 32 286 33 285 34 274 35 266 37 260 44 259 46 257 47 252 49 245 50 235 51 229 53 227 54 206 56 200 57 184 58 181 59 178 61 166 62 163 63 138 64 137 65 134 66 133 67 127 68 125 70 122 72 114 75 113 77 108 78 106 79 101 80 100 81 96 84 95 88 93 90 87 91 76 93 68 96 63 97 56 98 51 99
37 56 37 278 20 274 21 269 22 268 25 264 29 260 32 250 33 246 35 232 36 224 38 216 39 208 41 185 42 180 43 174 45 171 47 169 49 164 52 163 53 149 54 145 57 138 60 137 61 130 65 129 69 126 73 114 74 113 76 105 77 95 78 93 80 87 84 67 88 63 90 60 91 57 95 54 97
22 38 29 294 20 275 22 258 24 251 25 249 27 247 32 235 33 201 39 195 40 194 41 190 50 189 60 188 61 182 62 169 64 165 66 154 69 152 71 140 73 132 77 124 78 97 81 88 83 86 86 74 88 73 89 72 93 71 96 53 98
43 18 29 296 25 295 28 291 30 287 34 274 35 271 36 270 40 263 41 256 42 233 43 230 44 227 45 225 47 218 49 215 50 214 52 213 56 208 62 201 64 173 65 146 74 131 77 127 82 126 85 88 89 84 91 73 92 60 97 53 98
77 51 42 282 22 270 23 254 24 239 27 234 28 211 29 204 30 200 34 199 36 196 38 195 40 192 42 187 43 182 48 181 49 175 50 173 51 172 53 168 54 161 55 160 61 157 62 155 64 154 66 150 68 142 70 136 71 134 72 127 73 114 76 110 78 109 79 107 80 104 81 102 85 89 86 88 88 83 91 76 95 67 96 65 97 64 98
11 45 42 280 21 273 24 262 25 245 26 240 28 238 36 234 39 230 41 228 42 227 43 214 45 207 46 203 47 189 48 180 49 169 50 167 51 165 53 164 54 163 57 162 58 160 63 159 65 155 67 137 68 128 69 126 70 120 71 113 72 111 77 107 78 106 83 94 84 92 85 91 89 84 90 83 91 77 95 56 96 55 97 54 98 52 99
31 80 24 297 21 294 26 268 29 262 37 259 40 246 42 233 43 222 44 211 45 190 52 187 59 185 61 169 62 162 70 149 71 144 73 138 74 89 79 84 80 67 89 66 93 58 95 56 96 53 98
53 78 22 297 22 278 24 277 29 272 30 270 32 268 37 253 40 248 43 242 46 241 47 231 48 194 55 183 59 164 62 145 64 134 68 117 80 111 83 110 89 92 92 79 94 67 98
66 9 38 297 23 286 25 269 28 257 29 251 32 246 36 244 37 241 38 235 40 233 43 228 44 227 45 225 46 222 47 217 51 202 52 192 53 185 56 177 59 166 60 163 61 159 63 154 66 145 70 143 72 139 73 119 74 112 78 106 79 104 84 94 86 91 87 89 88 83 89 77 93 72 94 67 95 51 96
1 58 27 296 20 289 22 283 24 273 25 272 26 236 29 231 35 227 41 216 42 209 44 196 45 190 47 182 52 181 55 180 65 168 66 159 69 149 72 148 75 142 78 137 80 134 81 124 86 123 88 121 91 109 97 77 99
