30 300
1 19 22 200 6 193 12 177 16 155 18 152 23 137 25 129 28 121 35 117 37 113 38 106 44 97 46 87 52 86 54 80 57 62 60 51 61 43 62 42 64 24 69 18 71 14 74
19 17 23 198 6 178 17 176 18 174 24 170 25 163 26 159 30 152 34 149 35 147 41 123 43 121 44 102 46 95 48 88 50 78 54 72 55 71 56 69 58 61 59 53 63 47 69 23 74
19 18 15 203 7 196 16 194 24 172 30 163 31 153 33 146 35 126 38 111 43 96 51 81 56 55 61 22 65 15 71 14 72
17 15 12 205 10 198 20 187 21 122 30 108 34 92 36 89 42 88 49 80 54 79 64 78 67 11 74
18 10 13 186 7 171 17 159 19 153 27 147 29 136 30 122 31 71 32 63 41 49 44 31 53 21 58 12 65
10 26 17 207 6 197 8 188 9 184 11 183 13 169 18 152 28 138 32 134 42 131 45 130 49 123 58 101 61 86 64 30 69 28 71 18 73
19 5 21 208 5 193 6 192 7 191 9 186 10 181 14 180 18 168 20 137 22 130 25 123 27 119 30 118 37 115 40 108 48 107 49 85 50 52 53 33 60 27 63 14 71
19 28 15 204 7 202 11 196 13 184 14 172 21 159 22 143 34 138 35 125 44 118 46 104 50 95 52 76 56 61 67 32 72
10 2 23 202 5 201 10 197 11 196 17 178 24 170 25 169 29 163 33 158 36 146 37 141 38 130 40 120 45 113 49 109 50 56 54 50 58 42 59 36 61 21 69 15 71 12 72 10 74
28 29 18 200 13 196 19 194 21 184 24 180 29 177 33 172 34 161 35 124 37 118 39 94 46 85 56 77 57 72 58 64 61 61 69 37 70 29 72
29 21 13 180 8 148 18 146 24 127 26 123 29 94 33 77 37 71 55 53 57 42 60 41 67 37 71 17 74
29 13 15 193 9 185 14 147 19 125 20 108 23 101 26 97 30 86 39 85 40 66 43 56 44 55 49 37 69 21 70 12 73
28 14 12 207 14 198 15 178 16 165 26 154 27 134 34 102 39 93 44 80 45 77 51 46 60 41 63
1 4 24 209 7 205 10 198 12 192 14 186 21 177 22 172 23 171 24 162 26 157 31 155 32 146 34 141 38 140 42 134 45 107 48 99 49 91 50 87 52 59 60 51 62 38 63 36 68 31 69
29 16 14 206 6 202 14 192 15 184 16 175 28 157 46 156 49 148 51 134 56 115 65 111 67 86 68 64 69 63 73
29 23 19 202 10 191 11 186 15 163 22 135 23 122 28 119 33 118 35 95 38 90 40 81 43 74 44 64 48 62 50 53 52 26 61 25 63 16 65 10 73
14 9 12 207 7 175 11 168 18 166 19 164 23 146 29 133 34 104 45 82 52 76 54 72 58 31 60
28 25 15 205 12 194 15 191 16 185 18 179 25 176 29 165 31 155 36 136 46 81 47 78 53 77 55 49 57 26 60 22 65
18 24 14 204 7 199 8 167 12 164 16 136 20 133 25 129 31 125 36 90 39 84 45 68 54 64 64 49 66 32 70
5 27 13 197 9 180 13 175 15 160 16 138 18 121 22 119 25 103 28 94 38 77 49 76 54 57 65 54 69
21 11 19 203 8 196 9 193 11 176 18 158 25 154 26 104 30 92 31 90 33 83 35 80 47 59 48 57 50 44 57 36 58 21 69 20 70 19 73 16 74
16 22 23 208 6 203 7 180 8 175 10 167 11 154 15 136 18 119 21 114 23 111 30 110 31 97 32 90 36 74 37 69 44 66 47 56 48 50 49 46 51 42 54 40 55 35 62 13 74
15 3 19 201 7 199 9 192 19 172 20 165 22 156 24 152 26 151 34 143 35 135 42 126 46 115 47 114 51 101 58 85 62 78 64 56 66 32 67 10 71
17 12 13 113 9 112 16 96 17 85 19 77 21 75 23 74 26 63 28 50 33 46 37 44 41 39 44 24 61
29 6 19 194 11 173 13 172 16 170 18 166 23 160 26 157 28 154 33 143 36 141 37 137 45 125 47 120 54 105 55 29 58 28 59 25 62 23 65 10 69
3 7 17 207 6 188 8 167 15 151 17 143 24 134 26 132 30 127 32 121 42 99 44 88 47 84 48 76 50 74 57 46 61 20 65 19 73
2 20 15 208 11 205 13 202 21 197 23 191 31 187 32 177 44 170 46 153 51 101 55 73 56 70 60 64 68 60 70 17 71
27 30 14 188 16 183 19 162 27 133 28 131 31 130 34 129 40 97 41 86 45 55 52 48 59 28 61 23 68 14 74
19 8 13 206 5 164 13 159 41 131 43 125 44 115 47 108 51 94 53 56 54 55 55 50 63 46 66 37 72
