200 55
9 2 3537 5 3578 6 1172 9 815 19 427 75 2847 86 509 101 4777 188 3403
3 3 4951 52 2556 82 1420
6 4 2425 8 3947 16 1417 32 4035 60 772 100 3534
1 191 1772
3 11 2461 14 726 196 3559
2 7 1706 107 1194
6 10 712 15 1987 34 2035 37 4173 70 433 141 3234
5 12 4881 48 2243 50 1731 76 201 157 2811
4 44 4139 61 1559 79 368 132 1099
2 13 3246 22 1827
4 27 2925 62 1925 90 4729 122 4385
3 17 337 35 2818 54 2601
1 42 2705
8 18 961 24 996 40 1870 64 4761 81 1656 128 2170 145 243 199 3941
5 29 827 63 1894 73 3533 110 2754 185 4701
4 20 429 45 865 114 3775 197 4676
2 25 2518 65 531
1 21 4973
0
1 23 1131
3 36 1255 66 3549 163 4238
4 28 1009 31 3140 38 3205 179 3645
2 49 266 57 2282
0
2 26 3706 108 3444
0
4 41 1629 84 4299 121 1568 136 4364
1 116 4470
4 30 2715 87 369 148 64 166 4381
2 69 1874 74 1790
0
3 33 1659 53 3718 59 2483
2 182 3023 195 3811
1 68 82
2 43 941 51 2936
0
1 167 3334
3 39 870 139 1959 189 3157
4 88 4180 129 67 174 1801 184 2703
3 46 2525 77 4966 172 1536
1 192 3751
1 55 285
3 47 4608 80 427 156 4586
0
3 56 236 102 4689 181 76
0
3 71 2325 186 3859 187 4817
0
0
2 109 1521 111 739
0
1 160 1124
1 133 4319
0
2 58 4908 152 4245
3 99 1753 143 3717 193 4383
1 137 3937
1 67 4848
1 171 923
0
0
0
3 95 2932 127 31 200 3822
0
1 93 179
3 83 860 89 4255 91 3889
0
1 72 3501
1 78 2118
1 85 2391
0
1 104 4682
0
1 169 3188
1 105 474
2 92 3060 176 859
2 147 1761 198 2495
0
3 96 2350 98 1493 153 1823
0
4 97 2730 112 2882 119 2902 130 598
0
2 124 840 138 3850
1 180 1672
1 190 4860
0
1 123 3733
1 94 2991
0
0
1 178 1037
0
1 155 456
0
0
2 115 934 125 4226
1 120 1098
2 118 641 149 3924
1 106 3535
1 103 1682
1 194 2767
0
0
1 117 1530
2 113 2539 154 2789
0
1 146 4336
1 131 2889
0
0
1 140 4303
0
3 165 256 170 1806 183 1946
1 164 3245
0
0
1 158 3295
0
0
0
0
1 126 1535
0
1 135 284
1 144 4827
0
1 177 2592
1 162 1717
1 134 2686
0
0
1 159 1111
3 161 1265 168 3702 175 2767
0
1 142 4729
0
1 173 1197
0
0
0
0
1 151 3167
0
0
1 150 388
2519 4035 1661 3954 2084 2391 2724 2013 5666 1685 772 3776 2499 2532 2936 3606 3530 823 1073 3552 5823 3338 4739 2752 2163 3227 2957 613 1424 1702 3423 3528 1477 886 1735 4262 3393 1049 3469 4543 2733 3379 2896 1055 1007 5333 5168 1227 3052 1263 2237 3326 3294 3060 2255 