2000 49
9 2 1421 3 2401 10 350 54 9 101 2212 247 4609 423 3169 634 2776 1536 4525
4 4 2519 9 2145 57 3640 754 4577
6 6 2897 7 3903 25 2360 52 4575 259 2851 828 1695
6 5 4073 87 1366 257 294 268 3958 482 463 1221 188
8 8 2865 15 1955 63 1044 85 1231 102 4483 167 3908 300 1438 457 1514
8 14 4522 35 267 41 624 100 4618 203 1462 273 2513 483 4039 878 4161
4 26 578 126 1304 178 3974 736 795
7 12 796 13 4055 17 1908 37 839 95 1898 109 1122 813 1363
7 36 1337 43 3375 72 177 959 2189 1023 1781 1136 22 1823 1146
7 11 2514 22 790 33 3263 78 2097 345 2069 1452 3416 1587 2224
6 137 2023 229 4344 396 3442 518 3638 623 3944 1630 4957
5 18 4841 19 3876 39 3033 111 39 1308 2177
5 46 674 155 2098 281 2984 416 1917 1865 538
5 34 833 44 3916 190 4505 240 1607 508 2783
6 16 4765 21 4077 24 839 92 4823 176 1457 1779 4077
3 20 731 32 764 127 1097
3 51 7 982 60 1555 4082
1 276 131
2 60 4372 394 568
1 31 1200
5 23 2514 29 2107 312 2277 895 932 1197 4853
5 42 3939 81 4453 83 3767 516 4341 1564 1975
1 45 1067
9 27 1059 103 4763 123 2735 189 4821 272 4402 340 2441 877 1452 1098 4307 1918 4737
7 40 3575 47 3332 242 3895 278 3149 321 1458 409 2367 762 4141
5 38 2908 69 2320 441 3216 532 789 806 1328
8 28 991 71 2472 99 3902 186 4367 775 110 1320 3112 1419 925 1796 342
3 110 868 731 78 1161 2342
1 30 3960
5 96 1152 231 243 788 795 1119 1505 1376 600
1 364 322
4 275 443 299 1800 805 2094 1012 914
7 50 3868 90 804 94 1688 339 1383 356 532 660 1358 669 2767
4 48 366 49 3012 246 4152 1372 802
3 86 3952 144 2894 585 796
4 59 2260 97 1850 417 1289 682 3112
0
4 153 4211 177 2866 559 4243 789 856
4 88 4011 112 4132 713 1406 1812 2805
8 188 1386 201 3070 220 286 255 1621 292 3917 330 1536 333 4170 437 826
4 53 387 219 3913 1229 160 1244 4215
3 250 2544 269 4638 353 54
3 113 1113 117 2429 710 3299
4 448 4423 677 674 1427 1430 1720 191
7 56 1386 66 516 91 2692 122 179 750 2137 761 2764 1068 4020
6 64 1628 175 3712 373 1397 1120 847 1204 3049 1538 365
7 61 3431 70 2396 149 30 182 728 354 4158 359 1755 1431 547
2 124 1138 745 3728
3 225 3635 545 1127 1329 2675
7 55 890 105 1415 125 1537 467 1910 779 1386 1065 4196 1861 528
0
3 129 5000 683 466 1040 4158
6 119 593 139 2953 241 2627 433 539 633 4537 1895 1641
5 58 385 98 96 114 651 547 3767 804 2230
4 108 634 174 1348 1705 4110 1845 3985
4 93 2824 132 614 237 3674 1970 3536
3 65 2776 75 3890 450 3506
4 80 3243 82 3903 848 121 996 341
3 62 3939 74 4653 1548 373
4 143 2249 226 1955 361 4824 913 1955
2 454 4642 1170 2550
1 67 4376
3 121 324 199 1529 204 3417
1 68 2539
6 73 4 365 4605 484 3874 497 4881 618 3330 641 62
4 511 106 588 3459 944 4946 1442 695
3 76 1975 282 919 1571 3799
4 130 355 382 1780 492 1639 1196 317
2 207 188 769 4573
1 77 43
4 301 125 305 3432 1563 2286 1593 3204
5 84 850 120 645 210 4332 444 1091 1636 3805
4 79 4887 223 222 451 489 639 668
2 168 247 816 1684
7 89 3904 230 1168 249 3429 256 2329 479 1890 531 3110 799 4458
1 334 4309
1 580 4929
7 104 4614 135 135 142 1814 184 1966 192 3819 447 3483 1275 3689
2 213 4589 579 2002
5 106 1251 131 2075 254 3945 1227 4830 1746 962
7 147 4469 161 2692 244 4915 420 2331 501 1071 665 786 962 4778
3 350 1852 360 3139 381 687
3 393 4637 610 4238 849 1542
4 173 878 197 1180 303 2170 1595 499
4 146 4188 728 4678 1271 2702 1310 3577
8 262 1756 323 4363 407 2744 502 1381 810 2267 1355 1642 1460 3051 1518 4715
3 134 3991 171 2951 211 1616
0
1 253 849
3 152 2636 1742 944 1835 2422
3 151 2316 165 1407 415 2135
3 261 1069 449 3184 1557 1359
3 631 1938 1168 4919 1300 4178
4 443 4320 555 1194 845 3136 1809 4128
7 140 3993 260 225 821 2552 919 1771 1037 4017 1186 1655 1348 2054
1 514 4139
4 196 198 218 1502 337 815 839 2444
4 169 3654 198 773 912 1351 990 1593
4 251 3593 386 2066 427 56 1931 2550
1 271 4854
2 358 116 395 1105
3 107 922 141 2334 148 855
1 403 2008
3 145 2748 162 1174 800 4465
6 115 4379 216 1780 512 4393 619 3141 1007 3283 1910 2182
3 159 1821 202 1902 1088 3211
1 746 915
4 164 252 414 2462 577 3936 1515 4745
2 136 542 263 4823
4 118 1009 863 676 1826 2453 1881 3578
9 116 3608 128 4748 156 4769 311 3758 743 3425 1246 1849 1359 941 1656 2060 1744 4986
2 1634 2540 1751 3234
1 1760 3273
2 533 1716 980 1432
2 587 4114 1510 4363
2 181 4210 187 1673
4 232 1608 352 47 1247 4575 1304 2588
4 214 750 293 2218 586 1445 1110 479
4 179 631 194 3670 236 4147 1457 74
2 942 2550 1476 360
2 163 2791 596 4126
4 274 4854 832 144 1191 516 1585 4461
1 235 1492
4 215 3041 270 2973 351 4387 402 658
2 778 4169 1570 2523
1 1321 755
5 157 3870 367 483 752 3747 1303 2117 1771 4346
4 150 4771 605 3300 1102 1430 1264 1996
0
1 478 4121
4 133 2551 287 752 421 497 1503 1315
3 378 888 818 3156 1318 1438
3 227 2948 296 4724 439 4749
3 154 1647 1238 2321 1920 1427
2 362 879 907 2516
3 138 2477 295 1960 602 200
0
2 404 368 1412 1907
2 463 4127 954 3813
3 315 3051 369 3212 655 486
4 180 1464 326 4371 422 1258 1370 2023
3 170 2713 183 207 792 3341
3 195 2797 239 2747 520 1244
5 158 1027 191 4605 243 217 519 3651 883 4229
0
0
2 166 3936 865 1224
3 304 51 643 2608 680 158
5 224 3454 371 3451 535 3097 855 884 1193 203
3 431 3723 528 509 1297 3184
2 771 4903 931 3035
3 452 1616 902 2125 1425 980
7 160 4387 434 660 476 2179 560 2566 782 4117 796 1236 1694 1208
6 206 1960 285 112 411 353 426 1933 861 4017 1462 2407
4 172 4445 368 130 375 935 1141 4498
8 248 1526 390 36 543 394 657 1258 734 1053 817 16 819 2396 1544 3842
2 209 4968 1659 1840
2 342 4712 486 2181
1 1334 2109
4 310 2069 517 2473 1492 1627 1792 1168
2 489 3453 542 2348
5 193 3376 523 3215 573 3144 607 4432 1606 2174
5 749 4500 758 1062 1030 3708 1817 137 1909 3954
1 289 2115
1 1986 115
2 642 555 1332 1099
4 185 2645 707 2908 1205 1578 1222 2081
3 212 341 245 3628 578 2215
4 335 2316 494 1564 729 1392 876 4761
1 984 2300
3 336 601 541 3293 881 1689
1 640 1408
0
2 488 4328 1436 2579
4 418 4614 649 2574 1274 1908 1908 4514
3 264 2564 698 3483 1607 672
3 389 3139 458 1257 724 1541
0
2 537 1107 1463 538
1 526 1624
1 1237 391
3 372 3362 496 827 1097 4266
0
1 238 2037
2 1700 1947 1820 2987
4 200 2625 376 2785 468 3783 704 1719
0
1 920 2030
2 638 3309 901 2102
2 424 4643 1810 3006
1 462 4810
2 319 1538 430 2940
2 327 3681 1217 496
1 322 2141
1 1352 4334
3 217 2020 527 1055 969 1004
0
3 582 3086 981 3863 1572 4502
5 309 729 325 1759 392 3400 1577 1130 1868 283
2 1629 1983 1975 1161
8 221 1897 302 2865 344 3407 384 2760 391 342 408 4247 1302 470 1940 1694
3 205 2448 983 4439 1885 4960
1 1148 1843
2 347 239 490 611
4 252 2806 651 2872 994 3287 1470 4194
1 208 2637
2 760 1340 896 1936
2 405 554 1768 1251
1 1070 803
1 1093 1860
1 684 2013
3 222 1639 654 2715 715 4851
2 568 3599 891 65
4 456 2785 791 524 974 2463 1603 1138
0
2 1173 2604 1190 997
0
2 859 4196 900 1045
3 277 1208 436 1612 1013 4042
4 314 4301 1409 2295 1767 831 1943 3100
5 228 4017 233 930 590 4065 1075 292 1928 2638
1 280 2462
1 258 2350
2 561 3305 1532 2268
1 584 3069
1 1560 3921
1 1619 2865
0
1 234 1892
1 600 3697
2 841 4059 1736 1223
2 265 1224 291 1105
1 387 3599
0
1 503 286
1 999 2971
2 477 2205 1491 1188
3 307 3663 569 1538 620 1708
4 366 587 595 3055 735 2731 917 1825
1 1455 1225
1 1053 1045
3 460 2037 732 1353 1051 4375
1 1142 66
3 329 1937 343 4616 1034 24
1 379 338
1 774 464
1 266 1941
4 267 4411 1032 4130 1036 4237 1285 3843
1 410 2226
4 313 4859 332 3540 1207 609 1713 2994
3 279 3822 562 3474 664 4980
4 522 1628 873 1472 1262 2511 1897 3011
1 1951 3739
4 288 495 298 3626 853 2427 892 4263
3 284 813 524 2563 888 1316
3 355 2577 548 21 1008 3143
1 357 2100
2 652 888 1108 452
2 471 4327 1048 1843
3 294 4411 338 227 1653 3706
1 286 2943
3 413 4864 1005 2234 1268 4789
1 466 1697
0
1 1212 1861
6 308 1894 328 1064 499 4943 603 2301 705 4166 1445 379
2 513 219 721 3861
4 719 18 811 1976 1803 2228 1871 2055
2 346 4261 1090 2147
2 290 4443 628 3222
2 1942 1837 1960 4943
4 331 881 470 2908 1076 3472 1541 4274
3 481 4719 866 4585 955 1818
3 435 1412 465 1926 939 685
5 297 2100 546 1372 667 1753 739 2311 970 735
2 783 1932 1447 3407
2 283 3622 475 385
1 825 4558
0
4 348 3813 529 561 830 4919 1117 4479
2 306 1651 809 3218
6 317 4268 650 339 874 1878 1198 2144 1479 1833 1763 1033
1 686 3151
0
0
1 464 2789
5 621 782 742 2648 943 1193 1084 1253 1843 3135
1 842 4010
3 385 1784 856 2672 1133 4234
1 826 2688
2 380 1841 1984 2738
0
1 1154 1752
1 598 3351
5 316 2284 324 3049 637 955 827 857 1528 1793
3 383 1334 572 4207 988 2214
0
3 617 2258 653 2336 1484 4739
5 536 3621 784 141 1152 3597 1573 970 1847 4494
4 318 2774 539 435 1060 4253 1453 4258
2 993 570 1004 3086
2 388 3587 1537 933
4 875 3574 1252 4778 1652 1668 1731 4530
2 924 9 1707 2188
2 1282 994 1317 3135
1 320 1855
1 487 1236
1 558 1561
0
2 399 2547 850 1376
0
1 1111 3262
1 1793 2689
1 1499 1270
2 972 672 1590 497
4 564 3370 592 2096 632 3808 1115 4190
2 549 2615 703 2877
2 992 3678 1993 557
3 615 4549 1127 3070 1727 2440
6 401 1645 693 2758 851 2691 1055 1718 1082 2459 1433 3993
1 1366 1848
3 440 1289 985 366 1043 4149
1 672 1878
1 370 4158
2 1288 3648 1451 2846
1 341 3756
0
4 432 2920 606 4615 700 1422 966 3814
1 612 813
3 507 292 976 1112 1131 3332
2 846 2831 1299 651
2 377 2545 509 350
0
3 397 4855 1263 3301 1735 592
0
1 814 4446
2 374 1773 1932 3075
3 906 2103 909 342 1465 2938
1 1893 2675
1 624 1290
0
2 349 2597 1777 1625
0
1 725 1024
3 829 1544 1270 1252 1443 675
2 363 3413 1641 4776
0
1 1798 2149
2 599 4307 1073 2714
2 658 30 948 326
1 557 2737
3 438 4746 627 4941 1339 4594
1 425 1915
0
5 453 2060 540 1175 583 1089 1333 897 1467 3081
4 398 91 473 3978 862 3823 1432 1405
0
4 890 4951 1047 3790 1437 2856 1701 3354
2 510 2430 1529 2814
3 695 1713 977 801 1014 915
2 720 4007 1327 1877
0
3 645 698 889 2807 1989 3477
1 406 2631
6 419 2767 550 1080 565 1830 571 1564 1592 4459 1899 2858
4 412 2305 718 4978 1569 2616 1631 794
1 847 3119
3 400 4228 581 3050 1296 1785
0
1 1309 1416
2 429 4760 1999 3022
1 472 2573
1 921 177
0
1 1596 3858
4 773 1696 790 4542 1266 1541 1578 930
0
3 765 1995 1031 2408 1579 137
1 428 4371
1 485 4409
1 469 3420
2 945 956 1260 3670
2 807 101 1516 4012
0
1 1501 4359
0
1 644 3015
1 1944 3231
2 609 4423 1583 2050
3 838 2389 1206 2177 1223 1633
1 864 2239
3 1057 2872 1074 96 1621 2663
1 748 3442
2 1000 4966 1502 2197
3 1182 882 1214 497 1473 4463
1 1219 3100
0
0
4 701 1314 1118 1977 1311 634 1733 1484
2 1291 804 1971 4017
2 495 4831 1323 4416
3 505 1887 932 267 1016 4646
2 461 166 857 1211
2 446 1096 1877 2872
2 636 830 1293 4147
0
1 689 4643
3 506 3733 697 2413 1639 3029
0
2 647 4793 1505 2685
0
2 780 379 1667 744
0
2 757 1432 987 4043
1 544 3321
4 442 2661 515 749 885 1023 1525 7
0
1 1024 4153
0
1 601 3714
5 459 3635 604 1269 737 3298 1386 32 1681 3296
1 1850 2632
1 648 4503
1 567 2945
1 613 305
0
1 525 3528
2 854 1397 1269 4698
4 445 288 781 1832 971 871 1840 4526
1 1898 40
2 1322 653 1383 2262
2 1411 974 1514 4588
4 563 1026 777 602 1015 384 1101 3574
1 1011 371
1 759 871
2 1368 1318 1399 2186
3 691 3057 894 3796 1202 2113
0
0
2 674 1955 1926 702
2 1441 3952 1832 341
1 723 2102
1 836 1937
1 1324 821
2 556 758 733 3534
2 879 876 1599 1233
1 1775 3899
1 455 4480
2 675 1244 1721 1691
1 1533 3603
5 521 1560 538 1041 589 715 975 1517 1717 2867
3 1069 135 1192 2301 1242 1068
0
1 498 3823
3 622 211 802 3112 929 4827
0
2 500 4967 552 2162
1 616 1466
2 903 2853 1184 4068
5 474 2023 812 2006 843 3720 868 4185 880 3411
2 1286 4184 1892 171
2 794 4741 1692 2482
0
3 915 2024 1243 749 1722 4726
3 646 3347 685 4726 922 704
6 534 3292 690 3912 709 2717 953 4399 1695 4107 1710 2840
4 493 4162 670 107 747 4270 1316 4825
0
0
2 1044 4391 1183 4444
0
2 1251 4752 1740 3201
1 1099 2179
1 662 2382
3 480 3196 1857 2591 1994 3573
2 797 1722 1145 849
2 626 2942 1045 3425
3 614 3503 923 246 1549 1506
0
0
0
1 918 1946
1 772 608
2 491 1444 1236 3389
1 1550 1888
1 978 3823
0
3 947 611 1125 3652 1134 1699
1 676 4746
1 1022 1029
2 673 2478 763 3833
0
1 1211 1590
0
2 1480 1379 1964 3549
0
4 852 3821 1690 2721 1903 3684 1915 1328
3 608 4209 671 773 1406 709
0
2 730 4887 1295 2709
0
1 504 4209
0
0
1 688 2926
2 756 4617 928 1704
2 576 1074 1435 1121
3 570 1763 635 2117 786 4378
1 1901 112
2 574 890 597 2810
1 1495 647
1 949 1951
0
0
1 1551 2531
1 575 4038
1 679 4928
1 1859 3648
0
1 1706 4424
0
0
2 1278 4449 1896 1532
0
2 803 2526 1507 1374
1 1158 1225
2 551 3915 904 44
3 530 2661 593 1850 968 3328
2 858 3262 989 3744
0
0
1 553 4805
0
2 897 3824 1185 2384
4 566 1797 738 4900 1487 2364 1521 2118
1 1686 3886
2 661 2764 766 741
2 898 1276 1748 4106
3 1330 4220 1776 793 1801 1119
2 668 3478 869 2445
4 629 624 911 2579 1464 2256 1781 171
0
1 1153 2341
3 1079 2607 1608 109 1821 532
1 1611 1665
4 625 4942 824 4825 1709 958 1711 3978
1 554 655
1 1374 4111
1 1378 3197
0
0
0
1 1240 4820
3 755 3487 952 1042 1249 453
1 1003 3782
1 699 2205
1 1483 3628
0
1 1164 1517
0
1 1189 2761
0
0
0
1 1864 1614
0
1 1648 2260
1 726 2797
1 1556 804
1 722 4443
0
0
0
1 1838 1237
0
0
4 594 345 714 3595 1418 1272 1562 3284
1 1388 1183
0
2 963 2193 1009 198
1 611 2218
3 712 845 751 2388 1956 2323
0
4 678 4180 1226 110 1513 1344 1530 2440
0
2 1213 3295 1594 863
2 1063 927 1754 3867
2 659 3720 793 4060
0
2 591 3127 770 4566
0
1 1697 4627
1 1253 3953
0
2 1314 204 1408 4568
0
1 1627 3849
1 887 2318
0
1 1094 4152
1 1540 4699
3 727 3440 787 266 1588 1144
1 882 3774
1 925 4630
0
1 899 4227
1 1930 4585
0
1 1216 3091
0
0
1 666 2517
1 1052 3141
0
1 1565 3043
6 914 3963 1041 822 1143 1674 1387 1516 1773 1849 1906 2023
1 1187 3184
2 696 256 1002 1220
0
1 681 1630
0
0
3 630 209 764 1200 926 4369
2 1096 2875 1301 1983
1 1379 4456
2 844 2481 1390 3337
2 995 1510 1469 3469
4 833 3343 964 70 1126 4911 1919 3351
0
1 1225 1964
1 1685 3308
1 1132 1002
1 1734 1012
1 1485 526
1 1199 406
1 1369 803
3 958 1670 1429 4471 1704 4118
1 1876 4577
2 834 4741 1027 1866
0
0
1 663 70
1 1337 4651
2 871 3159 998 1611
1 1095 3078
0
2 708 1643 1559 191
2 933 2695 1755 22
1 1364 2696
3 694 212 1103 529 1613 4460
1 687 662
3 656 1620 717 4351 1026 1768
1 1439 1625
0
0
1 1844 1913
1 1415 20
3 860 1678 1440 2530 1561 4898
1 776 960
2 884 1476 1033 2393
1 991 1317
1 1106 1285
0
0
1 1155 1637
2 716 3235 1231 2660
2 702 4155 744 2869
0
0
1 1039 2694
0
0
1 1539 1605
1 1061 630
2 692 2870 1062 4363
1 711 3686
1 1615 374
1 1413 1762
1 1654 2819
0
1 706 4945
1 1430 3416
0
0
2 1017 4154 1997 1622
0
1 941 2860
0
1 1128 4843
1 1644 3758
3 1702 159 1724 2997 1816 1021
1 1025 1998
4 1077 860 1617 1060 1696 2599 1980 3137
0
0
0
0
1 741 2804
1 835 1649
1 1072 2982
5 1021 2451 1147 322 1482 2143 1610 1828 1974 3204
2 785 1617 808 2569
1 1625 2775
1 753 2319
2 1732 928 1759 1037
1 935 4687
0
1 1601 4984
0
0
1 1290 4257
1 740 1670
1 1137 4750
0
1 1167 1394
0
0
1 1006 3421
0
1 1612 3374
1 1091 1691
1 1855 1384
1 937 2138
1 1414 4923
0
0
1 1181 343
0
2 767 4098 1672 3527
2 1035 1777 1887 1796
0
1 1363 2915
3 823 414 1083 2337 1703 2131
1 916 2672
0
1 1738 67
0
0
1 1438 4225
1 815 517
0
1 768 1747
0
2 798 3669 1341 4107
0
3 967 4836 1139 3705 1471 4923
0
2 938 2450 1758 4363
0
0
0
1 1169 624
1 1496 785
2 801 19 1582 435
0
1 1889 3358
1 973 2187
0
0
1 886 1273
0
0
0
0
2 831 3215 1938 110
0
1 950 1593
1 840 483
0
0
0
1 1151 1194
0
0
0
0
1 1235 3244
2 1283 1859 1567 1257
2 893 4656 1335 3459
2 986 4935 1160 1365
2 1165 739 1177 1076
0
0
0
0
1 910 2729
2 1315 4095 1662 1231
1 867 3754
1 1423 4666
0
3 1218 2052 1752 1439 1946 812
2 1486 420 1819 2831
1 795 113
1 1046 274
0
0
0
1 1180 3588
3 1059 4096 1511 4207 1814 1492
1 1345 2305
1 870 4365
0
1 1846 4720
0
1 1114 520
0
1 1109 2733
1 1689 3550
1 1171 4615
1 1804 3970
1 960 3746
1 1526 101
0
2 820 3730 1373 2536
1 936 3486
2 822 566 1089 4805
3 927 3478 1313 4050 1371 2179
3 1049 264 1086 136 1591 3903
0
0
2 837 3315 1417 2807
1 1633 3927
0
5 1010 282 1458 4548 1566 4096 1628 646 1670 722
0
1 1028 2390
0
1 957 938
0
1 872 445
0
3 905 4183 1050 154 1772 2420
2 1693 1085 1991 3869
1 1123 4075
0
5 1056 12 1124 1781 1149 2026 1208 1372 1250 785
1 1891 804
0
0
1 1468 596
0
3 1224 4010 1331 4235 1342 2200
2 1357 1334 1477 2524
0
1 1665 2593
2 1344 4158 1683 4781
2 1875 3120 1913 1995
1 1100 1539
0
0
1 1038 1166
0
2 1210 3591 1806 2690
0
2 1620 803 1923 954
0
0
1 1233 628
1 951 2260
0
0
1 1523 2441
1 1195 3716
0
2 956 2001 1401 53
0
0
3 1001 2094 1328 1258 1878 2555
0
2 1113 4626 1336 1452
1 1354 1099
1 1547 2830
1 1472 1807
0
1 1081 733
1 1042 969
0
0
0
1 1325 2388
3 1071 1228 1609 2760 1987 2374
3 979 3874 1259 4643 1829 3669
1 1087 339
0
0
0
0
1 1604 4468
2 1673 2661 1712 4176
0
1 1256 2447
1 1914 1186
1 1421 3718
0
1 1546 2699
0
0
1 1756 1621
2 1067 618 1220 3710
1 1395 4599
0
0
1 908 1129
2 1234 1801 1856 2265
2 1201 2259 1586 260
0
1 1393 4492
2 940 225 1078 1497
1 1287 1926
1 1404 3628
0
2 946 1995 1080 3220
1 1239 644
0
1 1498 3625
2 1385 4120 1466 2183
1 1144 4290
0
0
0
0
1 1230 2438
3 1054 4820 1520 4938 1827 1562
1 934 3669
2 965 3524 1766 566
1 930 3366
1 1849 2716
0
0
0
0
0
1 1058 1987
0
1 1277 2868
2 1456 770 1584 249
0
3 1018 886 1475 1080 1831 2134
0
1 961 4538
0
1 1954 690
1 1280 2108
3 1200 1410 1273 4776 1828 250
1 1356 1394
0
1 1276 418
1 1403 4845
0
0
1 1402 229
1 997 1513
0
1 1172 1373
1 1312 4499
0
0
1 1719 3006
3 1188 4533 1489 4153 1985 3047
0
1 1765 2982
1 1289 1056
1 1130 3537
2 1398 886 1747 1136
0
1 1934 4245
0
1 1107 2578
2 1531 2726 1869 3219
0
1 1272 735
2 1426 554 1780 2416
0
0
2 1019 1686 1163 317
0
1 1675 1233
1 1279 2661
1 1066 1174
1 1811 2824
1 1358 2653
0
0
4 1156 535 1258 4899 1597 2664 1790 1817
0
3 1104 25 1129 2372 1375 676
2 1294 4013 1509 97
0
2 1085 4120 1397 4305
0
0
0
0
0
0
1 1020 1132
2 1448 2997 1770 432
0
2 1434 766 1688 3761
0
0
2 1392 748 1977 417
0
0
0
1 1351 3645
0
0
1 1338 3604
1 1995 455
0
0
2 1494 3421 1791 843
1 1112 1068
2 1624 3863 1728 2908
1 1140 3404
0
1 1176 1189
1 1818 1081
4 1029 1015 1092 2945 1179 3804 1682 4975
0
1 1194 510
0
1 1292 4491
0
1 1064 1848
0
0
0
0
1 1365 1872
1 1384 3506
0
0
0
1 1739 1965
0
3 1360 4596 1488 3284 1535 4293
2 1174 269 1349 4346
2 1347 1512 1660 3225
0
0
1 1813 163
1 1407 4906
1 1121 2273
0
0
0
1 1568 1351
3 1105 2541 1614 2683 1981 4839
1 1265 4513
1 1116 2858
0
2 1446 1513 1904 1343
0
0
3 1391 882 1658 3477 1883 3552
0
0
0
2 1138 566 1962 3956
2 1166 3357 1416 2088
0
1 1209 1850
2 1135 1249 1640 3635
1 1319 2801
2 1340 2251 1377 158
0
0
0
1 1839 1219
1 1517 1025
3 1228 235 1254 4886 1750 2159
1 1787 12
0
1 1872 4745
1 1937 1099
0
1 1947 2696
1 1632 3747
1 1661 2252
1 1162 4522
0
2 1424 2374 1966 2080
0
2 1122 1206 1718 4863
0
0
3 1245 1026 1396 1265 1680 3223
1 1159 302
0
0
1 1306 2946
0
1 1478 3131
2 1178 4884 1307 3493
2 1146 605 1848 4368
0
1 1637 3760
3 1305 814 1730 2288 1753 2452
1 1150 3257
0
0
1 1215 305
1 1783 1632
0
1 1894 1381
0
2 1400 3206 1837 1161
1 1824 3984
1 1281 4297
1 1602 3008
1 1749 237
4 1802 2469 1815 5 1905 254 1968 42
0
3 1157 3856 1257 619 1698 117
0
0
2 1490 2591 1961 3020
1 1678 2107
0
0
0
1 1830 111
0
1 1522 1466
0
0
0
0
0
1 1405 4649
0
0
0
0
0
1 1543 3525
0
0
0
1 1655 1428
1 1554 1801
1 1882 3585
1 1784 453
0
0
0
0
0
0
0
0
0
0
0
0
1 1863 543
0
0
0
0
0
0
2 1175 4572 1203 4681
0
0
0
0
0
2 1382 2369 1642 3379
1 1941 4441
1 1917 4282
0
0
1 1450 615
2 1367 4461 1684 2911
0
1 1884 720
0
0
2 1267 466 1761 4075
0
2 1248 1575 1916 402
1 1794 2503
0
0
0
0
3 1232 4693 1558 2463 1841 1971
0
1 1580 379
0
0
1 1422 2987
1 1575 1730
0
0
1 1542 3328
0
2 1261 4927 1362 1464
0
1 1444 4197
0
0
1 1346 700
2 1241 1591 1623 2821
0
1 1255 274
0
0
0
0
1 1764 3009
1 1524 3719
0
2 1508 3121 1880 186
1 1671 479
0
0
3 1650 2375 1663 264 1677 3439
1 1361 2601
0
1 1380 3856
0
0
0
0
0
0
0
1 1649 113
0
2 1353 1064 1389 1614
1 1512 1735
0
0
0
1 1350 4884
0
1 1676 4729
1 1785 3070
0
0
0
0
0
0
1 1552 3010
0
0
0
3 1459 1763 1527 330 1638 4367
0
0
6 1284 1697 1381 2001 1394 3830 1553 4326 1873 791 1886 4513
1 1725 4455
0
0
0
0
1 1410 1945
0
0
0
0
0
2 1326 208 1866 3080
0
1 1647 4519
0
0
0
0
0
0
1 1589 3548
0
0
0
0
0
0
1 1545 3253
0
0
0
0
0
0
0
1 1519 1261
1 1298 2618
0
0
0
1 1454 1922
0
0
0
1 1800 3854
0
1 1493 4560
0
0
0
1 1788 3459
0
0
0
1 1497 2911
0
0
0
0
0
0
1 1874 872
1 1953 4049
2 1343 3845 1852 4116
0
0
0
1 1687 2879
0
0
0
0
0
1 1922 1530
1 1481 3531
0
1 2000 4403
0
1 1807 165
0
1 1900 968
0
0
0
0
0
0
0
0
0
0
1 1474 3321
0
0
0
0
0
0
0
0
0
1 1534 1267
1 1420 1468
0
1 1664 197
0
0
0
1 1890 1356
0
0
0
1 1428 3510
0
1 1808 936
0
0
0
0
0
0
1 1657 338
0
1 1789 3263
1 1506 2969
0
0
0
0
3 1699 1049 1822 916 1836 1592
0
0
0
2 1635 1155 1867 2784
0
0
0
0
0
0
1 1912 4204
1 1774 731
0
1 1996 3914
0
0
1 1782 1447
0
0
0
0
0
0
1 1925 3
0
0
0
0
2 1723 1574 1955 3883
0
0
1 1691 3302
0
0
0
0
0
2 1858 1237 1879 2308
1 1674 2712
0
0
0
0
0
0
0
0
0
1 1461 235
0
0
0
0
1 1500 342
1 1963 1029
0
0
1 1449 3447
0
0
0
0
0
1 1988 2249
0
0
0
0
0
1 1669 122
0
0
1 1952 1181
0
0
0
0
0
0
1 1651 1096
1 1853 1541
0
0
1 1618 849
0
1 1927 1524
0
1 1504 727
1 1842 2941
0
0
0
0
0
0
1 1574 28
0
0
0
0
0
0
0
0
0
1 1645 15
0
1 1911 2627
1 1679 1809
0
0
0
0
0
0
0
0
0
0
0
0
0
0
0
2 1576 4201 1716 534
1 1745 206
0
0
0
0
0
0
0
0
0
2 1921 679 1959 573
0
0
0
0
0
1 1950 3453
2 1757 631 1786 282
0
0
0
0
0
0
2 1598 3330 1622 4070
1 1668 4308
0
0
2 1737 2962 1778 4422
0
0
0
0
2 1726 3646 1729 91
0
1 1854 2322
0
0
1 1972 1270
0
0
0
0
0
1 1581 1719
0
1 1902 2139
0
1 1605 4950
0
0
1 1990 355
0
0
0
0
0
0
1 1666 4255
0
0
0
0
0
1 1600 1014
0
0
0
0
1 1860 3627
0
1 1762 853
1 1646 4695
0
1 1626 1482
0
0
0
0
0
0
0
1 1957 2324
0
0
0
0
0
0
0
0
0
0
0
0
0
0
0
0
0
1 1862 749
2 1616 1398 1643 745
0
1 1982 2905
1 1769 3271
0
0
0
1 1833 4063
0
1 1907 2429
0
0
0
0
0
0
0
1 1979 2179
1 1714 1232
0
0
0
1 1935 2008
0
0
0
0
1 1949 2752
0
1 1929 4814
0
0
0
0
0
0
0
1 1708 436
0
1 1715 4220
0
0
0
0
0
1 1983 3099
0
0
0
0
0
1 1825 4078
0
0
0
0
0
0
0
0
1 1933 2427
0
1 1992 2348
0
0
2 1969 3213 1978 4757
0
0
0
0
0
0
0
0
1 1924 1732
0
0
0
0
0
0
0
0
0
0
0
0
0
0
0
0
1 1799 4849
0
0
0
1 1998 4231
0
0
0
0
0
0
0
0
0
0
0
0
0
0
1 1741 4131
0
0
0
0
0
1 1967 3339
0
0
0
0
0
0
0
1 1743 718
0
0
0
0
0
0
0
0
0
0
0
1 1939 2453
0
0
0
0
0
0
0
0
0
0
0
1 1795 2159
0
1 1936 2336
1 1945 4283
0
0
0
0
0
1 1851 327
0
0
0
0
0
0
0
0
0
1 1797 2013
0
0
0
1 1958 216
0
0
0
1 1805 4700
0
0
0
0
0
0
1 1870 3113
0
0
0
0
0
0
0
0
0
0
0
0
0
0
0
0
0
0
0
0
0
0
0
0
0
0
0
0
0
0
0
0
0
0
0
1 1834 1849
0
0
0
0
0
0
0
0
0
0
0
0
0
0
0
0
0
0
0
1 1965 2623
0
0
0
0
0
0
0
0
1 1888 4652
0
0
0
0
0
0
0
0
0
0
0
0
0
0
0
0
0
0
0
0
0
0
0
0
0
0
0
0
0
0
0
0
0
0
0
0
0
0
0
0
0
0
0
0
0
0
0
0
0
0
0
0
0
0
0
0
0
0
0
0
0
0
0
0
0
1 1973 4136
0
0
0
0
0
0
1 1948 467
0
0
0
0
0
0
0
0
0
1 1976 893
0
0
0
0
0
0
0
0
3524 3926 2220 5145 5513 5520 3975 620 4733 3774 1411 72 2812 5898 992 2520 5345 3045 3360 4585 314 2006 41 5450 4042 3332 1640 912 4685 5831 2600 4813 2657 1305 4771 3442 580 3491 696 4914 488 1669 5181 2793 286 2902 1447 3964 1442 