500 49
7 2 81 3 106 10 837 54 1185 101 3930 247 4143 423 4112
3 4 1535 9 3888 57 4701
5 6 3836 7 3501 25 4211 52 3824 259 182
4 5 3927 87 996 257 4997 268 2238
7 8 4485 15 411 63 1302 85 602 102 4146 167 2479 300 3330
6 14 3606 35 1757 41 3200 100 4521 203 75 273 867
3 26 650 126 3182 178 4373
6 12 4044 13 179 17 4950 37 3434 95 4461 109 4071
3 36 2080 43 1416 72 4759
5 11 1137 22 1365 33 2238 78 4085 345 1893
3 137 2874 229 1877 396 1987
4 18 2092 19 2644 39 592 111 4325
4 46 2599 155 1435 281 2402 416 4190
4 34 1504 44 3666 190 3863 240 1643
6 16 4389 21 1750 24 2686 92 2223 176 2510 455 2372
3 20 4925 32 3136 127 2026
1 51 4576
1 276 2902
2 60 457 394 636
1 31 556
3 23 4905 29 553 312 2108
3 42 198 81 4905 83 1460
1 45 4307
6 27 3573 103 3243 123 1177 189 4271 272 4645 340 620
7 40 4772 47 128 242 3704 278 4939 321 2261 409 3490 494 1264
3 38 3671 69 3616 441 3820
4 28 378 71 1570 99 1174 186 1704
1 110 133
1 30 3190
2 96 3564 231 389
2 364 564 456 1191
2 275 3659 299 9
5 50 1128 90 4177 94 1368 339 4322 356 490
3 48 3083 49 3237 246 4007
2 86 455 144 1733
3 59 3423 97 3042 417 4852
0
2 153 4774 177 961
2 88 2497 112 1284
8 188 4073 201 2257 220 741 255 4496 292 2208 330 3105 333 1107 437 3566
2 53 489 219 2649
3 250 1185 269 422 353 1568
2 113 1251 117 3547
1 448 625
4 56 4790 66 775 91 3135 122 282
3 64 2105 175 1560 373 2902
6 61 1537 70 3684 149 127 182 4020 354 1118 359 4536
1 124 1895
1 225 537
3 55 3779 105 642 125 2240
0
1 129 1409
4 119 1277 139 911 241 3208 433 4425
3 58 4868 98 1318 114 4111
2 108 3715 174 1881
3 93 669 132 2089 237 3564
3 65 2664 75 687 450 4345
2 80 1020 82 1398
2 62 3692 74 3652
3 143 4405 226 4668 361 1033
0
1 67 4932
5 121 1735 199 2533 204 2857 482 3967 497 164
1 68 3124
2 73 1748 365 3263
0
2 76 464 282 3298
2 130 912 382 2211
1 207 4899
1 77 903
2 301 4973 305 4949
5 84 2938 120 486 210 2285 444 4685 485 3786
3 79 2022 223 1356 451 1270
1 168 1447
4 89 541 230 924 249 696 256 2084
1 334 1800
0
6 104 1116 135 4022 142 4667 184 2921 192 1994 447 2529
1 213 3512
3 106 568 131 766 254 85
5 147 745 161 3622 244 138 420 2289 454 1425
3 350 942 360 4599 381 4997
1 393 3085
3 173 2804 197 441 303 1231
1 146 4758
4 262 4186 323 4597 407 2415 477 4928
3 134 2672 171 1577 211 3092
0
1 253 163
1 152 2292
3 151 4582 165 878 415 32
2 261 3827 449 1666
0
2 443 4381 473 70
2 140 303 260 4385
0
3 196 833 218 4365 337 1874
2 169 3445 198 2068
3 251 3018 386 3897 427 3347
1 271 4150
2 358 1589 395 3660
3 107 551 141 903 148 448
1 403 3749
2 145 987 162 2634
2 115 177 216 1543
2 159 2052 202 992
0
2 164 2449 414 145
3 136 2622 263 2346 470 3246
1 118 1123
4 116 754 128 539 156 4982 311 624
0
0
0
0
2 181 2604 187 933
2 232 2172 352 3701
2 214 4849 293 4923
3 179 1048 194 3857 236 3217
0
1 163 672
2 274 154 495 1669
1 235 4961
5 215 4326 270 1640 351 3246 402 4413 483 3456
1 475 177
0
2 157 1929 367 1748
1 150 460
0
0
4 133 2872 287 1230 421 276 500 339
1 378 4532
3 227 3400 296 64 439 4004
1 154 2975
1 362 2236
2 138 3199 295 1944
0
1 404 4286
1 493 240
2 315 295 369 678
3 180 2001 326 1782 422 3985
2 170 122 183 1452
2 195 1472 239 711
3 158 1338 191 2541 243 2086
0
0
1 166 2611
1 304 938
2 224 1111 371 4631
1 431 1458
0
1 452 2312
2 160 478 434 1596
4 206 4825 285 1834 411 1779 426 1347
3 172 2870 368 1454 375 1666
2 248 1018 390 3331
1 209 4954
1 342 1259
0
1 310 1954
0
1 193 958
0
1 289 2838
0
0
1 185 254
2 212 3271 245 972
2 335 1966 471 2427
0
1 336 3733
0
0
1 474 1768
2 418 460 457 1408
1 264 2085
1 389 1094
0
0
1 468 1734
0
1 372 3972
0
1 238 1472
0
2 200 3901 376 1044
0
0
1 480 1668
1 424 1931
0
2 319 2396 430 2709
1 327 451
1 322 603
0
1 217 1604
0
0
4 309 1554 325 1024 392 1955 478 1862
0
6 221 2187 302 3451 344 2028 384 1103 391 4657 408 1999
1 205 1869
0
1 347 1113
1 252 2427
1 208 3222
0
1 405 139
0
0
0
1 222 1260
0
1 490 501
1 496 2689
0
0
0
2 277 4162 436 381
1 314 3102
2 228 2952 233 2533
1 280 3725
1 258 3136
0
0
0
0
0
2 234 3498 459 330
0
1 461 4661
2 265 606 291 1444
1 387 1137
0
0
0
0
1 307 88
1 366 1649
0
0
0
0
3 329 3903 343 743 488 4275
1 379 3163
0
1 266 1653
1 267 2438
1 410 3528
2 313 304 332 4084
1 279 223
0
0
2 288 817 298 1097
1 284 1023
1 355 2867
1 357 2011
0
0
2 294 643 338 4880
2 286 2718 462 376
1 413 2360
0
0
0
2 308 3211 328 1685
0
0
1 346 274
1 290 3749
0
1 331 2607
0
1 435 4530
2 297 3837 467 4299
0
1 283 4926
0
0
1 348 637
1 306 2380
1 317 1601
0
0
0
0
0
0
1 385 512
0
1 380 1645
0
0
0
2 316 4359 324 770
1 383 930
0
0
0
1 318 3951
0
2 388 4123 489 4235
0
0
0
1 320 3476
0
1 492 3390
0
1 399 875
0
0
0
0
0
0
0
0
0
1 401 401
1 469 3980
1 440 652
0
1 370 1542
0
1 341 2592
0
2 432 2133 486 3488
0
1 460 3760
0
1 377 198
0
1 397 4716
0
0
1 374 1593
0
1 465 2589
1 491 25
0
1 349 757
0
0
0
1 363 4674
0
0
0
0
1 464 451
1 438 2630
1 425 4264
1 487 1118
0
1 398 4464
0
0
0
2 476 1652 499 1178
0
0
0
1 406 4637
1 419 3148
1 412 728
0
1 400 82
0
0
1 429 3360
0
0
0
0
0
0
0
1 428 4008
0
0
0
0
0
0
2 466 1283 481 2265
1 453 3834
0
0
0
0
0
0
0
0
0
0
0
1 479 1551
0
0
0
1 463 1129
1 446 1213
0
0
1 498 1023
1 484 1531
0
1 472 3963
0
0
0
0
0
1 442 952
0
0
0
0
0
0
0
0
0
0
0
0
1 445 4617
0
0
0
0
0
0
0
0
0
0
0
0
0
0
0
0
0
1 458 3220
0
0
0
0
3367 2868 4640 5565 2325 1362 778 1111 2270 1636 85 4714 3329 5351 4568 4825 4822 2181 3176 4461 1566 4121 2658 4493 2602 2884 227 1821 123 496 3424 3828 2682 3108 4772 4866 458 4887 36 3202 2027 3416 1065 4204 3072 2829 3694 3278 2434 