75 368000
5951 0
4705 1
1767 2
6335 3
6739 4
284 5
3141 6
2285 4
6450 8
5864 9
1336 9
5033 8
2511 12
2655 12
7333 1
6010 15
8228 16
6029 17
5186 18
3922 19
8995 19
8085 15
9717 22
8551 23
5312 24
3929 25
3103 22
4447 27
4049 28
864 29
6589 29
1363 0
9627 32
4875 33
3630 34
7964 35
1653 36
1203 37
2595 37
5320 36
8956 40
148 40
6942 33
6116 43
4972 44
8650 45
5577 46
4541 46
9375 44
511 49
6456 50
3699 50
763 49
8678 53
4799 32
6256 55
3107 56
460 57
8214 58
3185 59
9824 59
374 58
219 62
5715 55
2476 64
9830 65
5858 66
3275 67
284 66
4697 69
4303 65
1043 71
8895 72
9642 71
6912 74
