213 1
-2 0
-9 1
0 2
-2 3
1 4
4 5
-4 6
4 7
1 8
-10 9
-4 9
-9 7
3 12
-5 13
-2 3
-3 15
-3 16
-3 17
2 18
3 19
1 20
-3 20
1 19
-5 23
-8 17
-4 25
1 26
-5 27
3 15
-6 29
0 30
-5 31
2 32
-4 33
4 32
-10 35
-3 35
-6 31
-6 38
0 39
-5 39
-6 38
-1 42
0 42
-5 1
2 45
-6 46
-9 47
2 48
-6 49
-10 50
-5 51
-5 52
-2 51
-5 54
4 54
2 50
-2 57
-6 58
-2 58
-1 57
-8 61
-5 49
-6 63
-5 64
1 65
-5 65
1 47
-4 68
-7 69
-6 70
-9 71
0 72
-4 72
-10 70
-1 75
-8 76
-10 68
-9 78
1 79
-7 80
-2 81
-3 80
-6 83
-4 46
-6 85
0 86
4 87
0 88
-8 89
-6 90
4 90
-2 88
-6 93
2 94
-10 86
0 96
-6 97
-9 98
-7 99
-4 99
-2 98
-7 102
-3 102
-8 96
-10 105
-5 106
-3 107
0 106
-6 109
3 109
-5 45
-10 112
-1 113
-6 114
-10 115
-10 116
-8 117
-6 118
-8 118
-3 116
-1 121
-7 122
-4 121
-2 124
-4 124
3 113
-10 127
-2 128
-6 129
-9 130
1 131
-10 131
-6 130
-1 134
1 129
-7 136
-5 137
-1 137
-2 127
-8 140
3 141
-8 142
-4 143
-9 143
1 140
-7 146
-2 147
-4 148
-8 147
-8 150
4 150
3 112
-6 153
-3 154
-3 155
-9 156
3 157
-8 158
-4 157
-2 160
0 154
1 162
-5 163
3 164
-7 165
0 165
-4 162
3 168
-9 169
-9 170
0 170
-7 169
-10 173
-10 153
4 175
2 176
0 177
-6 178
1 179
1 177
1 181
-4 182
0 182
-1 176
-5 185
0 186
1 187
2 186
-8 189
-2 175
1 191
0 192
-8 193
1 194
-2 194
2 192
3 197
-2 198
-8 197
2 200
2 200
0 191
-4 203
0 204
-4 205
-8 205
4 203
-9 208
-8 209
-3 209
-2 208
-10 212
