127 54
-2 0
-1 1
-2 2
-1 3
1 4
2 5
2 6
2 7
-1 8
0 8
-2 5
-2 11
0 12
-2 13
1 13
-3 4
0 16
-1 17
0 18
0 19
1 16
-1 21
-2 22
2 23
-2 23
-3 22
1 26
1 21
1 28
2 29
2 29
1 3
-2 32
-2 33
0 34
-3 35
0 36
2 34
-1 38
2 39
-2 39
-2 38
0 42
-1 33
-1 44
0 45
-3 46
0 46
-2 2
-3 49
-1 50
-3 51
-3 52
1 53
-1 54
1 54
0 53
-2 57
2 57
-1 0
0 60
2 61
-1 62
-2 63
-1 64
-1 65
-2 66
-2 67
1 66
-2 69
-1 62
1 71
2 72
-1 73
-1 74
-1 75
1 75
1 73
-1 78
0 79
2 72
-1 81
2 82
-1 83
-1 83
-1 82
-1 86
-1 86
1 81
-2 89
-2 90
2 90
-2 60
1 93
0 94
0 95
0 96
0 97
1 98
0 99
0 99
-3 98
-3 102
-3 97
-3 104
1 105
1 104
-3 107
1 96
-1 109
-3 110
-1 111
1 110
1 113
2 109
-1 115
0 116
-1 95
-3 118
2 119
-3 120
-2 121
-3 120
-1 123
-3 119
-1 125
1 126
