395 1
-1 0
-2 1
2 1
-2 1
0 1
-1 1
-1 1
-1 1
-2 1
-2 1
0 0
1 11
-1 11
-2 11
-2 11
2 11
-2 11
1 11
1 11
-3 11
-1 11
0 11
-2 11
1 11
1 11
-1 11
0 11
1 11
0 11
2 11
-2 11
0 11
2 11
2 11
1 0
2 35
-2 35
2 35
-1 35
1 35
-1 35
-3 35
1 35
1 35
-2 35
-1 35
0 35
1 35
1 35
-3 35
0 35
-3 35
2 35
1 35
1 0
1 55
0 55
0 55
0 55
-1 55
2 55
2 55
2 55
-1 55
0 55
1 55
0 55
-1 55
-3 55
0 0
0 70
2 70
-2 70
2 70
-1 70
-2 70
-3 70
-2 70
-1 70
-2 70
-1 70
0 70
1 70
1 70
2 70
1 70
-3 70
2 70
-2 70
1 70
-2 70
-1 0
2 92
2 92
1 92
1 92
-1 92
-1 92
0 92
-2 92
0 92
-1 92
-3 92
-1 92
-1 92
0 0
-2 106
1 106
-1 106
2 106
-3 106
-1 106
0 0
0 113
0 113
2 113
1 113
-3 113
2 0
2 119
-1 119
0 119
0 119
1 119
1 119
-1 119
-3 119
-1 119
1 0
2 129
0 129
-2 129
-3 129
1 129
2 129
1 129
0 129
-3 129
2 129
-2 129
-1 129
0 129
-3 129
2 129
-2 129
1 129
-1 129
0 129
-1 129
-1 129
2 129
1 129
0 129
-1 129
0 129
-3 0
-2 156
-2 156
-3 156
-2 156
-2 156
-2 156
-2 156
-2 156
0 156
2 156
2 156
-3 156
2 156
-1 156
1 156
1 156
1 156
-1 156
2 156
-1 156
2 156
1 156
1 156
1 156
0 0
-2 181
1 181
-2 181
1 181
2 181
-2 181
-2 181
-3 181
-1 181
0 181
0 181
-2 181
2 181
0 181
1 181
1 181
-3 0
1 198
0 198
1 198
2 198
-2 198
-2 198
1 198
1 198
1 198
-2 198
-2 198
-2 198
2 198
-3 198
2 198
-3 198
2 198
-3 198
-2 0
1 217
-2 217
0 0
1 220
-1 220
0 0
-2 223
0 223
-2 223
-3 223
1 223
0 223
1 223
-1 223
2 223
-1 223
-2 223
2 223
-1 223
2 223
-1 0
0 238
-1 238
1 238
1 238
0 238
-1 238
-2 238
-3 238
2 238
-2 0
1 248
1 248
-2 248
1 248
2 248
0 248
1 248
-2 248
-2 248
1 248
2 248
2 248
-1 248
0 248
0 248
0 248
-2 248
1 248
1 248
-2 248
-3 0
1 269
-3 269
1 269
1 269
2 269
1 269
0 269
0 269
-3 269
0 269
-3 269
-3 269
-3 269
-1 269
2 269
-2 269
-2 0
2 286
1 286
-1 286
0 286
-2 286
-3 286
-1 286
-2 286
0 286
-3 286
2 286
1 286
0 286
0 286
1 286
-2 286
-3 286
-2 286
2 286
-3 286
-2 0
0 307
-3 307
-2 307
-3 307
-3 307
-3 307
-1 307
0 0
-3 315
2 315
-2 315
-2 315
-1 315
-1 315
1 315
-2 315
-3 315
-2 315
0 315
1 315
-2 315
-3 315
0 315
1 0
2 331
-3 331
-3 331
-1 331
-1 331
-2 331
2 331
2 331
-1 331
-2 331
-2 331
-1 331
-3 331
-1 0
2 345
0 345
1 345
1 0
2 349
-3 349
0 349
-2 349
-1 349
-3 349
-1 349
-2 349
0 349
0 349
-2 349
0 349
2 349
-2 349
2 349
1 349
2 349
-1 349
-1 349
1 0
0 369
-3 369
1 0
-2 372
-2 372
-2 372
2 372
1 372
0 372
-1 372
1 372
0 372
1 372
1 372
1 372
0 372
1 372
1 372
2 372
-1 372
-2 372
2 372
-1 372
-2 372
-1 372
2 372
