291 740000
-9903 0
-8658 1
5592 2
5040 3
898 4
-3050 5
9795 6
8697 6
-832 6
4262 4
2844 10
7901 11
8037 11
-3601 11
-311 10
-4731 15
8768 15
-7512 15
-8296 10
269 19
-9278 2
8886 21
-5921 22
-6127 23
-8692 24
-6029 24
-4008 24
7444 22
-4111 28
3608 29
-6152 29
7942 29
-832 28
2508 33
8699 28
-550 35
8765 22
-1473 37
4429 38
1662 21
8648 40
3409 41
3149 42
6513 42
-1500 42
-503 41
-8926 46
-3993 46
-1994 46
1915 40
5756 50
-6883 51
7605 51
-5585 51
2914 40
-3522 55
610 56
4280 56
2372 56
-1022 21
2561 60
9451 61
-3077 62
-7796 60
-3221 64
3166 65
-1112 65
-6512 64
-6481 68
-4682 68
7916 64
-7264 71
2817 71
4482 2
-6618 74
-7691 75
6700 76
-6879 77
5632 77
-508 76
4459 80
2524 80
2802 80
-570 76
-9321 84
3436 84
6669 84
-105 74
3722 88
-9022 89
-3976 90
4353 90
7584 74
8367 93
7180 94
2003 95
-437 93
9595 97
2852 98
-5347 98
-5164 98
-5937 97
-4203 102
5265 102
2082 102
-9949 0
9702 106
937 107
9225 108
2497 109
-1998 110
7213 111
392 110
-5037 113
-9629 113
-4127 113
-7250 110
4108 117
-6996 109
6085 119
1524 120
-634 120
-6047 120
8542 119
9635 124
6755 119
-3628 126
2046 126
1251 126
9802 108
6954 130
7242 131
5510 132
249 108
2704 134
8017 135
250 136
-8122 106
-8034 138
1814 139
-5307 140
-3034 141
-3932 142
7897 141
-1660 144
9301 144
761 141
-9459 147
-3707 147
7640 147
-8788 140
-6893 151
-7296 152
8526 152
-8785 152
7014 140
-6464 156
7979 157
6746 157
2023 156
-1262 160
3707 156
-1863 162
-6579 162
-83 139
8127 165
-51 166
-6617 167
3612 167
-4380 165
-9743 170
7138 171
4115 171
1094 171
431 170
3428 175
-4796 175
6856 170
-1774 178
-1746 178
-8841 165
-4646 181
-1859 182
-3587 182
-8279 181
-1998 185
-640 139
4857 187
8532 188
2102 189
7240 189
4243 189
-3100 188
-5261 193
-7736 187
-6312 195
-9824 196
7573 195
4161 198
-8166 138
1867 200
1138 201
-3029 202
4355 203
2516 202
-3329 205
-2467 201
-6929 207
1179 208
-4233 208
-6409 208
9628 207
-7815 212
-8855 212
-962 212
7650 201
1757 216
3142 217
-521 217
4433 216
7285 220
-3206 220
-5375 220
8437 216
1815 224
1746 106
2535 226
-8758 227
3769 228
493 229
-1118 230
2049 230
9379 229
-7095 233
2062 229
8137 235
-5494 227
-7687 237
617 238
8432 239
3248 238
9383 241
-5464 241
-6089 241
7022 227
-1814 245
6663 246
-1034 247
-1214 247
623 247
-6664 246
4847 251
-8813 251
9498 246
-7664 254
9530 245
9422 256
-8231 257
-8778 226
-279 259
-9693 260
-7460 261
-2521 262
-7786 260
-4401 264
-2114 265
-8369 260
-6039 267
2346 268
3993 268
7232 267
7250 271
-2210 271
-5455 271
1258 226
-2664 275
5924 276
-677 277
-9669 278
-8812 277
971 280
2821 280
3203 280
-6495 277
3890 284
2390 284
-2352 284
-698 276
9674 288
346 289
8520 289
