77
197 95
46 122
31 181
199 138
161 18
137 90
100 59
126 169
197 102
28 167
73 103
196 11
139 11
22 200
60 139
170 161
194 75
162 82
140 171
70 153
197 182
80 124
39 74
57 124
187 159
36 11
86 187
106 91
125 125
197 95
76 168
9 166
67 67
71 44
195 15
180 59
200 80
1 59
31 39
181 125
73 175
200 46
96 15
81 18
194 168
67 63
132 16
11 36
25 86
181 81
147 79
47 192
193 15
6 157
154 68
160 59
48 160
10 183
136 77
51 160
138 86
168 55
100 67
129 139
180 5
132 176
5 35
41 17
137 77
30 92
144 47
3 142
80 80
89 46
158 91
158 78
52 77
