200
158 131
198 20
57 169
167 6
68 5
22 63
101 42
5 139
66 188
55 105
123 1
21 134
113 3
46 18
119 189
98 3
192 76
193 105
162 16
63 186
49 59
156 54
158 154
33 181
81 1
44 104
45 27
48 198
179 34
23 128
34 84
146 183
14 39
26 20
198 102
183 56
155 85
89 173
45 49
6 37
151 124
115 89
159 87
94 5
55 80
67 146
167 183
22 108
151 84
33 173
39 11
158 193
66 10
198 36
50 90
27 169
69 132
180 109
193 102
127 27
100 30
52 48
79 31
182 90
91 34
133 53
37 134
59 38
94 115
84 75
38 3
169 106
122 162
38 194
187 167
51 72
106 196
168 154
73 179
20 9
187 1
40 66
118 104
159 29
8 143
161 3
152 60
80 177
159 5
42 26
158 19
105 12
121 145
160 137
165 52
167 137
118 26
144 166
156 192
98 72
7 23
69 114
16 142
104 37
154 78
96 163
169 66
34 87
162 37
59 115
51 17
118 154
124 69
198 23
135 78
92 5
83 10
98 121
95 1
193 45
181 21
192 55
61 27
54 65
100 57
115 193
4 179
10 164
174 113
65 23
85 20
52 198
93 17
127 152
68 164
34 195
72 65
74 124
17 190
13 50
71 13
166 156
39 185
83 175
131 71
171 100
48 8
67 154
20 147
83 48
191 64
117 6
121 130
173 116
101 157
199 10
140 168
101 2
53 156
8 59
187 175
154 72
175 114
90 104
72 193
151 167
33 108
168 133
82 129
75 86
89 197
68 146
98 179
64 149
52 156
3 89
95 16
143 170
131 179
79 18
26 107
35 119
105 81
84 66
42 166
82 9
166 192
179 24
97 158
119 195
55 184
42 199
102 106
18 178
91 19
162 95
113 128
190 190
31 102
64 156
