199
100 118
49 99
150 47
76 125
60 95
46 55
52 191
189 75
101 20
61 182
136 107
130 11
46 159
79 88
83 154
87 199
188 88
91 121
5 162
123 38
54 177
104 55
103 112
97 63
137 7
116 167
175 198
8 2
85 87
64 41
71 112
187 167
110 191
146 71
127 174
185 197
84 193
57 98
110 149
93 148
35 100
148 197
109 158
199 155
100 18
52 104
173 125
82 187
114 42
189 167
28 12
36 130
86 40
161 96
4 21
33 129
179 32
85 72
11 195
120 38
187 151
66 23
132 10
85 187
193 162
70 55
44 59
141 13
76 53
112 57
6 73
85 126
170 149
23 89
152 7
147 3
83 159
4 141
20 7
27 175
17 183
3 185
176 124
148 70
151 177
38 126
174 41
8 171
183 99
34 78
28 111
136 50
138 89
96 66
5 180
62 175
101 104
109 100
87 38
193 77
46 195
138 45
19 116
84 80
107 106
85 200
64 54
103 60
115 30
174 5
48 47
28 195
138 38
44 48
65 26
131 91
81 100
117 120
150 83
39 85
36 33
153 120
115 1
143 63
51 109
48 168
4 91
14 123
34 136
167 5
127 168
171 14
17 124
80 157
5 13
194 98
20 152
182 60
62 147
177 173
164 31
189 58
194 110
132 63
4 191
8 115
88 167
9 104
93 106
168 62
50 139
53 15
11 176
20 150
47 42
109 20
85 3
140 115
161 1
14 71
9 66
165 18
52 152
61 95
61 159
96 73
77 116
39 149
175 57
83 180
144 22
131 14
119 10
182 76
81 11
43 148
55 170
7 90
124 106
159 109
18 170
79 160
109 89
98 26
26 122
58 40
17 56
155 81
184 44
67 75
122 116
157 12
193 14
174 171
31 142
159 144
3 36
132 58
194 162
