155
189 160
160 157
30 64
189 51
72 170
18 132
146 84
8 61
53 174
1 13
12 37
16 196
138 158
55 187
177 190
121 44
88 151
41 36
20 118
3 29
3 195
74 185
117 113
9 179
35 62
5 128
101 37
138 175
70 154
86 133
27 198
3 108
124 172
41 21
82 194
3 91
122 44
161 34
8 77
174 104
88 160
131 3
112 95
59 99
138 145
176 9
105 105
78 136
74 60
63 178
110 12
191 78
132 35
56 129
156 9
129 27
129 186
186 132
142 42
116 199
173 51
127 45
100 168
19 189
138 26
186 130
72 179
134 78
58 89
152 182
32 126
161 181
72 37
164 173
199 63
107 115
64 95
121 35
140 131
64 141
139 13
180 198
177 56
200 153
188 198
55 31
21 129
22 13
53 41
104 174
26 62
65 136
59 71
24 131
160 58
182 111
157 36
92 29
176 59
21 177
25 90
55 78
10 77
168 179
31 198
30 181
80 63
191 189
93 73
114 179
137 164
78 59
1 112
18 199
127 20
61 173
138 197
23 19
96 145
15 16
191 43
46 100
121 42
147 186
126 102
25 93
86 19
118 130
31 97
38 13
59 26
184 38
182 150
46 108
119 60
83 2
173 50
72 34
148 62
31 48
143 126
132 40
168 77
136 75
134 79
48 101
111 151
54 114
70 22
62 99
86 175
52 132
144 193
44 80
105 109
