200
54 137
157 180
111 198
80 31
140 60
110 168
26 152
113 155
148 88
169 166
117 65
82 196
63 41
30 67
121 175
4 5
62 138
144 197
156 128
150 144
146 1
49 54
86 74
169 72
85 182
125 173
180 26
68 64
111 23
18 188
200 54
25 107
50 79
166 195
150 35
198 154
6 99
105 195
96 168
62 81
126 68
15 52
100 152
109 130
33 128
191 167
65 28
8 184
185 104
87 93
29 79
2 109
40 11
133 190
74 24
24 157
30 114
111 11
100 155
46 121
124 154
28 77
69 25
31 109
157 69
49 51
33 155
2 50
119 113
69 184
170 67
111 165
14 200
30 163
37 148
118 22
34 14
50 61
131 165
1 42
140 78
174 6
106 25
164 9
36 126
122 57
41 154
148 96
46 190
131 99
7 73
22 176
97 173
160 72
13 72
51 102
127 188
29 198
23 184
18 137
103 152
51 32
15 139
14 31
46 164
118 12
138 140
84 184
2 141
134 38
137 2
79 65
133 101
191 11
137 121
188 147
184 81
88 6
52 144
54 9
54 115
112 6
166 155
194 166
125 16
132 190
104 139
108 100
128 2
114 132
64 162
192 174
199 79
82 50
183 56
170 159
165 121
136 56
194 128
200 105
57 4
155 104
146 139
90 31
94 196
136 193
196 196
112 11
116 68
56 141
146 58
132 33
92 7
134 115
127 98
44 105
184 35
82 29
199 18
106 137
176 97
33 99
21 111
188 41
62 111
178 198
11 104
132 142
3 182
154 6
78 169
136 95
104 180
105 53
38 129
99 59
198 139
196 194
2 131
122 73
46 192
97 14
19 9
160 86
50 4
93 162
125 77
107 195
138 199
161 71
105 118
69 124
40 136
25 197
37 41
148 3
100 174
4 157
50 157
34 91
