100
3 111
58 139
97 18
130 100
189 40
158 151
127 81
81 58
19 120
179 121
142 44
101 149
97 121
96 39
81 168
150 197
117 194
140 28
10 50
37 80
157 35
178 55
175 191
161 4
133 27
36 99
40 199
188 104
153 98
69 13
106 141
107 43
74 151
5 97
175 9
170 67
64 179
41 45
59 199
5 136
93 187
49 35
200 61
184 30
122 171
128 83
76 112
128 111
79 22
167 47
38 112
159 14
112 70
27 142
180 87
36 109
19 50
154 170
104 110
1 112
163 27
58 26
142 184
36 135
127 95
154 57
80 37
198 32
51 54
126 149
74 9
143 35
78 143
200 120
134 26
112 53
155 140
121 34
161 21
47 142
65 106
100 45
189 34
142 91
155 194
76 71
85 147
141 52
96 146
145 4
180 57
20 86
163 61
96 130
158 160
177 178
92 143
23 35
52 46
72 180
