4000
-67
-114
-17
0
33
-12
72
-110
-49
-8
82
121
82
9
-118
-57
-65
-3
68
24
-108
97
-89
-128
-26
14
-7
-62
-68
-3
29
-61
-74
93
89
62
-14
-30
93
-72
47
95
-127
-73
51
-105
79
47
107
81
65
61
-46
-86
-53
23
19
-81
-100
68
-14
43
34
8
-24
-66
76
35
13
47
-109
-69
60
3
59
-106
113
79
-42
-116
117
-54
11
60
-66
38
-107
-1
-112
-95
-114
26
105
-41
-18
56
-100
-38
79
23
60
-124
-13
-127
59
12
7
126
-45
-40
41
-56
37
-110
41
127
33
126
12
30
-91
11
87
-82
-23
-88
-118
57
26
-40
-22
-126
69
-119
-125
-13
119
-94
110
-41
35
-37
80
-55
-61
-47
35
108
-62
90
57
93
-102
21
125
102
58
70
-3
-11
-86
-31
-91
-52
-15
-27
77
-7
55
-21
-9
9
39
-1
81
121
-105
-82
-126
109
107
96
34
-92
-74
-23
-118
-84
35
90
79
82
-108
29
9
93
8
65
89
124
-62
18
42
124
-88
-19
54
-66
-23
82
-52
-23
-30
59
-47
-36
67
-84
6
-25
109
-116
-120
58
31
-77
-99
-99
82
68
-83
98
97
61
-113
-104
109
76
7
-126
0
-27
-116
72
-16
-111
78
-21
-121
-119
119
126
-32
-125
-79
-108
-108
-52
-23
-11
-105
-105
83
-107
92
-107
-81
-58
64
-59
-54
-84
37
-114
71
-15
93
11
-97
-69
-53
-90
103
-37
68
-24
-46
72
59
-113
118
-53
-98
-31
83
-5
-5
65
17
108
-25
0
-119
36
-96
117
-121
78
-15
80
-50
51
86
43
93
101
97
98
-15
61
92
37
-53
-120
48
-53
-77
126
-122
105
61
-12
43
-92
75
-46
-71
-61
-45
-58
116
9
-29
58
114
65
-30
-124
-1
-102
24
93
63
-75
113
-107
21
-3
125
5
68
55
-68
-60
-44
89
25
-98
-72
-96
-76
-63
-83
-35
-28
-70
101
16
125
-96
-27
55
78
-113
44
104
-18
88
21
30
-71
119
126
-47
21
70
-86
-55
-6
112
-28
51
-79
-89
101
117
-37
-102
120
-65
-74
33
-36
-30
-100
-69
106
102
-52
59
-9
-42
109
-66
124
95
-48
-32
117
-102
-10
48
-122
-91
82
-31
100
120
-49
-62
-13
118
21
112
-84
67
8
-55
66
-42
-110
-91
-123
-49
-93
-63
-122
10
118
-4
-4
116
21
-58
-26
29
31
-43
114
-113
-55
25
30
95
35
-13
29
1
-99
-94
-4
-32
-55
-2
-123
-82
98
104
-28
-7
-114
1
8
0
96
26
76
-60
-95
-20
87
98
-48
-119
64
-97
103
19
-10
-59
96
44
-32
-82
-8
-83
-64
30
-77
-101
-35
86
-96
87
97
-27
-34
20
0
-62
95
-114
-38
-104
-20
-6
-93
97
105
56
1
54
91
80
53
101
-89
28
-2
-59
-100
66
-70
70
52
102
-49
-52
-105
-99
73
62
-31
36
-59
-39
37
82
-115
-53
-78
-53
4
-3
-107
-9
69
48
95
-78
7
75
40
69
-60
-13
-45
-107
26
93
-108
-101
113
96
-80
20
-34
-49
-124
122
71
5
-55
50
-56
-63
22
7
86
53
-90
-41
-94
89
92
-116
64
-123
4
78
9
63
-36
-8
-66
82
83
-56
-18
32
16
90
25
56
54
-41
21
43
-25
106
-79
-100
7
-13
-103
-105
66
0
121
36
80
-7
101
27
119
-102
121
57
82
-90
-68
116
-46
-38
74
-116
-126
32
-77
-29
15
6
-98
-114
7
110
-78
-84
-31
-121
-74
-10
62
-4
-10
-104
110
107
-23
64
54
24
18
116
-48
-29
36
40
52
119
105
-112
-106
-59
100
51
48
-79
-74
65
65
10
62
38
86
-64
-124
95
-56
81
88
-116
-122
-123
-74
-57
20
91
-19
53
-44
67
0
-38
-123
-115
77
-78
9
34
108
-3
107
114
90
-38
32
-83
-41
23
-115
54
12
72
-54
85
113
22
-90
44
-18
-38
-21
-20
65
107
-29
72
-97
51
26
42
-98
-119
102
-91
82
59
37
44
-74
105
-58
1
78
-102
-117
-17
11
9
-116
60
111
64
0
-38
-15
-24
-72
-35
-93
-32
-20
50
18
-116
58
-115
110
112
-20
-93
-21
-3
122
-102
102
-86
79
-67
76
71
-48
117
-72
-114
-101
116
-37
-4
12
52
-95
-33
6
-96
-111
-81
-16
17
-10
-95
-3
123
60
122
-79
-23
-100
-95
-95
38
-4
121
122
-67
16
-19
68
36
-58
77
-24
53
-31
88
-16
-35
-29
-102
-113
24
49
-8
-31
29
114
-119
115
-43
56
-89
6
-110
-30
70
-112
-2
-63
-123
-124
82
121
-125
83
-56
-86
116
51
82
-48
-12
31
-116
104
-102
31
-17
85
-47
-55
72
-127
-29
8
105
-57
87
28
31
17
125
-30
100
-67
71
86
-43
70
90
86
102
32
101
-87
84
-29
-78
63
91
-84
-5
-70
42
-64
126
46
20
115
83
37
8
73
-2
-25
-61
90
65
-8
68
-5
52
-31
-128
-102
-105
51
88
-22
102
-54
-56
65
-82
79
97
62
-96
0
-7
-82
-29
-76
-95
-80
47
25
-41
24
24
65
-3
18
39
93
10
8
47
-56
-128
-59
-34
71
-98
-38
-109
-113
-42
64
111
7
-127
64
-81
-48
-46
-112
57
3
8
-65
116
57
-24
-46
93
81
107
48
-40
109
-76
-69
67
62
68
64
81
-126
113
17
22
-54
20
-16
94
-127
-125
47
67
42
-65
22
-1
-23
-18
-123
-2
69
11
-38
56
44
-36
21
-67
55
36
59
-111
48
27
-8
-69
-46
27
-121
-103
-49
-100
-41
118
24
98
-26
94
88
-11
113
49
-63
82
-48
-9
12
-32
28
115
-69
-91
-110
-5
-94
-70
60
-121
-91
-4
-50
7
-61
5
-50
-6
84
91
-9
60
-114
-26
-32
31
78
-88
-39
-66
22
-88
21
-114
81
47
15
54
-33
55
38
-95
-51
33
-118
81
100
-90
92
-10
102
16
17
63
-108
-86
24
-16
115
117
-68
53
80
28
75
53
-126
42
120
-21
-17
123
-2
49
-46
-16
-122
30
-69
103
-53
-110
-41
-21
-4
15
113
39
98
-53
-71
33
66
3
-60
37
5
-111
-43
-2
-106
-63
-37
109
12
97
58
-45
-119
23
-50
49
97
-8
45
82
127
85
45
71
5
-40
-89
20
51
-48
122
-87
-118
-54
-46
20
49
97
-86
-12
-105
87
-113
49
90
-28
-89
-22
104
77
-13
-81
100
-71
-47
-15
75
65
-59
-74
87
70
120
-111
35
7
1
-46
17
114
100
-6
-23
59
88
114
-62
44
78
124
38
-68
-82
105
113
-30
100
13
122
43
-101
112
117
11
-56
-58
24
112
-21
-95
-3
-99
18
102
72
54
30
-3
-119
-105
-55
-51
-28
106
-24
-24
111
121
-18
-126
-37
-64
-78
-88
87
-57
114
47
-79
47
23
-22
-66
-118
-70
32
-3
112
104
60
119
-49
34
-57
-23
-126
40
-108
37
37
120
58
-74
40
-111
-57
-61
35
124
-77
54
105
13
19
28
-32
103
15
79
16
-66
-106
83
121
97
81
127
42
-9
-43
93
-113
8
28
83
-117
-64
54
-126
-58
-16
60
-18
73
86
-122
-33
72
30
29
-120
62
-88
115
-25
64
-116
82
-20
-118
-36
19
-35
95
-87
16
-7
16
-56
92
92
90
-43
-79
34
-12
121
-87
-49
105
-23
49
-17
36
-81
59
-7
-55
-83
-76
121
-52
95
-74
110
60
96
-2
-15
-33
48
-96
24
-124
52
-7
26
-107
-2
-26
-76
-20
-49
51
-53
-25
90
87
82
-65
-53
94
110
21
8
38
-40
-50
55
-50
-124
33
-128
108
-128
-18
20
-2
30
82
110
-92
85
120
-39
12
101
-78
50
45
-70
-56
-17
56
19
-112
96
-53
-29
-66
53
104
-9
-2
65
39
90
64
125
-89
118
83
80
74
123
-74
13
-94
5
-85
-66
38
-7
-116
32
42
-81
98
-18
14
87
-76
98
-75
-107
-99
-6
56
111
33
120
-36
105
-63
44
66
-18
77
117
-34
-14
-6
-122
-86
-42
-75
102
28
-116
-74
58
85
-5
87
-57
-101
-91
39
51
9
-121
58
11
-123
64
-60
-117
-13
118
-26
25
-88
118
-56
18
34
26
-24
-55
-10
-16
-78
-51
9
-104
80
107
3
110
-61
116
1
106
51
65
-117
68
-125
-13
-59
-37
41
-1
-23
-41
61
-21
-12
-115
-49
82
-96
36
126
46
-109
-10
70
87
-42
57
-102
70
-120
-33
-77
31
-44
-70
39
-17
32
-28
-67
49
-121
94
-128
-104
-118
-9
18
8
2
112
67
-27
89
-35
-30
-111
-6
78
-44
48
6
-81
98
-81
73
-19
-41
4
108
91
75
-73
108
83
-70
-95
75
32
89
-12
5
27
41
123
-59
21
-52
35
89
-11
-104
-69
-29
-94
-22
-8
-46
36
-68
-68
17
6
122
-105
126
-2
18
-113
-98
-48
75
28
-113
111
87
119
62
101
-85
20
-38
118
14
109
-120
-128
-16
2
88
-90
-2
-98
119
-83
-13
-37
-89
-90
-79
-24
-19
-50
-112
-118
-119
-78
-10
97
43
-105
40
109
100
24
95
-47
91
17
31
-42
-63
-68
-60
50
7
26
94
-117
-50
-107
-66
55
-97
-29
-47
70
-36
45
45
-62
-10
113
-22
53
-31
37
-77
108
-59
29
28
123
-9
-82
54
1
39
20
98
-83
-37
17
98
1
28
-41
-74
86
110
40
37
33
6
-68
-102
116
56
-29
49
-56
47
107
-110
-7
-32
-60
126
-110
64
98
-89
75
-75
99
-59
-48
-53
114
-26
-60
41
-21
5
6
-61
63
-33
51
81
-101
2
108
-1
-60
39
89
102
70
-63
109
-69
-51
-42
108
70
-45
14
43
22
123
10
-104
-12
-67
-10
-7
-107
-60
98
121
20
-108
77
-32
-97
-16
-125
-94
112
123
42
27
-2
29
-105
25
117
-88
102
-101
100
-68
-55
-40
-74
-24
32
-125
-28
17
-54
78
105
24
59
-83
117
-73
79
-36
-27
-84
-34
35
115
26
-111
89
42
44
-12
-89
30
-5
-52
-114
89
-78
-86
43
24
-16
-64
-70
56
109
-12
90
-21
-31
51
15
-81
33
8
13
-127
-117
109
52
77
-91
-31
-41
-86
1
-70
-63
-60
100
-67
122
-103
38
-20
-58
105
-36
-97
111
103
53
-42
68
-75
34
-50
98
-113
58
-46
-78
-57
92
84
-77
113
-106
60
122
-33
69
-128
-9
-48
126
-11
121
-28
-83
101
116
83
124
-31
-125
-33
-9
88
-87
7
-19
105
-36
126
-103
118
-60
-37
-127
-6
-64
-110
-97
28
42
35
-65
-124
-36
-111
40
109
-14
22
126
-5
-46
21
-25
-49
106
80
109
-38
-71
91
-92
110
-111
81
-116
-101
-101
-59
-72
-72
-101
-5
-80
64
-11
88
-107
-32
113
24
3
-51
59
63
59
91
46
-46
-126
-52
81
70
-60
101
-94
57
125
-56
19
96
-38
125
-45
-63
27
-46
-50
34
59
-27
119
-63
-45
-1
-59
69
60
35
123
-11
-13
-25
-83
40
66
-125
-128
-4
29
40
49
75
75
-109
89
-37
-58
-31
111
-43
99
-91
-114
121
-75
56
120
15
47
80
-36
33
-118
-44
-44
-25
102
-17
-78
3
52
100
-4
111
83
33
-75
-77
121
22
-34
91
85
71
61
-88
115
32
93
-122
95
9
-42
-66
13
59
-50
109
120
-46
-64
-75
-118
35
125
-78
60
79
112
-81
-2
25
37
-102
89
-12
13
-74
-45
96
123
-112
19
119
-13
52
69
-61
-92
-96
-64
83
51
121
-26
14
-70
-3
76
71
17
57
28
-111
76
124
-73
-44
-124
11
-98
-96
-37
22
-110
-62
-70
-21
-6
21
93
106
-122
-101
-110
-71
18
-52
-67
57
-51
46
32
-72
-102
38
89
-24
-74
14
44
15
-101
-121
-125
1
37
17
-77
76
-12
-39
1
-78
17
-47
101
-36
-44
6
-114
76
5
47
37
-108
65
-127
86
-59
-97
-53
-115
43
-108
-66
125
55
20
-116
103
-67
-6
-74
-103
96
-86
30
53
74
-11
100
51
32
61
111
-87
52
-39
74
74
-3
-70
50
45
-59
79
-19
-47
-94
-89
93
93
-89
-42
84
44
91
-103
-86
-120
106
61
-115
-74
-101
-68
25
52
2
42
40
62
119
79
108
-106
71
-106
-69
-123
41
38
-87
29
115
78
92
-62
-115
38
-100
-23
-90
115
42
30
-89
-52
83
76
101
-5
-60
57
27
-90
-96
80
23
47
-48
-93
-77
-40
-101
48
-121
43
118
99
-35
-103
29
-35
101
97
-30
116
43
-77
69
123
-59
21
-58
67
-47
7
-9
-31
-97
-30
-43
50
42
6
88
29
77
52
73
24
51
57
84
-18
16
-51
94
-65
14
-70
25
72
-117
65
-43
100
-127
-71
-103
-45
69
121
114
59
117
-8
11
108
43
51
126
-24
119
79
106
-93
13
-128
70
7
58
41
-12
59
29
69
-103
-91
19
5
-83
-82
115
-70
78
-59
124
-10
-38
-90
-117
-18
-68
-36
-111
35
-122
-124
-59
66
65
85
-106
72
0
-35
-28
-23
-68
13
111
51
91
-8
-112
111
18
-40
39
72
-19
82
-44
47
-84
-5
106
-3
-47
26
-96
-38
-9
-80
10
94
101
-75
72
-9
-29
-91
126
-117
-51
59
4
94
101
124
94
53
109
-8
110
-68
-10
77
-24
37
115
-20
7
18
17
32
126
-75
75
76
-78
53
-72
116
38
84
40
-2
54
80
-16
-70
9
6
-126
33
-63
93
65
-38
-12
-30
-109
-125
96
-80
55
-83
-38
-109
-39
40
-120
109
-29
-126
80
-40
-105
-54
-112
12
91
-103
16
4
83
84
53
-36
53
-85
119
126
89
101
20
125
16
96
6
65
55
-45
51
101
12
-41
-27
93
64
38
121
92
77
34
91
116
9
25
50
0
123
-57
87
63
-18
28
-116
65
69
64
-21
7
-114
-43
28
-26
-38
124
-53
44
75
-102
89
6
110
92
-46
-95
-53
-8
32
-112
-69
54
126
110
122
48
47
-60
125
85
111
44
6
-76
-86
-73
-11
120
-20
-115
-31
-82
-103
-45
103
79
94
-46
-62
122
103
85
-100
1
-46
82
36
39
100
-51
97
-88
123
-6
-58
-6
68
-94
6
-45
46
-57
42
-21
-97
-117
-32
3
-27
78
22
38
111
23
-57
47
61
53
21
-117
-107
38
-103
64
-8
-73
-9
46
84
109
-75
-107
123
36
77
-40
-44
-10
-128
-127
80
94
-18
-124
-96
-99
-28
-56
-90
93
117
-29
41
-107
-52
38
-52
-84
-64
-39
65
-31
-87
-57
-70
-22
114
-2
-96
-37
-16
-48
-120
74
114
29
99
-79
-102
-43
-12
19
107
-72
-120
-29
-94
96
-31
33
74
-126
115
-58
-117
113
-45
98
-61
-29
108
4
-40
-8
116
90
-52
120
30
25
-111
92
17
-97
31
-111
26
-40
-59
-8
29
94
-68
-79
82
-28
2
-103
-83
-44
101
17
-98
55
-34
2
-5
-42
33
30
59
-98
114
104
-28
73
-70
-10
70
59
-38
-11
106
-86
63
-17
70
2
-73
73
50
-120
-125
16
-96
61
-83
-11
7
5
-100
-107
32
8
-27
-2
85
89
100
111
119
-42
-116
96
-81
79
-5
-62
-73
-22
81
-120
73
-59
67
102
-40
-34
-21
-39
127
48
98
103
55
31
-111
40
76
22
68
-123
18
111
-128
64
-44
-109
23
-75
13
98
121
95
-38
-43
-51
-99
-80
-31
65
-74
74
-97
-98
27
-26
-85
31
-19
-79
-54
-125
-65
-128
-49
97
-99
-64
-65
-68
77
-80
51
-41
-44
-50
-2
74
61
-114
16
86
-107
82
-102
118
58
-105
115
54
86
108
-69
72
-90
41
-66
-43
-128
93
26
17
20
8
37
18
-14
11
-119
-30
-52
-36
49
-45
125
126
105
18
75
-79
64
127
105
102
49
-68
-64
117
3
-124
-16
-110
-18
63
-111
126
-1
-45
-66
122
-66
-68
-44
1
13
95
119
-74
83
-101
-42
-100
-38
-94
48
-123
118
7
-104
-51
104
24
-11
71
-127
109
76
120
-117
-63
66
3
-28
1
-36
101
108
-93
-118
-30
-95
57
100
-65
9
70
-77
-78
-47
80
-77
-105
-77
54
-105
100
29
-60
-50
95
-113
-123
-123
-113
68
-40
109
112
22
70
-66
-21
-100
19
124
-124
-107
19
-7
-42
-119
-65
-101
60
-83
-120
-33
-46
8
108
-98
-100
-44
-58
-113
4
39
106
14
-118
-46
-15
27
-73
-119
82
-90
82
69
-77
10
-41
-25
126
-41
37
30
-74
-44
119
-118
-116
68
-107
34
45
105
76
-45
-33
71
27
105
76
-86
47
-77
29
106
-110
-30
-53
-18
-97
51
-78
-17
-71
-50
104
126
60
-19
76
73
-76
64
98
26
77
-111
94
-96
-117
-92
-2
114
59
97
-99
81
-86
52
6
-83
20
-75
-122
107
95
-124
69
-26
9
119
-43
52
96
-8
12
-86
-15
-88
15
-94
66
73
-80
123
-60
-38
-6
-30
3
3
9
80
32
-76
32
-44
-127
10
-11
19
-57
114
79
-115
0
16
-45
34
30
98
27
-44
-87
32
9
-50
-80
103
91
-90
5
23
127
-33
-86
122
-88
-78
-122
38
33
13
92
36
-30
-35
-2
81
97
-119
-66
5
-86
-66
38
-13
-78
114
-23
80
-24
35
24
56
14
96
-103
77
71
-117
-42
-95
113
-35
-78
-42
-76
-86
-63
-125
91
-25
-72
-38
-29
-23
34
-120
82
111
85
-35
-53
-29
-91
45
94
-35
-41
118
36
-23
-39
66
-116
-118
-80
-49
-16
127
-79
110
108
68
-12
41
-17
-36
6
-88
-110
-50
-34
86
41
110
18
-65
24
93
75
60
105
83
-9
-45
27
28
61
89
-68
-31
54
-39
58
-87
90
58
-10
31
56
27
26
-106
107
2
45
74
-55
-74
-28
-23
-35
-23
59
82
-104
26
-59
-100
67
-70
64
90
-72
-114
109
29
-46
84
31
59
34
-87
-111
-49
-29
42
-4
1
48
-38
105
-120
117
-60
-60
109
36
-31
51
17
-87
59
-90
113
-97
83
-82
-87
68
-64
-110
-73
42
26
-96
-126
48
22
-63
27
-79
-14
80
66
-5
20
44
44
3
-18
12
-125
87
36
19
-81
83
-15
-91
84
-104
-57
120
27
-70
53
-18
-74
57
14
-94
30
-77
-56
64
31
87
34
-101
23
-99
9
-7
-5
52
-67
-79
-102
60
48
-7
38
-74
-81
-7
-16
57
-61
36
115
-26
90
-57
-108
-98
34
-30
40
114
54
56
-73
90
-4
-94
127
42
77
-88
-68
-61
-41
82
39
-122
-64
60
-67
15
-116
-23
-63
31
65
89
4
-39
-55
-34
100
50
-105
43
-109
-93
-114
-82
26
32
30
32
-99
78
-80
90
96
-15
68
106
10
-93
88
-26
-87
-52
12
-128
-9
-50
-123
-37
-36
-128
-113
-99
51
-34
-122
-58
-47
-1
118
64
-61
71
-127
-74
-40
-35
-127
-86
96
95
-17
-62
50
-43
4
99
-12
-28
29
-127
-106
69
100
-74
32
117
-83
-111
-82
-83
-98
48
-72
20
19
17
-105
52
-64
37
69
-86
25
38
101
34
110
43
-125
-125
91
122
-100
103
95
-99
-31
-50
-53
-72
-72
19
-34
25
4
31
46
17
-90
-36
73
2
68
-20
-99
-70
72
-100
-107
-1
44
19
5
107
-10
-48
-56
123
-2
83
-88
-30
-9
25
125
35
45
-50
-103
94
12
-65
100
106
-30
-114
68
37
-26
41
-64
8
120
-4
-28
-1
-86
102
-25
119
0
106
11
-72
116
-88
-59
117
-67
-117
30
-95
-47
-61
89
-123
-87
-10
-42
16
68
-78
54
110
-18
-89
-64
-36
-62
19
3
-70
110
125
-67
-31
54
-90
-4
56
60
-67
-125
-126
-2
-46
111
122
32
-115
27
34
108
32
64
88
23
122
97
-86
69
-67
102
107
-48
-13
-121
6
69
-3
107
-109
48
-53
-111
-88
-102
-45
-16
114
-49
-69
-38
4
101
89
38
-18
121
-34
-114
18
60
78
86
-77
-81
52
47
-49
-86
-109
90
-81
35
31
16
-68
-83
-83
34
-108
63
-23
-35
93
55
71
48
90
-98
60
17
-69
-82
-83
28
-70
-111
-88
125
-29
108
82
17
-77
-100
32
-56
101
64
74
78
9
-9
125
-22
-42
-21
-47
-90
-63
14
-6
-80
79
-93
-62
0
-89
1
-73
59
-21
-109
32
-41
-56
36
54
-127
76
89
-111
-69
-8
127
-31
-54
23
-121
-34
-49
78
79
-126
52
115
36
117
73
-94
-124
-55
47
-114
40
-25
-10
22
66
-55
2
25
3
106
-77
-118
96
123
69
-57
22
88
-12
38
-21
58
100
-47
55
-82
65
-43
-92
70
34
117
50
-114
-76
-60
126
65
20
115
67
-67
2 1
3 2
4 2
5 2
6 5
7 1
8 1
9 7
10 5
11 3
12 8
13 1
14 13
15 14
16 8
17 6
18 10
19 7
20 13
21 3
22 3
23 3
24 2
25 6
26 6
27 20
28 16
29 12
30 17
31 19
32 2
33 19
34 16
35 7
36 1
37 3
38 32
39 29
40 18
41 17
42 40
43 13
44 11
45 32
46 28
47 10
48 41
49 3
50 25
51 2
52 16
53 10
54 23
55 11
56 29
57 29
58 44
59 23
60 38
61 22
62 57
63 56
64 27
65 51
66 7
67 41
68 5
69 14
70 32
71 23
72 32
73 39
74 54
75 57
76 38
77 23
78 38
79 58
80 17
81 30
82 37
83 38
84 37
85 8
86 72
87 66
88 11
89 52
90 68
91 7
92 87
93 81
94 28
95 9
96 53
97 68
98 43
99 91
100 4
101 33
102 8
103 100
104 54
105 97
106 33
107 6
108 52
109 40
110 64
111 63
112 54
113 48
114 47
115 74
116 8
117 58
118 72
119 29
120 11
121 75
122 24
123 1
124 30
125 93
126 28
127 77
128 84
129 111
130 122
131 7
132 32
133 55
134 120
135 50
136 9
137 7
138 55
139 134
140 116
141 62
142 124
143 105
144 74
145 47
146 130
147 33
148 80
149 26
150 73
151 96
152 31
153 42
154 141
155 82
156 128
157 123
158 16
159 7
160 48
161 124
162 13
163 123
164 117
165 128
166 13
167 21
168 29
169 41
170 83
171 68
172 40
173 57
174 97
175 63
176 20
177 36
178 104
179 67
180 165
181 122
182 136
183 98
184 33
185 41
186 18
187 28
188 38
189 137
190 23
191 8
192 119
193 52
194 115
195 37
196 182
197 132
198 109
199 152
200 191
201 95
202 18
203 21
204 160
205 145
206 168
207 6
208 161
209 200
210 144
211 1
212 67
213 200
214 32
215 148
216 92
217 176
218 71
219 6
220 132
221 89
222 140
223 99
224 85
225 93
226 194
227 35
228 133
229 171
230 50
231 51
232 147
233 185
234 24
235 142
236 33
237 218
238 21
239 30
240 133
241 129
242 16
243 66
244 221
245 226
246 22
247 167
248 17
249 207
250 10
251 110
252 96
253 86
254 113
255 106
256 41
257 193
258 100
259 130
260 144
261 229
262 99
263 253
264 68
265 80
266 102
267 2
268 126
269 188
270 178
271 185
272 153
273 121
274 56
275 123
276 243
277 142
278 210
279 4
280 10
281 119
282 216
283 69
284 194
285 111
286 91
287 138
288 56
289 39
290 168
291 94
292 169
293 230
294 8
295 115
296 217
297 66
298 204
299 167
300 267
301 3
302 269
303 179
304 153
305 279
306 226
307 69
308 285
309 86
310 174
311 93
312 74
313 278
314 262
315 95
316 30
317 226
318 156
319 24
320 128
321 150
322 109
323 194
324 192
325 163
326 151
327 152
328 278
329 208
330 120
331 304
332 99
333 280
334 81
335 324
336 25
337 82
338 21
339 245
340 145
341 25
342 257
343 49
344 274
345 110
346 97
347 201
348 250
349 118
350 293
351 323
352 11
353 248
354 25
355 143
356 118
357 46
358 230
359 179
360 125
361 59
362 84
363 329
364 129
365 293
366 350
367 27
368 2
369 244
370 77
371 302
372 30
373 299
374 102
375 132
376 245
377 13
378 39
379 148
380 229
381 187
382 269
383 72
384 259
385 308
386 25
387 234
388 244
389 296
390 100
391 25
392 294
393 290
394 368
395 219
396 201
397 139
398 24
399 160
400 398
401 244
402 202
403 282
404 70
405 332
406 296
407 194
408 200
409 117
410 334
411 26
412 95
413 225
414 303
415 120
416 12
417 82
418 247
419 352
420 248
421 186
422 316
423 199
424 327
425 20
426 330
427 224
428 285
429 367
430 260
431 38
432 182
433 394
434 51
435 394
436 206
437 256
438 327
439 36
440 219
441 229
442 36
443 92
444 164
445 208
446 382
447 364
448 109
449 154
450 74
451 318
452 190
453 22
454 22
455 33
456 420
457 219
458 135
459 35
460 100
461 287
462 355
463 157
464 3
465 222
466 443
467 17
468 444
469 403
470 339
471 127
472 197
473 76
474 164
475 20
476 459
477 416
478 400
479 221
480 242
481 468
482 307
483 273
484 449
485 302
486 429
487 38
488 320
489 166
490 432
491 129
492 53
493 185
494 102
495 45
496 420
497 200
498 43
499 326
500 453
501 317
502 84
503 295
504 221
505 4
506 416
507 179
508 211
509 241
510 80
511 384
512 184
513 456
514 335
515 31
516 8
517 396
518 84
519 326
520 447
521 348
522 483
523 368
524 367
525 132
526 506
527 249
528 456
529 128
530 446
531 390
532 524
533 230
534 78
535 484
536 388
537 228
538 467
539 401
540 469
541 463
542 364
543 191
544 405
545 190
546 247
547 23
548 223
549 358
550 419
551 341
552 282
553 23
554 198
555 303
556 294
557 143
558 430
559 2
560 407
561 78
562 166
563 330
564 315
565 14
566 145
567 113
568 515
569 44
570 382
571 207
572 242
573 482
574 138
575 441
576 23
577 190
578 126
579 105
580 121
581 395
582 373
583 150
584 465
585 182
586 524
587 34
588 417
589 332
590 512
591 392
592 196
593 474
594 504
595 359
596 374
597 541
598 401
599 5
600 339
601 148
602 555
603 66
604 320
605 186
606 125
607 7
608 107
609 336
610 415
611 272
612 388
613 491
614 354
615 564
616 484
617 129
618 80
619 118
620 67
621 278
622 313
623 271
624 229
625 13
626 254
627 125
628 470
629 496
630 13
631 374
632 280
633 580
634 426
635 534
636 109
637 440
638 152
639 362
640 37
641 509
642 474
643 210
644 500
645 462
646 579
647 525
648 582
649 288
650 478
651 593
652 317
653 449
654 402
655 424
656 605
657 445
658 84
659 75
660 269
661 137
662 557
663 147
664 365
665 604
666 353
667 342
668 180
669 582
670 288
671 411
672 565
673 395
674 154
675 241
676 16
677 31
678 78
679 527
680 428
681 468
682 324
683 226
684 165
685 141
686 349
687 625
688 647
689 355
690 533
691 201
692 156
693 306
694 670
695 93
696 331
697 580
698 171
699 540
700 689
701 498
702 331
703 669
704 228
705 3
706 524
707 473
708 588
709 628
710 71
711 5
712 648
713 323
714 134
715 526
716 511
717 282
718 421
719 77
720 372
721 440
722 174
723 190
724 297
725 337
726 329
727 273
728 436
729 20
730 96
731 443
732 432
733 242
734 267
735 381
736 441
737 270
738 551
739 195
740 580
741 205
742 528
743 203
744 503
745 534
746 88
747 98
748 138
749 740
750 723
751 361
752 508
753 242
754 45
755 344
756 597
757 624
758 516
759 670
760 185
761 749
762 417
763 61
764 239
765 596
766 347
767 457
768 616
769 338
770 730
771 659
772 616
773 208
774 731
775 324
776 584
777 573
778 124
779 487
780 171
781 247
782 647
783 24
784 158
785 475
786 386
787 362
788 276
789 221
790 417
791 426
792 128
793 77
794 630
795 777
796 683
797 46
798 144
799 766
800 145
801 793
802 362
803 793
804 536
805 638
806 738
807 264
808 582
809 505
810 130
811 13
812 23
813 771
814 591
815 707
816 248
817 42
818 44
819 429
820 120
821 58
822 171
823 517
824 453
825 469
826 540
827 328
828 109
829 206
830 5
831 274
832 815
833 298
834 283
835 387
836 760
837 31
838 196
839 293
840 365
841 56
842 338
843 307
844 372
845 624
846 631
847 93
848 682
849 774
850 718
851 341
852 106
853 686
854 827
855 328
856 33
857 78
858 736
859 729
860 4
861 223
862 842
863 382
864 164
865 844
866 589
867 84
868 712
869 31
870 142
871 729
872 627
873 332
874 478
875 95
876 421
877 291
878 320
879 175
880 440
881 713
882 322
883 383
884 325
885 125
886 425
887 229
888 563
889 782
890 880
891 515
892 193
893 81
894 588
895 698
896 839
897 841
898 15
899 357
900 252
901 287
902 743
903 116
904 385
905 243
906 877
907 106
908 330
909 794
910 67
911 741
912 102
913 10
914 91
915 795
916 7
917 279
918 748
919 575
920 108
921 543
922 766
923 407
924 549
925 164
926 99
927 66
928 757
929 552
930 735
931 229
932 132
933 109
934 850
935 809
936 838
937 855
938 60
939 802
940 436
941 31
942 607
943 638
944 418
945 177
946 675
947 788
948 385
949 804
950 441
951 599
952 862
953 680
954 948
955 950
956 854
957 364
958 137
959 682
960 457
961 625
962 806
963 667
964 847
965 403
966 690
967 471
968 732
969 903
970 166
971 262
972 644
973 536
974 336
975 894
976 974
977 918
978 287
979 334
980 391
981 68
982 289
983 532
984 96
985 704
986 406
987 850
988 833
989 689
990 418
991 823
992 466
993 428
994 430
995 761
996 887
997 863
998 917
999 675
1000 982
1001 450
1002 443
1003 749
1004 728
1005 751
1006 648
1007 625
1008 912
1009 113
1010 345
1011 900
1012 148
1013 543
1014 905
1015 971
1016 786
1017 497
1018 420
1019 676
1020 23
1021 111
1022 165
1023 847
1024 516
1025 353
1026 223
1027 397
1028 319
1029 575
1030 754
1031 353
1032 48
1033 954
1034 368
1035 247
1036 201
1037 466
1038 819
1039 242
1040 598
1041 570
1042 835
1043 943
1044 285
1045 301
1046 582
1047 501
1048 363
1049 50
1050 132
1051 69
1052 522
1053 514
1054 874
1055 106
1056 1005
1057 56
1058 246
1059 160
1060 257
1061 702
1062 176
1063 614
1064 347
1065 70
1066 264
1067 947
1068 170
1069 383
1070 796
1071 792
1072 221
1073 153
1074 681
1075 88
1076 718
1077 826
1078 404
1079 367
1080 456
1081 587
1082 118
1083 96
1084 322
1085 490
1086 494
1087 1020
1088 697
1089 25
1090 239
1091 666
1092 621
1093 187
1094 1035
1095 591
1096 55
1097 1054
1098 473
1099 853
1100 963
1101 761
1102 908
1103 715
1104 349
1105 422
1106 659
1107 24
1108 570
1109 10
1110 417
1111 469
1112 395
1113 580
1114 640
1115 730
1116 695
1117 116
1118 77
1119 926
1120 241
1121 269
1122 767
1123 1094
1124 144
1125 584
1126 702
1127 1081
1128 258
1129 482
1130 555
1131 432
1132 105
1133 124
1134 1029
1135 255
1136 624
1137 218
1138 325
1139 373
1140 731
1141 270
1142 1
1143 598
1144 936
1145 269
1146 131
1147 828
1148 392
1149 186
1150 402
1151 44
1152 53
1153 154
1154 438
1155 633
1156 95
1157 1016
1158 722
1159 655
1160 300
1161 658
1162 294
1163 998
1164 207
1165 172
1166 137
1167 1123
1168 1034
1169 555
1170 113
1171 908
1172 224
1173 960
1174 379
1175 863
1176 729
1177 30
1178 1049
1179 1113
1180 637
1181 485
1182 126
1183 512
1184 781
1185 777
1186 451
1187 966
1188 430
1189 1151
1190 362
1191 121
1192 285
1193 374
1194 776
1195 308
1196 526
1197 801
1198 771
1199 429
1200 1031
1201 578
1202 678
1203 1123
1204 171
1205 778
1206 146
1207 435
1208 708
1209 1111
1210 1176
1211 746
1212 1209
1213 858
1214 664
1215 308
1216 793
1217 99
1218 550
1219 6
1220 1176
1221 849
1222 1140
1223 336
1224 930
1225 494
1226 222
1227 569
1228 750
1229 663
1230 47
1231 470
1232 807
1233 536
1234 835
1235 464
1236 277
1237 114
1238 1123
1239 409
1240 566
1241 56
1242 1232
1243 1131
1244 832
1245 295
1246 286
1247 719
1248 463
1249 750
1250 775
1251 877
1252 310
1253 1202
1254 5
1255 6
1256 258
1257 531
1258 294
1259 1078
1260 417
1261 598
1262 681
1263 953
1264 23
1265 1203
1266 594
1267 1018
1268 323
1269 2
1270 505
1271 722
1272 1116
1273 226
1274 775
1275 683
1276 682
1277 1078
1278 560
1279 843
1280 590
1281 1012
1282 575
1283 360
1284 1023
1285 858
1286 134
1287 283
1288 1129
1289 395
1290 484
1291 344
1292 92
1293 1142
1294 839
1295 105
1296 559
1297 173
1298 701
1299 1000
1300 741
1301 772
1302 370
1303 411
1304 291
1305 1059
1306 376
1307 1124
1308 752
1309 1150
1310 183
1311 205
1312 75
1313 1147
1314 72
1315 1223
1316 564
1317 1121
1318 689
1319 1124
1320 281
1321 1263
1322 580
1323 859
1324 752
1325 539
1326 225
1327 687
1328 878
1329 221
1330 175
1331 679
1332 668
1333 330
1334 464
1335 295
1336 53
1337 1301
1338 678
1339 1142
1340 385
1341 423
1342 451
1343 391
1344 1141
1345 141
1346 1014
1347 913
1348 564
1349 544
1350 490
1351 774
1352 565
1353 104
1354 191
1355 338
1356 420
1357 553
1358 465
1359 1168
1360 689
1361 490
1362 623
1363 118
1364 1275
1365 715
1366 779
1367 478
1368 744
1369 70
1370 998
1371 558
1372 402
1373 1076
1374 133
1375 180
1376 669
1377 1297
1378 529
1379 252
1380 75
1381 1073
1382 464
1383 16
1384 1
1385 1212
1386 994
1387 347
1388 710
1389 1377
1390 1239
1391 871
1392 934
1393 1246
1394 1392
1395 43
1396 774
1397 195
1398 1169
1399 203
1400 972
1401 344
1402 1195
1403 1053
1404 32
1405 679
1406 1353
1407 1243
1408 885
1409 111
1410 76
1411 481
1412 613
1413 277
1414 162
1415 925
1416 196
1417 605
1418 524
1419 53
1420 1153
1421 709
1422 525
1423 14
1424 1079
1425 688
1426 1068
1427 242
1428 301
1429 6
1430 491
1431 1024
1432 220
1433 57
1434 522
1435 317
1436 1345
1437 443
1438 714
1439 955
1440 550
1441 591
1442 219
1443 781
1444 424
1445 533
1446 669
1447 277
1448 149
1449 602
1450 1388
1451 884
1452 420
1453 378
1454 953
1455 1164
1456 430
1457 360
1458 980
1459 156
1460 518
1461 928
1462 1399
1463 1103
1464 526
1465 531
1466 946
1467 303
1468 1249
1469 1028
1470 818
1471 1133
1472 857
1473 792
1474 465
1475 442
1476 135
1477 1179
1478 663
1479 238
1480 248
1481 450
1482 1359
1483 551
1484 51
1485 821
1486 778
1487 408
1488 968
1489 222
1490 1065
1491 1301
1492 799
1493 1101
1494 381
1495 959
1496 373
1497 901
1498 1462
1499 253
1500 1008
1501 990
1502 250
1503 318
1504 52
1505 20
1506 366
1507 398
1508 883
1509 1297
1510 781
1511 229
1512 318
1513 135
1514 573
1515 75
1516 523
1517 1497
1518 187
1519 1219
1520 1208
1521 442
1522 718
1523 1022
1524 1364
1525 505
1526 1097
1527 611
1528 610
1529 606
1530 1020
1531 1376
1532 526
1533 349
1534 446
1535 1187
1536 645
1537 267
1538 514
1539 1472
1540 691
1541 1529
1542 1090
1543 196
1544 744
1545 592
1546 762
1547 1134
1548 429
1549 241
1550 369
1551 1464
1552 281
1553 244
1554 1196
1555 758
1556 960
1557 1048
1558 656
1559 1023
1560 306
1561 824
1562 272
1563 1444
1564 1440
1565 293
1566 1128
1567 1382
1568 1025
1569 867
1570 230
1571 200
1572 892
1573 733
1574 685
1575 1228
1576 1128
1577 165
1578 1079
1579 1147
1580 1482
1581 279
1582 761
1583 498
1584 1532
1585 756
1586 216
1587 479
1588 26
1589 638
1590 1383
1591 1020
1592 1377
1593 1266
1594 486
1595 340
1596 343
1597 743
1598 655
1599 460
1600 353
1601 1285
1602 280
1603 1323
1604 800
1605 1352
1606 1385
1607 110
1608 662
1609 1174
1610 522
1611 762
1612 862
1613 378
1614 941
1615 366
1616 1315
1617 242
1618 1389
1619 345
1620 416
1621 631
1622 133
1623 1590
1624 1115
1625 220
1626 54
1627 1543
1628 1548
1629 681
1630 1545
1631 1180
1632 1075
1633 1081
1634 1000
1635 1002
1636 902
1637 426
1638 919
1639 1483
1640 134
1641 1235
1642 653
1643 714
1644 667
1645 213
1646 3
1647 161
1648 1252
1649 1606
1650 475
1651 419
1652 174
1653 1564
1654 754
1655 870
1656 727
1657 366
1658 887
1659 193
1660 1039
1661 224
1662 1384
1663 245
1664 1418
1665 1479
1666 850
1667 1314
1668 1199
1669 243
1670 214
1671 1396
1672 1382
1673 84
1674 191
1675 1565
1676 974
1677 1362
1678 94
1679 510
1680 815
1681 25
1682 682
1683 1451
1684 1091
1685 1203
1686 118
1687 1176
1688 1363
1689 1440
1690 537
1691 480
1692 1076
1693 349
1694 1265
1695 800
1696 1036
1697 88
1698 1681
1699 1454
1700 157
1701 411
1702 98
1703 1235
1704 543
1705 345
1706 166
1707 546
1708 112
1709 1412
1710 266
1711 1259
1712 255
1713 1217
1714 1672
1715 1546
1716 857
1717 1370
1718 434
1719 655
1720 833
1721 714
1722 1616
1723 1009
1724 452
1725 478
1726 1638
1727 430
1728 601
1729 658
1730 1275
1731 49
1732 1235
1733 918
1734 1038
1735 1307
1736 757
1737 866
1738 18
1739 756
1740 1150
1741 523
1742 1001
1743 639
1744 980
1745 1480
1746 1719
1747 289
1748 334
1749 623
1750 119
1751 730
1752 633
1753 1701
1754 395
1755 624
1756 934
1757 317
1758 82
1759 1402
1760 572
1761 383
1762 1222
1763 1246
1764 1588
1765 84
1766 753
1767 172
1768 1267
1769 743
1770 1001
1771 52
1772 38
1773 655
1774 362
1775 431
1776 1682
1777 1684
1778 1485
1779 1111
1780 233
1781 1352
1782 853
1783 1300
1784 1045
1785 1271
1786 1724
1787 760
1788 1457
1789 1132
1790 674
1791 372
1792 1660
1793 1189
1794 1620
1795 176
1796 355
1797 921
1798 1121
1799 129
1800 1066
1801 1753
1802 1640
1803 419
1804 1428
1805 509
1806 771
1807 604
1808 1267
1809 1599
1810 1720
1811 1175
1812 431
1813 695
1814 456
1815 1570
1816 1501
1817 1801
1818 268
1819 1014
1820 968
1821 1629
1822 990
1823 313
1824 1551
1825 1678
1826 1552
1827 1543
1828 1799
1829 857
1830 573
1831 1522
1832 1504
1833 1382
1834 1248
1835 229
1836 1213
1837 619
1838 824
1839 1723
1840 622
1841 607
1842 552
1843 392
1844 1704
1845 338
1846 796
1847 1460
1848 1635
1849 300
1850 597
1851 613
1852 230
1853 1519
1854 862
1855 885
1856 863
1857 705
1858 961
1859 914
1860 606
1861 1484
1862 292
1863 398
1864 928
1865 87
1866 1534
1867 103
1868 1541
1869 810
1870 1830
1871 1131
1872 167
1873 766
1874 667
1875 1863
1876 158
1877 200
1878 1797
1879 1377
1880 270
1881 1742
1882 1044
1883 1692
1884 202
1885 1018
1886 819
1887 170
1888 1482
1889 1861
1890 1658
1891 1872
1892 609
1893 499
1894 1070
1895 1340
1896 769
1897 1477
1898 353
1899 639
1900 27
1901 882
1902 333
1903 1821
1904 1569
1905 1731
1906 1850
1907 673
1908 696
1909 69
1910 534
1911 697
1912 419
1913 257
1914 1754
1915 1258
1916 1619
1917 325
1918 1147
1919 871
1920 375
1921 1572
1922 1752
1923 1388
1924 930
1925 1640
1926 300
1927 938
1928 1079
1929 991
1930 552
1931 1834
1932 841
1933 644
1934 754
1935 1393
1936 192
1937 422
1938 1273
1939 16
1940 1482
1941 1489
1942 1871
1943 972
1944 11
1945 371
1946 443
1947 1708
1948 468
1949 1866
1950 978
1951 1231
1952 372
1953 1477
1954 283
1955 871
1956 700
1957 164
1958 980
1959 1343
1960 1221
1961 1916
1962 734
1963 1438
1964 640
1965 1466
1966 1091
1967 1434
1968 1776
1969 191
1970 1280
1971 1117
1972 807
1973 664
1974 1129
1975 1113
1976 307
1977 958
1978 1777
1979 797
1980 1133
1981 1144
1982 1037
1983 762
1984 1731
1985 848
1986 414
1987 1804
1988 1952
1989 508
1990 1945
1991 1903
1992 779
1993 1078
1994 1810
1995 1846
1996 1921
1997 1830
1998 1788
1999 1945
2000 932
2001 1270
2002 927
2003 1508
2004 1411
2005 826
2006 1064
2007 1191
2008 1888
2009 193
2010 940
2011 635
2012 1048
2013 1099
2014 430
2015 1442
2016 1410
2017 1165
2018 331
2019 1686
2020 264
2021 394
2022 1202
2023 503
2024 1563
2025 1340
2026 1955
2027 459
2028 1245
2029 586
2030 1603
2031 1225
2032 1448
2033 643
2034 1464
2035 1773
2036 1752
2037 1431
2038 1381
2039 160
2040 734
2041 1908
2042 1384
2043 1119
2044 1647
2045 756
2046 981
2047 934
2048 590
2049 708
2050 1287
2051 77
2052 66
2053 252
2054 169
2055 101
2056 1929
2057 1541
2058 1261
2059 1091
2060 2053
2061 988
2062 968
2063 967
2064 1096
2065 254
2066 517
2067 1589
2068 1487
2069 671
2070 1765
2071 1234
2072 493
2073 1830
2074 1264
2075 1722
2076 953
2077 245
2078 1475
2079 260
2080 1
2081 861
2082 1206
2083 1614
2084 363
2085 1549
2086 741
2087 858
2088 949
2089 1003
2090 2010
2091 971
2092 236
2093 635
2094 620
2095 1248
2096 431
2097 1119
2098 1043
2099 2049
2100 78
2101 70
2102 133
2103 1076
2104 1005
2105 1849
2106 1035
2107 1675
2108 1330
2109 1023
2110 1913
2111 2039
2112 100
2113 320
2114 345
2115 91
2116 944
2117 636
2118 2019
2119 2099
2120 1989
2121 1901
2122 375
2123 235
2124 880
2125 2
2126 621
2127 807
2128 373
2129 654
2130 777
2131 11
2132 121
2133 1533
2134 1674
2135 200
2136 886
2137 1660
2138 2001
2139 611
2140 1809
2141 286
2142 427
2143 517
2144 1807
2145 53
2146 1073
2147 1556
2148 2071
2149 1799
2150 1480
2151 447
2152 50
2153 1483
2154 1570
2155 1244
2156 261
2157 1919
2158 1690
2159 1271
2160 1568
2161 1827
2162 525
2163 775
2164 1504
2165 742
2166 530
2167 163
2168 1164
2169 1503
2170 1650
2171 141
2172 24
2173 7
2174 1473
2175 2122
2176 812
2177 1157
2178 968
2179 212
2180 645
2181 1837
2182 1889
2183 1805
2184 291
2185 2117
2186 516
2187 722
2188 1916
2189 1161
2190 1848
2191 409
2192 329
2193 327
2194 1570
2195 1920
2196 2159
2197 1946
2198 1583
2199 679
2200 771
2201 1394
2202 1826
2203 1070
2204 1364
2205 1216
2206 1425
2207 236
2208 301
2209 502
2210 1560
2211 1146
2212 2033
2213 2174
2214 1941
2215 993
2216 136
2217 2011
2218 363
2219 912
2220 636
2221 1068
2222 1713
2223 2007
2224 450
2225 112
2226 1512
2227 1154
2228 2182
2229 46
2230 424
2231 650
2232 1220
2233 1198
2234 1243
2235 15
2236 179
2237 15
2238 536
2239 457
2240 2037
2241 210
2242 1961
2243 1956
2244 446
2245 1182
2246 1340
2247 950
2248 2167
2249 54
2250 1727
2251 1087
2252 2115
2253 448
2254 2168
2255 778
2256 367
2257 1208
2258 623
2259 456
2260 1439
2261 184
2262 1588
2263 1963
2264 1568
2265 1193
2266 560
2267 1392
2268 539
2269 1338
2270 528
2271 968
2272 810
2273 959
2274 1728
2275 994
2276 1927
2277 85
2278 982
2279 828
2280 1682
2281 1628
2282 1525
2283 602
2284 82
2285 2081
2286 308
2287 1239
2288 1664
2289 1845
2290 1695
2291 2175
2292 189
2293 2270
2294 721
2295 85
2296 2262
2297 812
2298 271
2299 408
2300 1799
2301 2247
2302 297
2303 1102
2304 761
2305 103
2306 46
2307 1665
2308 1604
2309 1539
2310 279
2311 1746
2312 1284
2313 1574
2314 242
2315 1236
2316 1000
2317 1267
2318 424
2319 591
2320 1830
2321 1713
2322 1974
2323 780
2324 1406
2325 1751
2326 866
2327 936
2328 806
2329 415
2330 1916
2331 869
2332 36
2333 1184
2334 1108
2335 1346
2336 2192
2337 48
2338 85
2339 2057
2340 764
2341 784
2342 142
2343 1940
2344 95
2345 1741
2346 15
2347 2089
2348 1198
2349 755
2350 63
2351 795
2352 1601
2353 850
2354 806
2355 124
2356 772
2357 1338
2358 1363
2359 1122
2360 936
2361 379
2362 2146
2363 623
2364 2005
2365 55
2366 1335
2367 616
2368 2306
2369 452
2370 288
2371 1977
2372 1594
2373 1329
2374 1140
2375 95
2376 888
2377 2095
2378 522
2379 570
2380 668
2381 1699
2382 565
2383 1538
2384 2187
2385 1314
2386 99
2387 248
2388 2229
2389 1505
2390 456
2391 792
2392 480
2393 374
2394 19
2395 285
2396 1704
2397 1519
2398 574
2399 1065
2400 392
2401 74
2402 1485
2403 1315
2404 432
2405 1684
2406 798
2407 1886
2408 2380
2409 1982
2410 1226
2411 1065
2412 2179
2413 2092
2414 1155
2415 1119
2416 464
2417 8
2418 595
2419 1615
2420 415
2421 2127
2422 999
2423 1374
2424 822
2425 874
2426 702
2427 2094
2428 993
2429 1796
2430 411
2431 1680
2432 189
2433 489
2434 1074
2435 233
2436 1416
2437 1694
2438 1158
2439 1864
2440 789
2441 1720
2442 1318
2443 2265
2444 2291
2445 387
2446 1254
2447 2148
2448 1003
2449 1404
2450 1412
2451 2273
2452 813
2453 712
2454 1518
2455 667
2456 125
2457 1734
2458 1751
2459 2012
2460 386
2461 2114
2462 2405
2463 642
2464 601
2465 1419
2466 1491
2467 2035
2468 1896
2469 1500
2470 21
2471 1334
2472 2006
2473 527
2474 246
2475 1628
2476 1033
2477 654
2478 1272
2479 2454
2480 198
2481 262
2482 2079
2483 631
2484 1711
2485 404
2486 980
2487 432
2488 2326
2489 2153
2490 1537
2491 574
2492 556
2493 1089
2494 1555
2495 2028
2496 194
2497 1559
2498 489
2499 223
2500 1131
2501 1616
2502 1428
2503 1388
2504 2104
2505 714
2506 21
2507 1427
2508 1558
2509 559
2510 906
2511 2134
2512 1282
2513 542
2514 2179
2515 710
2516 326
2517 779
2518 1865
2519 1814
2520 1035
2521 1165
2522 1149
2523 2108
2524 1309
2525 1713
2526 2390
2527 100
2528 2131
2529 1333
2530 1598
2531 978
2532 189
2533 1932
2534 1265
2535 839
2536 573
2537 1440
2538 1592
2539 1967
2540 1409
2541 1756
2542 2052
2543 2377
2544 1051
2545 1612
2546 1937
2547 1131
2548 567
2549 1377
2550 1097
2551 1262
2552 44
2553 1145
2554 1292
2555 1125
2556 1262
2557 1546
2558 2214
2559 69
2560 2429
2561 2189
2562 2518
2563 1393
2564 90
2565 1735
2566 961
2567 1786
2568 855
2569 867
2570 1029
2571 148
2572 718
2573 483
2574 1698
2575 1368
2576 1329
2577 1640
2578 98
2579 1729
2580 2247
2581 1410
2582 2150
2583 221
2584 2529
2585 565
2586 1433
2587 2005
2588 2407
2589 1844
2590 1836
2591 681
2592 1190
2593 2087
2594 169
2595 954
2596 1893
2597 552
2598 1992
2599 452
2600 2051
2601 762
2602 353
2603 637
2604 2053
2605 1994
2606 39
2607 1092
2608 2324
2609 138
2610 2236
2611 1041
2612 1388
2613 1726
2614 486
2615 1612
2616 749
2617 504
2618 285
2619 1095
2620 763
2621 375
2622 1283
2623 697
2624 2491
2625 1228
2626 1046
2627 12
2628 1350
2629 2001
2630 411
2631 1066
2632 738
2633 733
2634 2377
2635 2060
2636 1314
2637 1815
2638 2376
2639 278
2640 588
2641 1706
2642 1867
2643 2442
2644 2024
2645 1430
2646 613
2647 1441
2648 394
2649 292
2650 785
2651 840
2652 69
2653 2368
2654 2309
2655 1321
2656 2099
2657 482
2658 2332
2659 651
2660 1736
2661 2509
2662 1104
2663 1963
2664 298
2665 2340
2666 2242
2667 118
2668 1876
2669 2009
2670 2442
2671 2455
2672 1220
2673 2352
2674 812
2675 2587
2676 533
2677 1564
2678 1904
2679 1709
2680 1068
2681 1608
2682 858
2683 1499
2684 195
2685 309
2686 311
2687 1224
2688 1832
2689 1746
2690 17
2691 303
2692 2338
2693 468
2694 1100
2695 322
2696 1264
2697 2535
2698 115
2699 1875
2700 1124
2701 1224
2702 738
2703 287
2704 331
2705 2213
2706 1549
2707 2457
2708 1786
2709 37
2710 1888
2711 2605
2712 994
2713 2173
2714 341
2715 63
2716 1005
2717 1599
2718 17
2719 2309
2720 837
2721 741
2722 1085
2723 1791
2724 149
2725 646
2726 2473
2727 292
2728 710
2729 1670
2730 2580
2731 66
2732 1746
2733 2364
2734 2357
2735 93
2736 1181
2737 831
2738 2468
2739 82
2740 56
2741 1166
2742 1310
2743 2478
2744 1030
2745 593
2746 253
2747 658
2748 1750
2749 2299
2750 933
2751 2081
2752 668
2753 33
2754 1130
2755 842
2756 1348
2757 2547
2758 473
2759 412
2760 872
2761 233
2762 2637
2763 1938
2764 1430
2765 1453
2766 263
2767 517
2768 1603
2769 199
2770 2153
2771 2421
2772 695
2773 1005
2774 234
2775 1335
2776 2378
2777 2269
2778 1475
2779 2577
2780 1611
2781 295
2782 1312
2783 1821
2784 112
2785 2671
2786 729
2787 2616
2788 2113
2789 191
2790 1122
2791 852
2792 1727
2793 2345
2794 1345
2795 1546
2796 114
2797 751
2798 785
2799 745
2800 1674
2801 2102
2802 1406
2803 2443
2804 172
2805 1216
2806 461
2807 2627
2808 2104
2809 1393
2810 2481
2811 939
2812 1710
2813 2365
2814 2646
2815 1435
2816 1232
2817 2104
2818 2028
2819 2548
2820 1379
2821 1114
2822 2415
2823 583
2824 1893
2825 2436
2826 2681
2827 435
2828 517
2829 398
2830 43
2831 1034
2832 1432
2833 2787
2834 1633
2835 349
2836 888
2837 1306
2838 369
2839 2061
2840 2777
2841 806
2842 838
2843 2457
2844 129
2845 96
2846 288
2847 132
2848 1904
2849 483
2850 2822
2851 920
2852 936
2853 768
2854 2117
2855 1288
2856 1349
2857 179
2858 2174
2859 2259
2860 70
2861 2330
2862 1199
2863 2027
2864 1985
2865 2485
2866 1305
2867 1348
2868 740
2869 870
2870 593
2871 269
2872 755
2873 498
2874 2792
2875 2696
2876 2641
2877 2175
2878 1820
2879 1275
2880 56
2881 1815
2882 721
2883 2482
2884 1528
2885 221
2886 650
2887 612
2888 813
2889 183
2890 2499
2891 361
2892 2316
2893 2084
2894 1168
2895 1856
2896 1136
2897 1798
2898 1771
2899 100
2900 82
2901 1538
2902 1716
2903 776
2904 2547
2905 199
2906 826
2907 75
2908 459
2909 364
2910 1001
2911 1557
2912 150
2913 2494
2914 346
2915 865
2916 1127
2917 1050
2918 1650
2919 272
2920 2749
2921 718
2922 2721
2923 1811
2924 1144
2925 1698
2926 2642
2927 670
2928 2845
2929 1901
2930 806
2931 2018
2932 2477
2933 2737
2934 970
2935 1386
2936 393
2937 883
2938 1705
2939 893
2940 519
2941 1458
2942 1014
2943 337
2944 1891
2945 1727
2946 859
2947 127
2948 2381
2949 609
2950 2408
2951 313
2952 2521
2953 898
2954 2941
2955 1146
2956 1700
2957 169
2958 258
2959 2279
2960 1865
2961 1538
2962 2460
2963 1200
2964 660
2965 1687
2966 861
2967 1980
2968 2308
2969 2400
2970 1273
2971 917
2972 910
2973 885
2974 968
2975 1718
2976 987
2977 98
2978 2805
2979 2830
2980 2147
2981 1111
2982 2489
2983 1934
2984 1880
2985 2225
2986 1912
2987 1274
2988 905
2989 1506
2990 1577
2991 1908
2992 1515
2993 2972
2994 2321
2995 2781
2996 2056
2997 2104
2998 1052
2999 2044
3000 658
3001 1300
3002 2982
3003 800
3004 777
3005 2329
3006 855
3007 657
3008 595
3009 175
3010 2257
3011 1812
3012 2304
3013 2905
3014 1609
3015 1457
3016 2626
3017 2061
3018 2424
3019 882
3020 604
3021 219
3022 2895
3023 1299
3024 966
3025 1669
3026 587
3027 2465
3028 963
3029 2496
3030 1983
3031 2577
3032 27
3033 465
3034 2891
3035 1678
3036 744
3037 2598
3038 2194
3039 2739
3040 1783
3041 2030
3042 535
3043 1106
3044 1131
3045 2345
3046 998
3047 2191
3048 892
3049 485
3050 1089
3051 1571
3052 1078
3053 466
3054 641
3055 803
3056 1519
3057 260
3058 2060
3059 1285
3060 1576
3061 2371
3062 1632
3063 174
3064 2878
3065 462
3066 1055
3067 2294
3068 524
3069 2536
3070 2622
3071 2657
3072 2035
3073 1127
3074 1137
3075 2344
3076 158
3077 929
3078 1484
3079 1353
3080 1058
3081 161
3082 857
3083 2531
3084 1032
3085 262
3086 679
3087 1131
3088 92
3089 290
3090 42
3091 692
3092 696
3093 1809
3094 1438
3095 1123
3096 1783
3097 243
3098 2454
3099 593
3100 1219
3101 1891
3102 2260
3103 1233
3104 1458
3105 66
3106 257
3107 2963
3108 1000
3109 2424
3110 2903
3111 3082
3112 1364
3113 2425
3114 942
3115 111
3116 881
3117 2690
3118 2244
3119 1532
3120 2229
3121 1093
3122 724
3123 389
3124 1036
3125 2206
3126 694
3127 1337
3128 2217
3129 3104
3130 2955
3131 622
3132 1457
3133 2768
3134 1154
3135 2828
3136 3099
3137 1127
3138 439
3139 1349
3140 2793
3141 2170
3142 960
3143 1899
3144 1799
3145 1573
3146 3013
3147 1969
3148 169
3149 2192
3150 550
3151 2665
3152 2208
3153 774
3154 673
3155 2621
3156 2318
3157 2027
3158 184
3159 514
3160 84
3161 989
3162 99
3163 1034
3164 1787
3165 613
3166 1607
3167 2243
3168 2670
3169 2590
3170 1813
3171 1275
3172 1744
3173 130
3174 1158
3175 2033
3176 2724
3177 2517
3178 923
3179 866
3180 797
3181 915
3182 917
3183 232
3184 1363
3185 109
3186 1450
3187 2666
3188 999
3189 2262
3190 516
3191 977
3192 2213
3193 1362
3194 2782
3195 1346
3196 2598
3197 1007
3198 2430
3199 2381
3200 1914
3201 1200
3202 2458
3203 2302
3204 1670
3205 1534
3206 3171
3207 727
3208 277
3209 1465
3210 2190
3211 2068
3212 1948
3213 2443
3214 614
3215 1984
3216 682
3217 2259
3218 2573
3219 2921
3220 1194
3221 232
3222 995
3223 2096
3224 949
3225 2479
3226 504
3227 1041
3228 2848
3229 2723
3230 1971
3231 2425
3232 1127
3233 1091
3234 5
3235 1797
3236 2116
3237 925
3238 324
3239 282
3240 1809
3241 1329
3242 633
3243 2092
3244 1062
3245 1556
3246 2317
3247 433
3248 512
3249 2606
3250 107
3251 1492
3252 2235
3253 54
3254 1049
3255 1622
3256 1284
3257 2500
3258 1561
3259 604
3260 573
3261 2307
3262 105
3263 3114
3264 1050
3265 3136
3266 243
3267 1711
3268 2232
3269 207
3270 1113
3271 2043
3272 681
3273 453
3274 207
3275 2153
3276 2979
3277 2126
3278 204
3279 1474
3280 2468
3281 1095
3282 1075
3283 998
3284 2922
3285 1974
3286 370
3287 594
3288 678
3289 233
3290 1500
3291 1118
3292 423
3293 2589
3294 2163
3295 53
3296 3029
3297 3120
3298 3041
3299 3284
3300 796
3301 3016
3302 1849
3303 742
3304 2933
3305 1589
3306 2889
3307 1200
3308 3088
3309 89
3310 606
3311 1199
3312 176
3313 711
3314 1822
3315 2641
3316 3012
3317 458
3318 2837
3319 1413
3320 445
3321 126
3322 1514
3323 65
3324 726
3325 203
3326 2143
3327 144
3328 1523
3329 1561
3330 623
3331 3329
3332 999
3333 3032
3334 1497
3335 2904
3336 1843
3337 1002
3338 2687
3339 2012
3340 181
3341 1409
3342 1163
3343 741
3344 3269
3345 981
3346 2577
3347 1252
3348 1795
3349 897
3350 1448
3351 90
3352 2107
3353 2804
3354 2340
3355 2140
3356 772
3357 3323
3358 2864
3359 1154
3360 1643
3361 2757
3362 2638
3363 1808
3364 1758
3365 2556
3366 3206
3367 1984
3368 317
3369 2
3370 1838
3371 135
3372 2434
3373 134
3374 3023
3375 1059
3376 1473
3377 2872
3378 1135
3379 462
3380 2120
3381 2818
3382 949
3383 1971
3384 766
3385 1569
3386 1173
3387 1226
3388 2844
3389 2748
3390 953
3391 1875
3392 1927
3393 379
3394 777
3395 1742
3396 1652
3397 66
3398 3124
3399 971
3400 2555
3401 3118
3402 2014
3403 2800
3404 67
3405 1164
3406 190
3407 2173
3408 989
3409 2186
3410 797
3411 3003
3412 2111
3413 1339
3414 282
3415 3383
3416 859
3417 2103
3418 1586
3419 2028
3420 2547
3421 385
3422 3266
3423 2124
3424 756
3425 2179
3426 307
3427 831
3428 1274
3429 843
3430 1391
3431 3358
3432 889
3433 2263
3434 912
3435 601
3436 1855
3437 2304
3438 231
3439 3182
3440 1185
3441 962
3442 1895
3443 1200
3444 2869
3445 1243
3446 1566
3447 1741
3448 1367
3449 196
3450 1097
3451 2639
3452 3258
3453 2944
3454 1587
3455 1059
3456 3417
3457 1316
3458 1109
3459 24
3460 2765
3461 1936
3462 3416
3463 2794
3464 492
3465 1180
3466 27
3467 2375
3468 3281
3469 3064
3470 2020
3471 1786
3472 3176
3473 503
3474 233
3475 237
3476 3323
3477 402
3478 3376
3479 2564
3480 731
3481 1242
3482 1361
3483 381
3484 2826
3485 2612
3486 152
3487 710
3488 1666
3489 712
3490 2572
3491 3258
3492 2012
3493 3187
3494 1888
3495 14
3496 510
3497 20
3498 110
3499 3456
3500 855
3501 2278
3502 43
3503 512
3504 2226
3505 3459
3506 1846
3507 2237
3508 1177
3509 2692
3510 1120
3511 1070
3512 789
3513 2671
3514 142
3515 493
3516 705
3517 1349
3518 1119
3519 791
3520 1396
3521 2134
3522 2118
3523 332
3524 1546
3525 669
3526 2491
3527 274
3528 867
3529 3313
3530 2841
3531 1829
3532 136
3533 2928
3534 3351
3535 1126
3536 3109
3537 349
3538 2165
3539 504
3540 1286
3541 1341
3542 2265
3543 459
3544 1935
3545 245
3546 3326
3547 197
3548 3473
3549 1043
3550 1125
3551 3253
3552 1325
3553 3254
3554 294
3555 2733
3556 1361
3557 303
3558 2690
3559 1973
3560 2035
3561 2274
3562 187
3563 2833
3564 1297
3565 1296
3566 2473
3567 1111
3568 650
3569 2973
3570 1097
3571 517
3572 668
3573 909
3574 3454
3575 903
3576 2977
3577 1875
3578 1863
3579 2016
3580 1820
3581 250
3582 3232
3583 1562
3584 3004
3585 592
3586 1754
3587 879
3588 2875
3589 948
3590 2191
3591 2373
3592 1161
3593 542
3594 1643
3595 400
3596 413
3597 1456
3598 1468
3599 1932
3600 1373
3601 2971
3602 1575
3603 2853
3604 591
3605 732
3606 2428
3607 2088
3608 2397
3609 1641
3610 3576
3611 2830
3612 2347
3613 1839
3614 2293
3615 2304
3616 402
3617 108
3618 2444
3619 2489
3620 2852
3621 1459
3622 2115
3623 1124
3624 2899
3625 3471
3626 2118
3627 1475
3628 895
3629 2166
3630 1011
3631 36
3632 741
3633 1824
3634 699
3635 1779
3636 1022
3637 2862
3638 1728
3639 2215
3640 1499
3641 1399
3642 3075
3643 852
3644 1503
3645 1124
3646 1354
3647 1139
3648 1680
3649 1362
3650 3482
3651 1772
3652 3645
3653 2578
3654 1816
3655 3179
3656 3637
3657 3452
3658 2870
3659 560
3660 913
3661 2121
3662 1289
3663 2536
3664 2388
3665 866
3666 3123
3667 3394
3668 3384
3669 2032
3670 2353
3671 1270
3672 361
3673 77
3674 3573
3675 1793
3676 2414
3677 574
3678 741
3679 2686
3680 2003
3681 2731
3682 3444
3683 3405
3684 3268
3685 796
3686 895
3687 3631
3688 570
3689 2693
3690 2405
3691 2570
3692 1334
3693 797
3694 2052
3695 54
3696 3335
3697 3114
3698 1408
3699 3284
3700 1608
3701 672
3702 1984
3703 684
3704 3622
3705 2611
3706 2797
3707 2700
3708 3195
3709 3033
3710 410
3711 1519
3712 3606
3713 285
3714 2690
3715 877
3716 1463
3717 1105
3718 1753
3719 2580
3720 2378
3721 1330
3722 1318
3723 179
3724 665
3725 306
3726 3311
3727 2231
3728 618
3729 2416
3730 3326
3731 3090
3732 2295
3733 1051
3734 1716
3735 2261
3736 1962
3737 561
3738 3437
3739 64
3740 1329
3741 822
3742 2713
3743 690
3744 2902
3745 817
3746 2695
3747 113
3748 159
3749 3013
3750 891
3751 894
3752 496
3753 1699
3754 3430
3755 1872
3756 1652
3757 1700
3758 111
3759 845
3760 1093
3761 1453
3762 650
3763 3247
3764 3237
3765 2162
3766 1177
3767 2271
3768 1838
3769 2991
3770 2123
3771 883
3772 2264
3773 799
3774 3100
3775 245
3776 154
3777 3760
3778 2120
3779 762
3780 2099
3781 1180
3782 1844
3783 968
3784 284
3785 601
3786 3069
3787 1770
3788 3690
3789 2763
3790 2812
3791 771
3792 1523
3793 3079
3794 1182
3795 1204
3796 1493
3797 3675
3798 1779
3799 1155
3800 3480
3801 2605
3802 1790
3803 3332
3804 853
3805 1062
3806 1616
3807 2355
3808 2228
3809 1440
3810 1023
3811 3131
3812 3138
3813 3270
3814 1556
3815 3488
3816 2326
3817 106
3818 102
3819 1086
3820 3666
3821 2415
3822 2011
3823 1159
3824 1780
3825 664
3826 2671
3827 1987
3828 162
3829 752
3830 1614
3831 128
3832 3254
3833 3564
3834 1994
3835 1218
3836 2323
3837 362
3838 2084
3839 3598
3840 101
3841 523
3842 1980
3843 2193
3844 1711
3845 3151
3846 2282
3847 243
3848 1574
3849 1567
3850 3705
3851 2829
3852 1573
3853 60
3854 1466
3855 904
3856 1617
3857 182
3858 1833
3859 1622
3860 2308
3861 2060
3862 1518
3863 1168
3864 1632
3865 3042
3866 3033
3867 3786
3868 2574
3869 3750
3870 1320
3871 2229
3872 3602
3873 2743
3874 697
3875 3538
3876 1556
3877 3155
3878 1208
3879 3090
3880 801
3881 545
3882 2908
3883 1319
3884 442
3885 2730
3886 3250
3887 1095
3888 3272
3889 1131
3890 439
3891 2893
3892 3373
3893 3306
3894 3251
3895 3791
3896 1496
3897 2008
3898 301
3899 1190
3900 763
3901 1980
3902 879
3903 3846
3904 357
3905 2030
3906 3100
3907 2535
3908 563
3909 2094
3910 362
3911 3358
3912 1646
3913 1814
3914 3603
3915 3835
3916 3049
3917 1969
3918 2671
3919 1954
3920 768
3921 1262
3922 2036
3923 1964
3924 1855
3925 712
3926 3151
3927 66
3928 24
3929 3519
3930 2297
3931 3462
3932 3180
3933 2767
3934 2504
3935 1906
3936 3498
3937 3511
3938 1826
3939 2951
3940 395
3941 777
3942 3495
3943 2390
3944 1153
3945 864
3946 197
3947 2809
3948 2879
3949 3034
3950 1981
3951 3608
3952 3726
3953 1415
3954 1520
3955 470
3956 3095
3957 69
3958 1024
3959 2455
3960 2944
3961 757
3962 2139
3963 3554
3964 1602
3965 111
3966 844
3967 2312
3968 801
3969 26
3970 1823
3971 3035
3972 2728
3973 2774
3974 2113
3975 3677
3976 3621
3977 869
3978 3923
3979 638
3980 2177
3981 1131
3982 1378
3983 1581
3984 3399
3985 445
3986 1739
3987 3731
3988 2121
3989 2005
3990 3479
3991 3953
3992 225
3993 2340
3994 481
3995 2138
3996 532
3997 2740
3998 701
3999 3609
4000 315
0 0
