6000
-67
-114
-17
0
33
-12
72
-110
-49
-8
82
121
82
9
-118
-57
-65
-3
68
24
-108
97
-89
-128
-26
14
-7
-62
-68
-3
29
-61
-74
93
89
62
-14
-30
93
-72
47
95
-127
-73
51
-105
79
47
107
81
65
61
-46
-86
-53
23
19
-81
-100
68
-14
43
34
8
-24
-66
76
35
13
47
-109
-69
60
3
59
-106
113
79
-42
-116
117
-54
11
60
-66
38
-107
-1
-112
-95
-114
26
105
-41
-18
56
-100
-38
79
23
60
-124
-13
-127
59
12
7
126
-45
-40
41
-56
37
-110
41
127
33
126
12
30
-91
11
87
-82
-23
-88
-118
57
26
-40
-22
-126
69
-119
-125
-13
119
-94
110
-41
35
-37
80
-55
-61
-47
35
108
-62
90
57
93
-102
21
125
102
58
70
-3
-11
-86
-31
-91
-52
-15
-27
77
-7
55
-21
-9
9
39
-1
81
121
-105
-82
-126
109
107
96
34
-92
-74
-23
-118
-84
35
90
79
82
-108
29
9
93
8
65
89
124
-62
18
42
124
-88
-19
54
-66
-23
82
-52
-23
-30
59
-47
-36
67
-84
6
-25
109
-116
-120
58
31
-77
-99
-99
82
68
-83
98
97
61
-113
-104
109
76
7
-126
0
-27
-116
72
-16
-111
78
-21
-121
-119
119
126
-32
-125
-79
-108
-108
-52
-23
-11
-105
-105
83
-107
92
-107
-81
-58
64
-59
-54
-84
37
-114
71
-15
93
11
-97
-69
-53
-90
103
-37
68
-24
-46
72
59
-113
118
-53
-98
-31
83
-5
-5
65
17
108
-25
0
-119
36
-96
117
-121
78
-15
80
-50
51
86
43
93
101
97
98
-15
61
92
37
-53
-120
48
-53
-77
126
-122
105
61
-12
43
-92
75
-46
-71
-61
-45
-58
116
9
-29
58
114
65
-30
-124
-1
-102
24
93
63
-75
113
-107
21
-3
125
5
68
55
-68
-60
-44
89
25
-98
-72
-96
-76
-63
-83
-35
-28
-70
101
16
125
-96
-27
55
78
-113
44
104
-18
88
21
30
-71
119
126
-47
21
70
-86
-55
-6
112
-28
51
-79
-89
101
117
-37
-102
120
-65
-74
33
-36
-30
-100
-69
106
102
-52
59
-9
-42
109
-66
124
95
-48
-32
117
-102
-10
48
-122
-91
82
-31
100
120
-49
-62
-13
118
21
112
-84
67
8
-55
66
-42
-110
-91
-123
-49
-93
-63
-122
10
118
-4
-4
116
21
-58
-26
29
31
-43
114
-113
-55
25
30
95
35
-13
29
1
-99
-94
-4
-32
-55
-2
-123
-82
98
104
-28
-7
-114
1
8
0
96
26
76
-60
-95
-20
87
98
-48
-119
64
-97
103
19
-10
-59
96
44
-32
-82
-8
-83
-64
30
-77
-101
-35
86
-96
87
97
-27
-34
20
0
-62
95
-114
-38
-104
-20
-6
-93
97
105
56
1
54
91
80
53
101
-89
28
-2
-59
-100
66
-70
70
52
102
-49
-52
-105
-99
73
62
-31
36
-59
-39
37
82
-115
-53
-78
-53
4
-3
-107
-9
69
48
95
-78
7
75
40
69
-60
-13
-45
-107
26
93
-108
-101
113
96
-80
20
-34
-49
-124
122
71
5
-55
50
-56
-63
22
7
86
53
-90
-41
-94
89
92
-116
64
-123
4
78
9
63
-36
-8
-66
82
83
-56
-18
32
16
90
25
56
54
-41
21
43
-25
106
-79
-100
7
-13
-103
-105
66
0
121
36
80
-7
101
27
119
-102
121
57
82
-90
-68
116
-46
-38
74
-116
-126
32
-77
-29
15
6
-98
-114
7
110
-78
-84
-31
-121
-74
-10
62
-4
-10
-104
110
107
-23
64
54
24
18
116
-48
-29
36
40
52
119
105
-112
-106
-59
100
51
48
-79
-74
65
65
10
62
38
86
-64
-124
95
-56
81
88
-116
-122
-123
-74
-57
20
91
-19
53
-44
67
0
-38
-123
-115
77
-78
9
34
108
-3
107
114
90
-38
32
-83
-41
23
-115
54
12
72
-54
85
113
22
-90
44
-18
-38
-21
-20
65
107
-29
72
-97
51
26
42
-98
-119
102
-91
82
59
37
44
-74
105
-58
1
78
-102
-117
-17
11
9
-116
60
111
64
0
-38
-15
-24
-72
-35
-93
-32
-20
50
18
-116
58
-115
110
112
-20
-93
-21
-3
122
-102
102
-86
79
-67
76
71
-48
117
-72
-114
-101
116
-37
-4
12
52
-95
-33
6
-96
-111
-81
-16
17
-10
-95
-3
123
60
122
-79
-23
-100
-95
-95
38
-4
121
122
-67
16
-19
68
36
-58
77
-24
53
-31
88
-16
-35
-29
-102
-113
24
49
-8
-31
29
114
-119
115
-43
56
-89
6
-110
-30
70
-112
-2
-63
-123
-124
82
121
-125
83
-56
-86
116
51
82
-48
-12
31
-116
104
-102
31
-17
85
-47
-55
72
-127
-29
8
105
-57
87
28
31
17
125
-30
100
-67
71
86
-43
70
90
86
102
32
101
-87
84
-29
-78
63
91
-84
-5
-70
42
-64
126
46
20
115
83
37
8
73
-2
-25
-61
90
65
-8
68
-5
52
-31
-128
-102
-105
51
88
-22
102
-54
-56
65
-82
79
97
62
-96
0
-7
-82
-29
-76
-95
-80
47
25
-41
24
24
65
-3
18
39
93
10
8
47
-56
-128
-59
-34
71
-98
-38
-109
-113
-42
64
111
7
-127
64
-81
-48
-46
-112
57
3
8
-65
116
57
-24
-46
93
81
107
48
-40
109
-76
-69
67
62
68
64
81
-126
113
17
22
-54
20
-16
94
-127
-125
47
67
42
-65
22
-1
-23
-18
-123
-2
69
11
-38
56
44
-36
21
-67
55
36
59
-111
48
27
-8
-69
-46
27
-121
-103
-49
-100
-41
118
24
98
-26
94
88
-11
113
49
-63
82
-48
-9
12
-32
28
115
-69
-91
-110
-5
-94
-70
60
-121
-91
-4
-50
7
-61
5
-50
-6
84
91
-9
60
-114
-26
-32
31
78
-88
-39
-66
22
-88
21
-114
81
47
15
54
-33
55
38
-95
-51
33
-118
81
100
-90
92
-10
102
16
17
63
-108
-86
24
-16
115
117
-68
53
80
28
75
53
-126
42
120
-21
-17
123
-2
49
-46
-16
-122
30
-69
103
-53
-110
-41
-21
-4
15
113
39
98
-53
-71
33
66
3
-60
37
5
-111
-43
-2
-106
-63
-37
109
12
97
58
-45
-119
23
-50
49
97
-8
45
82
127
85
45
71
5
-40
-89
20
51
-48
122
-87
-118
-54
-46
20
49
97
-86
-12
-105
87
-113
49
90
-28
-89
-22
104
77
-13
-81
100
-71
-47
-15
75
65
-59
-74
87
70
120
-111
35
7
1
-46
17
114
100
-6
-23
59
88
114
-62
44
78
124
38
-68
-82
105
113
-30
100
13
122
43
-101
112
117
11
-56
-58
24
112
-21
-95
-3
-99
18
102
72
54
30
-3
-119
-105
-55
-51
-28
106
-24
-24
111
121
-18
-126
-37
-64
-78
-88
87
-57
114
47
-79
47
23
-22
-66
-118
-70
32
-3
112
104
60
119
-49
34
-57
-23
-126
40
-108
37
37
120
58
-74
40
-111
-57
-61
35
124
-77
54
105
13
19
28
-32
103
15
79
16
-66
-106
83
121
97
81
127
42
-9
-43
93
-113
8
28
83
-117
-64
54
-126
-58
-16
60
-18
73
86
-122
-33
72
30
29
-120
62
-88
115
-25
64
-116
82
-20
-118
-36
19
-35
95
-87
16
-7
16
-56
92
92
90
-43
-79
34
-12
121
-87
-49
105
-23
49
-17
36
-81
59
-7
-55
-83
-76
121
-52
95
-74
110
60
96
-2
-15
-33
48
-96
24
-124
52
-7
26
-107
-2
-26
-76
-20
-49
51
-53
-25
90
87
82
-65
-53
94
110
21
8
38
-40
-50
55
-50
-124
33
-128
108
-128
-18
20
-2
30
82
110
-92
85
120
-39
12
101
-78
50
45
-70
-56
-17
56
19
-112
96
-53
-29
-66
53
104
-9
-2
65
39
90
64
125
-89
118
83
80
74
123
-74
13
-94
5
-85
-66
38
-7
-116
32
42
-81
98
-18
14
87
-76
98
-75
-107
-99
-6
56
111
33
120
-36
105
-63
44
66
-18
77
117
-34
-14
-6
-122
-86
-42
-75
102
28
-116
-74
58
85
-5
87
-57
-101
-91
39
51
9
-121
58
11
-123
64
-60
-117
-13
118
-26
25
-88
118
-56
18
34
26
-24
-55
-10
-16
-78
-51
9
-104
80
107
3
110
-61
116
1
106
51
65
-117
68
-125
-13
-59
-37
41
-1
-23
-41
61
-21
-12
-115
-49
82
-96
36
126
46
-109
-10
70
87
-42
57
-102
70
-120
-33
-77
31
-44
-70
39
-17
32
-28
-67
49
-121
94
-128
-104
-118
-9
18
8
2
112
67
-27
89
-35
-30
-111
-6
78
-44
48
6
-81
98
-81
73
-19
-41
4
108
91
75
-73
108
83
-70
-95
75
32
89
-12
5
27
41
123
-59
21
-52
35
89
-11
-104
-69
-29
-94
-22
-8
-46
36
-68
-68
17
6
122
-105
126
-2
18
-113
-98
-48
75
28
-113
111
87
119
62
101
-85
20
-38
118
14
109
-120
-128
-16
2
88
-90
-2
-98
119
-83
-13
-37
-89
-90
-79
-24
-19
-50
-112
-118
-119
-78
-10
97
43
-105
40
109
100
24
95
-47
91
17
31
-42
-63
-68
-60
50
7
26
94
-117
-50
-107
-66
55
-97
-29
-47
70
-36
45
45
-62
-10
113
-22
53
-31
37
-77
108
-59
29
28
123
-9
-82
54
1
39
20
98
-83
-37
17
98
1
28
-41
-74
86
110
40
37
33
6
-68
-102
116
56
-29
49
-56
47
107
-110
-7
-32
-60
126
-110
64
98
-89
75
-75
99
-59
-48
-53
114
-26
-60
41
-21
5
6
-61
63
-33
51
81
-101
2
108
-1
-60
39
89
102
70
-63
109
-69
-51
-42
108
70
-45
14
43
22
123
10
-104
-12
-67
-10
-7
-107
-60
98
121
20
-108
77
-32
-97
-16
-125
-94
112
123
42
27
-2
29
-105
25
117
-88
102
-101
100
-68
-55
-40
-74
-24
32
-125
-28
17
-54
78
105
24
59
-83
117
-73
79
-36
-27
-84
-34
35
115
26
-111
89
42
44
-12
-89
30
-5
-52
-114
89
-78
-86
43
24
-16
-64
-70
56
109
-12
90
-21
-31
51
15
-81
33
8
13
-127
-117
109
52
77
-91
-31
-41
-86
1
-70
-63
-60
100
-67
122
-103
38
-20
-58
105
-36
-97
111
103
53
-42
68
-75
34
-50
98
-113
58
-46
-78
-57
92
84
-77
113
-106
60
122
-33
69
-128
-9
-48
126
-11
121
-28
-83
101
116
83
124
-31
-125
-33
-9
88
-87
7
-19
105
-36
126
-103
118
-60
-37
-127
-6
-64
-110
-97
28
42
35
-65
-124
-36
-111
40
109
-14
22
126
-5
-46
21
-25
-49
106
80
109
-38
-71
91
-92
110
-111
81
-116
-101
-101
-59
-72
-72
-101
-5
-80
64
-11
88
-107
-32
113
24
3
-51
59
63
59
91
46
-46
-126
-52
81
70
-60
101
-94
57
125
-56
19
96
-38
125
-45
-63
27
-46
-50
34
59
-27
119
-63
-45
-1
-59
69
60
35
123
-11
-13
-25
-83
40
66
-125
-128
-4
29
40
49
75
75
-109
89
-37
-58
-31
111
-43
99
-91
-114
121
-75
56
120
15
47
80
-36
33
-118
-44
-44
-25
102
-17
-78
3
52
100
-4
111
83
33
-75
-77
121
22
-34
91
85
71
61
-88
115
32
93
-122
95
9
-42
-66
13
59
-50
109
120
-46
-64
-75
-118
35
125
-78
60
79
112
-81
-2
25
37
-102
89
-12
13
-74
-45
96
123
-112
19
119
-13
52
69
-61
-92
-96
-64
83
51
121
-26
14
-70
-3
76
71
17
57
28
-111
76
124
-73
-44
-124
11
-98
-96
-37
22
-110
-62
-70
-21
-6
21
93
106
-122
-101
-110
-71
18
-52
-67
57
-51
46
32
-72
-102
38
89
-24
-74
14
44
15
-101
-121
-125
1
37
17
-77
76
-12
-39
1
-78
17
-47
101
-36
-44
6
-114
76
5
47
37
-108
65
-127
86
-59
-97
-53
-115
43
-108
-66
125
55
20
-116
103
-67
-6
-74
-103
96
-86
30
53
74
-11
100
51
32
61
111
-87
52
-39
74
74
-3
-70
50
45
-59
79
-19
-47
-94
-89
93
93
-89
-42
84
44
91
-103
-86
-120
106
61
-115
-74
-101
-68
25
52
2
42
40
62
119
79
108
-106
71
-106
-69
-123
41
38
-87
29
115
78
92
-62
-115
38
-100
-23
-90
115
42
30
-89
-52
83
76
101
-5
-60
57
27
-90
-96
80
23
47
-48
-93
-77
-40
-101
48
-121
43
118
99
-35
-103
29
-35
101
97
-30
116
43
-77
69
123
-59
21
-58
67
-47
7
-9
-31
-97
-30
-43
50
42
6
88
29
77
52
73
24
51
57
84
-18
16
-51
94
-65
14
-70
25
72
-117
65
-43
100
-127
-71
-103
-45
69
121
114
59
117
-8
11
108
43
51
126
-24
119
79
106
-93
13
-128
70
7
58
41
-12
59
29
69
-103
-91
19
5
-83
-82
115
-70
78
-59
124
-10
-38
-90
-117
-18
-68
-36
-111
35
-122
-124
-59
66
65
85
-106
72
0
-35
-28
-23
-68
13
111
51
91
-8
-112
111
18
-40
39
72
-19
82
-44
47
-84
-5
106
-3
-47
26
-96
-38
-9
-80
10
94
101
-75
72
-9
-29
-91
126
-117
-51
59
4
94
101
124
94
53
109
-8
110
-68
-10
77
-24
37
115
-20
7
18
17
32
126
-75
75
76
-78
53
-72
116
38
84
40
-2
54
80
-16
-70
9
6
-126
33
-63
93
65
-38
-12
-30
-109
-125
96
-80
55
-83
-38
-109
-39
40
-120
109
-29
-126
80
-40
-105
-54
-112
12
91
-103
16
4
83
84
53
-36
53
-85
119
126
89
101
20
125
16
96
6
65
55
-45
51
101
12
-41
-27
93
64
38
121
92
77
34
91
116
9
25
50
0
123
-57
87
63
-18
28
-116
65
69
64
-21
7
-114
-43
28
-26
-38
124
-53
44
75
-102
89
6
110
92
-46
-95
-53
-8
32
-112
-69
54
126
110
122
48
47
-60
125
85
111
44
6
-76
-86
-73
-11
120
-20
-115
-31
-82
-103
-45
103
79
94
-46
-62
122
103
85
-100
1
-46
82
36
39
100
-51
97
-88
123
-6
-58
-6
68
-94
6
-45
46
-57
42
-21
-97
-117
-32
3
-27
78
22
38
111
23
-57
47
61
53
21
-117
-107
38
-103
64
-8
-73
-9
46
84
109
-75
-107
123
36
77
-40
-44
-10
-128
-127
80
94
-18
-124
-96
-99
-28
-56
-90
93
117
-29
41
-107
-52
38
-52
-84
-64
-39
65
-31
-87
-57
-70
-22
114
-2
-96
-37
-16
-48
-120
74
114
29
99
-79
-102
-43
-12
19
107
-72
-120
-29
-94
96
-31
33
74
-126
115
-58
-117
113
-45
98
-61
-29
108
4
-40
-8
116
90
-52
120
30
25
-111
92
17
-97
31
-111
26
-40
-59
-8
29
94
-68
-79
82
-28
2
-103
-83
-44
101
17
-98
55
-34
2
-5
-42
33
30
59
-98
114
104
-28
73
-70
-10
70
59
-38
-11
106
-86
63
-17
70
2
-73
73
50
-120
-125
16
-96
61
-83
-11
7
5
-100
-107
32
8
-27
-2
85
89
100
111
119
-42
-116
96
-81
79
-5
-62
-73
-22
81
-120
73
-59
67
102
-40
-34
-21
-39
127
48
98
103
55
31
-111
40
76
22
68
-123
18
111
-128
64
-44
-109
23
-75
13
98
121
95
-38
-43
-51
-99
-80
-31
65
-74
74
-97
-98
27
-26
-85
31
-19
-79
-54
-125
-65
-128
-49
97
-99
-64
-65
-68
77
-80
51
-41
-44
-50
-2
74
61
-114
16
86
-107
82
-102
118
58
-105
115
54
86
108
-69
72
-90
41
-66
-43
-128
93
26
17
20
8
37
18
-14
11
-119
-30
-52
-36
49
-45
125
126
105
18
75
-79
64
127
105
102
49
-68
-64
117
3
-124
-16
-110
-18
63
-111
126
-1
-45
-66
122
-66
-68
-44
1
13
95
119
-74
83
-101
-42
-100
-38
-94
48
-123
118
7
-104
-51
104
24
-11
71
-127
109
76
120
-117
-63
66
3
-28
1
-36
101
108
-93
-118
-30
-95
57
100
-65
9
70
-77
-78
-47
80
-77
-105
-77
54
-105
100
29
-60
-50
95
-113
-123
-123
-113
68
-40
109
112
22
70
-66
-21
-100
19
124
-124
-107
19
-7
-42
-119
-65
-101
60
-83
-120
-33
-46
8
108
-98
-100
-44
-58
-113
4
39
106
14
-118
-46
-15
27
-73
-119
82
-90
82
69
-77
10
-41
-25
126
-41
37
30
-74
-44
119
-118
-116
68
-107
34
45
105
76
-45
-33
71
27
105
76
-86
47
-77
29
106
-110
-30
-53
-18
-97
51
-78
-17
-71
-50
104
126
60
-19
76
73
-76
64
98
26
77
-111
94
-96
-117
-92
-2
114
59
97
-99
81
-86
52
6
-83
20
-75
-122
107
95
-124
69
-26
9
119
-43
52
96
-8
12
-86
-15
-88
15
-94
66
73
-80
123
-60
-38
-6
-30
3
3
9
80
32
-76
32
-44
-127
10
-11
19
-57
114
79
-115
0
16
-45
34
30
98
27
-44
-87
32
9
-50
-80
103
91
-90
5
23
127
-33
-86
122
-88
-78
-122
38
33
13
92
36
-30
-35
-2
81
97
-119
-66
5
-86
-66
38
-13
-78
114
-23
80
-24
35
24
56
14
96
-103
77
71
-117
-42
-95
113
-35
-78
-42
-76
-86
-63
-125
91
-25
-72
-38
-29
-23
34
-120
82
111
85
-35
-53
-29
-91
45
94
-35
-41
118
36
-23
-39
66
-116
-118
-80
-49
-16
127
-79
110
108
68
-12
41
-17
-36
6
-88
-110
-50
-34
86
41
110
18
-65
24
93
75
60
105
83
-9
-45
27
28
61
89
-68
-31
54
-39
58
-87
90
58
-10
31
56
27
26
-106
107
2
45
74
-55
-74
-28
-23
-35
-23
59
82
-104
26
-59
-100
67
-70
64
90
-72
-114
109
29
-46
84
31
59
34
-87
-111
-49
-29
42
-4
1
48
-38
105
-120
117
-60
-60
109
36
-31
51
17
-87
59
-90
113
-97
83
-82
-87
68
-64
-110
-73
42
26
-96
-126
48
22
-63
27
-79
-14
80
66
-5
20
44
44
3
-18
12
-125
87
36
19
-81
83
-15
-91
84
-104
-57
120
27
-70
53
-18
-74
57
14
-94
30
-77
-56
64
31
87
34
-101
23
-99
9
-7
-5
52
-67
-79
-102
60
48
-7
38
-74
-81
-7
-16
57
-61
36
115
-26
90
-57
-108
-98
34
-30
40
114
54
56
-73
90
-4
-94
127
42
77
-88
-68
-61
-41
82
39
-122
-64
60
-67
15
-116
-23
-63
31
65
89
4
-39
-55
-34
100
50
-105
43
-109
-93
-114
-82
26
32
30
32
-99
78
-80
90
96
-15
68
106
10
-93
88
-26
-87
-52
12
-128
-9
-50
-123
-37
-36
-128
-113
-99
51
-34
-122
-58
-47
-1
118
64
-61
71
-127
-74
-40
-35
-127
-86
96
95
-17
-62
50
-43
4
99
-12
-28
29
-127
-106
69
100
-74
32
117
-83
-111
-82
-83
-98
48
-72
20
19
17
-105
52
-64
37
69
-86
25
38
101
34
110
43
-125
-125
91
122
-100
103
95
-99
-31
-50
-53
-72
-72
19
-34
25
4
31
46
17
-90
-36
73
2
68
-20
-99
-70
72
-100
-107
-1
44
19
5
107
-10
-48
-56
123
-2
83
-88
-30
-9
25
125
35
45
-50
-103
94
12
-65
100
106
-30
-114
68
37
-26
41
-64
8
120
-4
-28
-1
-86
102
-25
119
0
106
11
-72
116
-88
-59
117
-67
-117
30
-95
-47
-61
89
-123
-87
-10
-42
16
68
-78
54
110
-18
-89
-64
-36
-62
19
3
-70
110
125
-67
-31
54
-90
-4
56
60
-67
-125
-126
-2
-46
111
122
32
-115
27
34
108
32
64
88
23
122
97
-86
69
-67
102
107
-48
-13
-121
6
69
-3
107
-109
48
-53
-111
-88
-102
-45
-16
114
-49
-69
-38
4
101
89
38
-18
121
-34
-114
18
60
78
86
-77
-81
52
47
-49
-86
-109
90
-81
35
31
16
-68
-83
-83
34
-108
63
-23
-35
93
55
71
48
90
-98
60
17
-69
-82
-83
28
-70
-111
-88
125
-29
108
82
17
-77
-100
32
-56
101
64
74
78
9
-9
125
-22
-42
-21
-47
-90
-63
14
-6
-80
79
-93
-62
0
-89
1
-73
59
-21
-109
32
-41
-56
36
54
-127
76
89
-111
-69
-8
127
-31
-54
23
-121
-34
-49
78
79
-126
52
115
36
117
73
-94
-124
-55
47
-114
40
-25
-10
22
66
-55
2
25
3
106
-77
-118
96
123
69
-57
22
88
-12
38
-21
58
100
-47
55
-82
65
-43
-92
70
34
117
50
-114
-76
-60
126
65
20
115
67
-67
124
-25
33
-75
34
-114
-99
38
93
116
106
-116
10
17
-25
85
46
102
-24
-106
-35
72
-71
-3
90
-5
96
7
127
2
35
114
95
54
74
-10
43
22
38
48
82
94
82
-33
-20
-37
57
82
89
125
-40
33
37
-82
-58
28
47
-30
113
-127
11
111
-86
114
-92
-96
100
-91
38
4
-72
94
27
12
45
-102
-44
-43
55
-115
10
67
-3
79
-59
79
95
-45
125
-94
56
24
127
98
-32
-93
-109
76
-10
44
-36
3
92
-104
-1
-89
-126
39
-120
-86
-24
-17
-119
-33
-34
-119
-125
-44
-113
10
-118
98
61
52
-91
-126
-50
-18
116
98
-120
-14
21
-71
25
-58
71
87
-38
-19
-48
0
84
94
29
122
4
53
41
-27
91
-87
-96
75
9
62
67
120
123
59
-114
12
-94
95
-104
-50
-9
-48
60
67
-68
84
118
-128
-124
-61
15
60
-11
-67
125
41
-51
-104
5
-123
35
-100
34
-21
-16
115
42
112
-51
-37
47
-21
-2
-98
35
-108
-80
-60
64
-47
127
7
-89
76
59
-121
72
73
-20
-65
1
55
19
-72
10
-124
51
124
-112
-74
-112
-50
-96
-72
55
24
71
113
62
-91
-8
-101
77
16
45
-45
94
-3
81
-20
-64
6
-34
-119
98
-7
-61
-21
78
64
8
7
116
-96
-76
-36
-87
39
-17
3
-17
95
100
-120
-9
-56
-23
-8
-28
-123
98
-69
82
86
-30
-92
-105
-58
20
-57
72
-90
-38
-117
0
-71
51
0
92
-79
98
114
74
90
77
62
-124
22
35
-28
87
-119
65
94
-87
-107
87
-80
58
-119
-58
-63
42
-107
77
105
-68
-126
-27
-53
89
-97
-23
-27
-40
-1
122
101
-4
-31
34
-66
62
112
-73
124
-51
-83
-125
-44
-44
-87
-95
-128
-5
-9
-86
-54
48
97
-110
-26
-89
-38
-52
-124
31
-76
-75
-90
104
19
47
-81
34
-94
-116
-67
-57
-124
-81
57
-20
-114
109
-83
-61
-77
57
-43
-27
-65
1
-8
78
73
83
120
-87
-30
-60
-87
-49
-109
-110
-33
-118
-121
-120
-53
-98
4
34
7
10
-96
-14
-17
-117
-79
66
-77
98
5
-5
-86
87
-45
-58
-23
-2
-14
112
21
57
73
-109
117
-2
-121
115
75
90
20
38
101
-74
71
-8
-17
90
-39
13
-117
47
-103
72
-92
-55
98
108
-2
-92
74
-127
-110
-82
29
122
-102
6
10
20
-24
4
-101
1
123
121
-21
70
84
56
19
-30
-122
-43
-27
-80
-115
-84
-35
-114
-32
37
84
-65
-54
55
-9
-114
117
43
120
52
72
-93
-125
-4
114
-38
-12
-91
-57
45
71
8
-52
-37
79
-5
13
9
43
116
-73
9
119
-14
98
-37
-65
24
47
-12
57
-101
19
63
-77
95
114
98
-54
-35
-16
66
93
-56
-124
-55
65
-16
-50
-25
54
102
-86
-42
26
-31
5
-93
93
96
-17
-22
-75
17
-14
-31
19
114
-94
-105
-43
-74
118
126
61
106
-42
40
34
88
117
78
-27
-84
-31
22
-89
85
89
-107
-71
-82
-34
-109
84
94
-116
-113
-117
125
43
3
125
-8
2
-22
-49
54
-21
126
90
-5
-83
70
32
-115
-123
80
-123
22
6
-68
-68
74
36
122
127
73
-117
83
3
-57
53
46
43
106
59
-116
-4
115
-21
86
81
-95
28
-40
-49
82
-66
13
28
-20
-75
29
76
123
-24
36
-100
-100
-108
53
99
-103
-25
-97
69
-43
-54
110
-86
107
-2
53
110
18
106
11
-37
68
-77
-44
-44
-97
14
-62
82
-117
82
27
21
29
82
60
-109
59
105
-34
53
1
86
-104
-62
100
74
-91
27
21
64
-24
42
-88
-115
45
21
-10
-72
-78
-73
-64
-117
-26
80
-107
106
112
123
-11
-28
115
97
-74
-120
16
45
-89
-6
45
-64
116
70
117
-91
-55
115
-96
71
-70
92
-11
97
99
-69
13
-73
-53
-121
-39
4
15
-128
-25
51
-68
8
-32
-47
124
52
86
-61
-11
35
-68
52
-18
-114
-74
-46
-77
-95
-108
58
-69
9
24
-80
-119
79
-128
20
-48
100
-64
17
-38
125
16
-104
42
32
-90
-115
97
127
-59
-64
94
6
-10
30
-87
48
-106
41
18
-98
-112
-91
-107
106
108
-108
-127
-71
-119
101
-38
-113
-90
105
-5
-24
-89
-122
127
4
-106
47
98
2
-23
-109
100
-80
3
21
-82
-94
-3
-3
-72
-127
-91
109
106
-90
-57
-106
-126
-25
-84
43
53
-79
-31
22
25
88
57
107
66
-86
21
-102
-85
-54
-29
-24
-40
60
-27
32
-70
60
52
-123
-45
84
4
12
-101
45
41
-56
33
-90
-37
-90
-11
35
-74
90
70
39
4
-103
72
38
63
-119
-40
-108
-46
118
99
66
32
-58
4
-22
-57
47
-20
9
38
39
7
-20
29
-100
-35
14
19
-26
-74
-95
62
-6
1
107
30
-32
-10
-45
75
103
123
60
113
23
68
-111
-103
103
63
33
-86
48
47
-82
47
98
-106
-64
90
-10
-39
63
73
35
-97
65
-119
-43
122
33
-39
91
-55
-47
48
95
-35
113
1
28
90
32
-67
-53
-32
18
-102
94
-21
-30
-109
113
-8
42
-81
126
-22
82
-121
80
-85
-91
2
-70
22
-86
100
-120
21
-79
-121
-74
6
-84
103
-32
100
64
-27
-6
-93
28
-60
65
91
-118
-8
113
-87
67
32
57
-45
-120
81
-20
42
110
21
121
53
122
-77
-99
11
109
-79
87
1
97
-104
-99
-123
21
-9
77
74
-122
-86
102
-90
-65
92
120
56
-15
75
89
-51
-58
75
26
-124
-13
14
57
49
13
-94
24
0
-99
59
-82
91
118
51
125
13
70
79
-60
-89
108
68
-11
34
9
122
105
-57
90
15
83
76
69
31
-13
64
49
67
12
-87
27
87
-105
-21
-26
-127
-71
-21
-13
110
-13
117
-14
-33
-103
-37
-8
101
-123
-33
-47
104
12
-45
-105
110
49
-1
-125
-102
25
67
4
115
-65
-2
14
-24
-23
46
-75
-112
91
-40
-6
54
74
-86
-27
-108
19
-33
-44
95
45
99
18
-124
92
55
-85
-78
40
24
127
24
-114
91
-106
112
-11
28
-77
60
100
-105
44
79
-15
-42
-8
-112
125
-115
10
-5
-98
66
-35
-24
-35
-80
81
-112
34
110
-75
-51
108
-52
37
33
-59
-2
22
-6
118
124
47
52
119
-88
91
-32
41
-79
28
68
71
-72
34
34
26
50
28
62
-19
-114
-50
26
-63
23
99
4
66
27
5
82
-7
77
-84
-19
-62
104
51
12
-127
21
-79
66
17
15
6
-69
125
-123
-76
-61
115
-64
-15
-121
-11
5
-6
32
82
-67
-87
-51
85
-45
74
-128
-68
94
-85
-99
-21
-128
114
-2
-30
-115
-77
58
109
112
-62
39
-102
75
70
-99
112
94
-113
125
-34
42
42
-14
-14
-42
-78
-9
76
-47
-24
26
-47
-71
6
127
-92
124
81
39
82
-67
-18
114
76
121
-10
-29
-101
-22
-51
36
-49
-85
-81
74
56
30
-117
89
89
11
21
11
-102
-119
23
-51
61
34
7
11
-109
50
-33
-83
112
-112
41
-30
-36
112
89
28
11
-120
96
92
-112
114
126
-81
-51
82
88
-8
-82
-72
74
-15
-105
-56
-2
109
-102
-104
62
-32
-18
-39
6
32
-100
-70
-34
109
124
9
102
-80
96
-101
51
0
-113
-17
-39
106
117
14
73
-14
-104
-75
94
-43
-50
-74
-78
17
-82
-100
-74
39
68
-114
2
32
9
118
-23
-50
17
98
81
84
-121
42
-63
-23
87
83
-68
-40
42
51
78
-53
-105
86
-28
74
-105
33
97
127
58
-75
109
60
-103
22
16
63
12
-115
-127
-76
-99
74
56
-5
-68
78
74
-84
52
-120
-10
-40
93
62
123
-110
-109
-81
45
-82
-24
-9
-56
-55
22
50
4
-118
-72
-28
106
38
-71
-103
101
42
12
-56
-100
117
-99
-3
127
-125
-120
55
32
-14
-118
-113
69
62
-76
27
-69
-48
103
18
-19
55
124
49
-75
-75
-61
93
113
-3
-81
-119
90
59
79
-38
17
85
-128
9
123
112
98
10
-49
-73
8
-21
-19
87
116
-2
-14
-50
-62
58
9
102
-93
-33
-124
-4
13
89
43
6
49
103
-45
-43
-82
124
51
23
4
102
-12
-97
75
45
7
105
37
62
59
-40
-15
-56
15
67
65
103
-60
-80
-114
0
-73
-33
43
-20
-18
-117
120
88
-15
-20
88
-21
-37
-128
-27
-86
-80
11
98
25
-15
-35
112
-93
110
83
-123
60
92
-96
-101
69
-89
-51
37
-80
-118
-1
71
100
92
-7
70
-29
-83
-31
62
42
-111
71
19
-39
60
99
-87
-109
-49
-98
88
-88
114
85
-102
-15
-93
-39
7
-4
-51
-70
-124
105
29
69
-73
-108
-111
75
-66
117
82
36
32
-60
67
-12
3
96
-38
45
-96
-15
47
85
-11
-52
82
10
-71
24
-30
67
-107
47
-37
-40
-111
71
-80
69
-51
82
-102
-85
113
35
47
23
-26
-47
54
7
71
96
-70
42
18
-98
93
104
36
76
-17
34
-28
126
63
-69
-66
69
49
87
-45
-118
17
-30
-18
61
39
85
-70
-80
-116
52
51
61
60
91
91
47
107
-5
46
-32
29
-32
-41
30
-15
-11
36
-45
61
9
56
-27
96
-45
-128
92
84
52
-24
-61
-125
-67
78
-48
-36
113
54
71
37
-52
-64
27
-109
4
-40
-42
-104
-114
-83
60
-4
-28
100
43
47
-122
13
-58
-34
62
-42
-45
-60
-87
126
96
-61
-13
13
-83
51
-30
-61
70
122
22
78
112
-36
-113
64
-58
-107
111
-65
36
37
1
126
-60
-20
-5
-19
-89
-10
0
-83
55
24
105
71
42
60
69
29
-87
-7
-98
-95
-78
103
-1
-60
-69
49
50
-78
-104
-21
78
-68
-98
-90
-14
-107
9
-62
-53
-62
-101
4
92
76
-122
-24
-2
-72
-116
57
37
56
101
-34
-26
35
97
-9
-74
-93
78
41
117
-82
-100
53
-85
55
-65
-48
17
-91
-43
-81
83
-124
-119
-31
20
122
55
97
50
125
81
-20
76
68
1
16
-126
-5
15
-122
124
59
6
-63
-82
57
-110
-57
-38
62
45
64
-42
87
-6
-52
-113
77
-15
-102
78
-41
61
55
58
15
-30
-93
31
35
-93
-86
109
77
35
113
-124
5
74
80
46
117
2 1
3 2
4 1
5 2
6 4
7 1
8 3
9 1
10 6
11 5
12 3
13 7
14 9
15 2
16 5
17 13
18 1
19 16
20 18
21 14
22 7
23 17
24 19
25 4
26 5
27 23
28 19
29 6
30 7
31 25
32 7
33 19
34 15
35 29
36 2
37 19
38 3
39 8
40 2
41 28
42 9
43 27
44 16
45 4
46 36
47 14
48 5
49 4
50 17
51 27
52 5
53 16
54 1
55 49
56 49
57 37
58 32
59 15
60 11
61 8
62 49
63 41
64 53
65 30
66 17
67 65
68 57
69 63
70 36
71 4
72 32
73 6
74 65
75 20
76 28
77 17
78 61
79 42
80 1
81 61
82 71
83 56
84 20
85 65
86 6
87 46
88 67
89 19
90 5
91 1
92 44
93 7
94 64
95 14
96 26
97 63
98 22
99 39
100 1
101 70
102 75
103 78
104 1
105 57
106 20
107 71
108 12
109 3
110 42
111 69
112 5
113 16
114 17
115 91
116 104
117 12
118 12
119 39
120 66
121 21
122 76
123 101
124 88
125 22
126 121
127 19
128 55
129 30
130 69
131 41
132 78
133 17
134 78
135 70
136 61
137 76
138 55
139 113
140 110
141 26
142 86
143 115
144 73
145 53
146 73
147 6
148 102
149 111
150 24
151 97
152 10
153 11
154 106
155 146
156 31
157 47
158 58
159 41
160 78
161 67
162 17
163 45
164 50
165 18
166 75
167 13
168 158
169 127
170 45
171 141
172 136
173 139
174 139
175 32
176 62
177 69
178 11
179 56
180 29
181 17
182 24
183 159
184 135
185 69
186 16
187 124
188 176
189 33
190 82
191 39
192 37
193 183
194 183
195 72
196 79
197 154
198 33
199 87
200 45
201 194
202 88
203 184
204 26
205 40
206 5
207 82
208 21
209 54
210 33
211 56
212 89
213 54
214 190
215 79
216 186
217 67
218 23
219 116
220 66
221 88
222 88
223 23
224 185
225 32
226 37
227 136
228 53
229 66
230 134
231 210
232 199
233 182
234 215
235 59
236 64
237 179
238 183
239 131
240 238
241 210
242 199
243 62
244 240
245 102
246 230
247 190
248 239
249 166
250 64
251 87
252 59
253 224
254 144
255 76
256 207
257 168
258 7
259 138
260 259
261 104
262 101
263 77
264 161
265 145
266 30
267 250
268 252
269 62
270 2
271 178
272 100
273 31
274 66
275 62
276 202
277 77
278 179
279 194
280 8
281 28
282 219
283 38
284 120
285 105
286 78
287 85
288 202
289 117
290 158
291 55
292 4
293 138
294 173
295 205
296 202
297 92
298 113
299 98
300 271
301 47
302 23
303 190
304 34
305 215
306 221
307 125
308 105
309 303
310 279
311 26
312 93
313 86
314 210
315 48
316 115
317 211
318 159
319 147
320 224
321 113
322 47
323 204
324 287
325 299
326 166
327 90
328 266
329 279
330 72
331 99
332 232
333 276
334 113
335 2
336 82
337 32
338 224
339 3
340 86
341 204
342 272
343 126
344 95
345 21
346 80
347 21
348 31
349 231
350 291
351 145
352 18
353 290
354 214
355 354
356 27
357 250
358 223
359 24
360 269
361 19
362 341
363 351
364 190
365 223
366 50
367 172
368 360
369 84
370 325
371 287
372 238
373 353
374 149
375 13
376 13
377 79
378 228
379 192
380 225
381 239
382 279
383 348
384 144
385 274
386 174
387 176
388 300
389 253
390 287
391 362
392 179
393 342
394 264
395 221
396 149
397 175
398 312
399 319
400 28
401 74
402 237
403 79
404 252
405 292
406 143
407 22
408 402
409 30
410 273
411 145
412 14
413 32
414 264
415 11
416 204
417 296
418 8
419 271
420 208
421 167
422 369
423 182
424 95
425 26
426 202
427 332
428 70
429 388
430 109
431 390
432 189
433 57
434 187
435 175
436 191
437 434
438 367
439 402
440 107
441 320
442 150
443 121
444 154
445 191
446 349
447 64
448 229
449 204
450 350
451 223
452 440
453 112
454 415
455 225
456 295
457 230
458 267
459 348
460 223
461 334
462 107
463 168
464 138
465 219
466 51
467 249
468 292
469 440
470 199
471 174
472 101
473 255
474 272
475 402
476 283
477 282
478 468
479 416
480 139
481 422
482 307
483 49
484 255
485 12
486 190
487 188
488 255
489 441
490 70
491 124
492 137
493 297
494 356
495 268
496 334
497 263
498 136
499 319
500 181
501 116
502 414
503 368
504 499
505 194
506 286
507 223
508 208
509 303
510 1
511 164
512 419
513 478
514 172
515 140
516 301
517 459
518 314
519 490
520 60
521 125
522 225
523 448
524 171
525 421
526 340
527 100
528 10
529 101
530 11
531 208
532 224
533 376
534 77
535 159
536 268
537 40
538 19
539 61
540 388
541 136
542 478
543 117
544 363
545 348
546 307
547 27
548 533
549 281
550 313
551 62
552 330
553 41
554 66
555 261
556 152
557 194
558 162
559 25
560 454
561 189
562 347
563 219
564 460
565 455
566 101
567 240
568 288
569 299
570 562
571 188
572 159
573 467
574 205
575 148
576 154
577 456
578 98
579 343
580 510
581 390
582 72
583 581
584 448
585 53
586 318
587 527
588 319
589 556
590 522
591 321
592 188
593 311
594 239
595 578
596 108
597 288
598 261
599 100
600 487
601 162
602 333
603 15
604 154
605 478
606 224
607 426
608 472
609 586
610 146
611 501
612 337
613 218
614 579
615 402
616 134
617 32
618 285
619 229
620 50
621 195
622 41
623 611
624 194
625 140
626 46
627 378
628 183
629 533
630 57
631 56
632 11
633 205
634 20
635 256
636 454
637 183
638 629
639 328
640 223
641 266
642 329
643 540
644 237
645 110
646 553
647 335
648 337
649 36
650 295
651 640
652 539
653 244
654 514
655 165
656 274
657 146
658 535
659 651
660 625
661 549
662 477
663 75
664 309
665 412
666 267
667 126
668 540
669 661
670 379
671 445
672 432
673 304
674 63
675 455
676 508
677 128
678 240
679 217
680 241
681 608
682 177
683 357
684 388
685 101
686 556
687 248
688 336
689 482
690 572
691 303
692 664
693 12
694 468
695 240
696 484
697 615
698 357
699 103
700 231
701 124
702 532
703 631
704 647
705 613
706 629
707 103
708 595
709 337
710 163
711 15
712 462
713 101
714 637
715 497
716 125
717 563
718 545
719 51
720 143
721 581
722 38
723 571
724 196
725 302
726 498
727 142
728 716
729 206
730 168
731 576
732 9
733 404
734 692
735 221
736 361
737 527
738 676
739 488
740 144
741 446
742 641
743 444
744 628
745 689
746 18
747 8
748 328
749 559
750 439
751 581
752 660
753 513
754 612
755 24
756 698
757 231
758 520
759 74
760 379
761 433
762 90
763 414
764 274
765 397
766 143
767 431
768 564
769 663
770 159
771 91
772 527
773 373
774 50
775 629
776 503
777 61
778 50
779 349
780 705
781 295
782 130
783 1
784 537
785 47
786 319
787 180
788 539
789 491
790 333
791 632
792 698
793 9
794 313
795 430
796 214
797 751
798 454
799 775
800 488
801 102
802 177
803 433
804 536
805 412
806 726
807 537
808 315
809 769
810 256
811 739
812 789
813 741
814 386
815 621
816 192
817 392
818 394
819 462
820 542
821 454
822 353
823 363
824 495
825 316
826 81
827 175
828 669
829 118
830 292
831 54
832 108
833 803
834 470
835 681
836 383
837 438
838 836
839 463
840 260
841 126
842 336
843 249
844 13
845 96
846 683
847 58
848 281
849 307
850 144
851 70
852 214
853 284
854 792
855 748
856 234
857 203
858 463
859 809
860 44
861 850
862 284
863 579
864 492
865 21
866 600
867 152
868 139
869 190
870 855
871 609
872 722
873 802
874 316
875 578
876 516
877 43
878 34
879 593
880 56
881 855
882 316
883 196
884 645
885 77
886 650
887 208
888 813
889 855
890 720
891 111
892 60
893 56
894 880
895 188
896 451
897 6
898 110
899 426
900 597
901 538
902 3
903 540
904 808
905 503
906 346
907 109
908 296
909 364
910 456
911 87
912 862
913 430
914 651
915 413
916 82
917 58
918 899
919 666
920 154
921 718
922 617
923 293
924 68
925 458
926 292
927 150
928 597
929 413
930 226
931 68
932 891
933 369
934 707
935 716
936 393
937 163
938 461
939 575
940 519
941 878
942 309
943 337
944 5
945 175
946 574
947 667
948 699
949 609
950 510
951 263
952 60
953 714
954 646
955 284
956 690
957 5
958 75
959 867
960 439
961 258
962 123
963 618
964 660
965 939
966 386
967 456
968 572
969 848
970 428
971 547
972 113
973 473
974 319
975 900
976 362
977 386
978 150
979 28
980 273
981 491
982 603
983 258
984 965
985 385
986 152
987 400
988 957
989 566
990 742
991 88
992 614
993 60
994 377
995 889
996 96
997 144
998 73
999 60
1000 666
1001 300
1002 978
1003 760
1004 771
1005 289
1006 765
1007 633
1008 497
1009 111
1010 131
1011 742
1012 172
1013 809
1014 388
1015 275
1016 326
1017 949
1018 186
1019 702
1020 262
1021 179
1022 727
1023 859
1024 920
1025 213
1026 537
1027 49
1028 963
1029 440
1030 780
1031 1007
1032 438
1033 985
1034 231
1035 576
1036 184
1037 454
1038 1009
1039 511
1040 432
1041 270
1042 125
1043 434
1044 2
1045 685
1046 638
1047 961
1048 234
1049 485
1050 40
1051 771
1052 160
1053 790
1054 217
1055 993
1056 639
1057 980
1058 433
1059 241
1060 163
1061 351
1062 205
1063 120
1064 1059
1065 206
1066 925
1067 304
1068 251
1069 128
1070 725
1071 377
1072 680
1073 407
1074 699
1075 382
1076 483
1077 637
1078 714
1079 105
1080 1031
1081 761
1082 804
1083 39
1084 953
1085 750
1086 64
1087 669
1088 874
1089 1026
1090 597
1091 882
1092 149
1093 1061
1094 508
1095 901
1096 498
1097 899
1098 193
1099 907
1100 734
1101 691
1102 149
1103 9
1104 840
1105 402
1106 522
1107 115
1108 144
1109 236
1110 467
1111 422
1112 255
1113 865
1114 925
1115 313
1116 651
1117 1066
1118 138
1119 290
1120 872
1121 133
1122 240
1123 779
1124 437
1125 470
1126 944
1127 211
1128 1058
1129 592
1130 794
1131 712
1132 492
1133 392
1134 888
1135 24
1136 74
1137 951
1138 165
1139 865
1140 237
1141 470
1142 678
1143 769
1144 369
1145 709
1146 418
1147 531
1148 140
1149 416
1150 464
1151 265
1152 1057
1153 774
1154 908
1155 1081
1156 543
1157 375
1158 300
1159 92
1160 1130
1161 549
1162 1006
1163 576
1164 16
1165 645
1166 947
1167 421
1168 1000
1169 1070
1170 644
1171 105
1172 376
1173 270
1174 1082
1175 293
1176 24
1177 989
1178 569
1179 510
1180 439
1181 855
1182 745
1183 686
1184 1082
1185 1005
1186 45
1187 294
1188 690
1189 322
1190 193
1191 697
1192 348
1193 170
1194 887
1195 152
1196 1038
1197 615
1198 51
1199 1193
1200 725
1201 400
1202 41
1203 282
1204 858
1205 1086
1206 686
1207 667
1208 1000
1209 969
1210 100
1211 808
1212 682
1213 1051
1214 910
1215 988
1216 252
1217 611
1218 752
1219 49
1220 661
1221 572
1222 1122
1223 764
1224 1165
1225 1135
1226 829
1227 1103
1228 1167
1229 583
1230 452
1231 1045
1232 1124
1233 1075
1234 442
1235 95
1236 881
1237 273
1238 1191
1239 568
1240 941
1241 369
1242 1187
1243 156
1244 1118
1245 848
1246 622
1247 1219
1248 1054
1249 366
1250 621
1251 492
1252 219
1253 22
1254 278
1255 1114
1256 1244
1257 964
1258 762
1259 830
1260 796
1261 147
1262 451
1263 708
1264 631
1265 1232
1266 1183
1267 721
1268 1028
1269 207
1270 78
1271 613
1272 887
1273 637
1274 569
1275 687
1276 779
1277 298
1278 1096
1279 1084
1280 236
1281 1175
1282 984
1283 434
1284 356
1285 1134
1286 660
1287 1162
1288 660
1289 369
1290 1055
1291 538
1292 1132
1293 1085
1294 526
1295 995
1296 554
1297 1232
1298 289
1299 304
1300 1105
1301 816
1302 334
1303 514
1304 600
1305 461
1306 1059
1307 670
1308 632
1309 317
1310 679
1311 859
1312 310
1313 903
1314 509
1315 71
1316 437
1317 458
1318 984
1319 777
1320 574
1321 846
1322 341
1323 65
1324 850
1325 879
1326 243
1327 188
1328 926
1329 969
1330 1294
1331 679
1332 344
1333 372
1334 832
1335 898
1336 498
1337 1002
1338 665
1339 1280
1340 164
1341 69
1342 1071
1343 31
1344 1240
1345 293
1346 437
1347 1138
1348 366
1349 765
1350 5
1351 540
1352 650
1353 692
1354 987
1355 1246
1356 1222
1357 611
1358 79
1359 1006
1360 53
1361 1077
1362 555
1363 826
1364 676
1365 464
1366 1016
1367 226
1368 748
1369 530
1370 886
1371 25
1372 724
1373 530
1374 158
1375 815
1376 1348
1377 1240
1378 1135
1379 328
1380 193
1381 878
1382 187
1383 623
1384 617
1385 1265
1386 1018
1387 1208
1388 361
1389 868
1390 1230
1391 755
1392 972
1393 203
1394 61
1395 166
1396 257
1397 482
1398 330
1399 175
1400 1156
1401 918
1402 410
1403 1192
1404 1052
1405 316
1406 570
1407 549
1408 105
1409 778
1410 797
1411 1133
1412 467
1413 983
1414 1217
1415 1141
1416 954
1417 527
1418 1416
1419 684
1420 1195
1421 1025
1422 477
1423 482
1424 1333
1425 1059
1426 1207
1427 849
1428 712
1429 559
1430 1391
1431 1058
1432 596
1433 511
1434 283
1435 601
1436 115
1437 1380
1438 483
1439 1364
1440 868
1441 322
1442 1013
1443 1106
1444 439
1445 803
1446 1116
1447 1065
1448 556
1449 820
1450 750
1451 289
1452 3
1453 232
1454 1228
1455 151
1456 507
1457 404
1458 367
1459 528
1460 552
1461 96
1462 1189
1463 1332
1464 492
1465 252
1466 167
1467 1181
1468 1012
1469 256
1470 675
1471 846
1472 879
1473 199
1474 233
1475 549
1476 573
1477 402
1478 1468
1479 1262
1480 731
1481 442
1482 1437
1483 79
1484 1479
1485 676
1486 1302
1487 822
1488 231
1489 296
1490 149
1491 1298
1492 120
1493 743
1494 930
1495 62
1496 530
1497 540
1498 613
1499 962
1500 366
1501 1278
1502 1041
1503 504
1504 699
1505 931
1506 1331
1507 1177
1508 656
1509 168
1510 30
1511 460
1512 789
1513 1111
1514 142
1515 1465
1516 160
1517 1285
1518 17
1519 1201
1520 687
1521 1414
1522 513
1523 332
1524 316
1525 1429
1526 1341
1527 1014
1528 867
1529 145
1530 725
1531 999
1532 481
1533 544
1534 752
1535 1456
1536 1294
1537 989
1538 795
1539 662
1540 513
1541 561
1542 1478
1543 1497
1544 1306
1545 1157
1546 691
1547 467
1548 1097
1549 1303
1550 1184
1551 853
1552 468
1553 182
1554 976
1555 85
1556 921
1557 303
1558 1120
1559 1299
1560 445
1561 1154
1562 187
1563 775
1564 793
1565 1476
1566 648
1567 583
1568 815
1569 701
1570 545
1571 1247
1572 813
1573 193
1574 151
1575 903
1576 77
1577 539
1578 709
1579 860
1580 662
1581 1090
1582 489
1583 1234
1584 255
1585 1424
1586 659
1587 1363
1588 1353
1589 596
1590 246
1591 423
1592 797
1593 542
1594 85
1595 806
1596 843
1597 668
1598 1483
1599 736
1600 180
1601 971
1602 1575
1603 47
1604 591
1605 732
1606 8
1607 482
1608 1183
1609 1601
1610 749
1611 1560
1612 292
1613 227
1614 1389
1615 164
1616 327
1617 876
1618 1593
1619 309
1620 1519
1621 219
1622 1147
1623 526
1624 30
1625 103
1626 868
1627 1475
1628 387
1629 770
1630 350
1631 406
1632 62
1633 1136
1634 1433
1635 341
1636 307
1637 1046
1638 817
1639 939
1640 1109
1641 119
1642 665
1643 1000
1644 931
1645 1480
1646 1354
1647 201
1648 1210
1649 418
1650 1588
1651 822
1652 786
1653 318
1654 163
1655 1525
1656 742
1657 204
1658 1271
1659 560
1660 1641
1661 501
1662 645
1663 1240
1664 747
1665 1554
1666 138
1667 1068
1668 381
1669 696
1670 1332
1671 920
1672 690
1673 1389
1674 516
1675 771
1676 364
1677 194
1678 356
1679 1584
1680 645
1681 1051
1682 1039
1683 585
1684 1585
1685 1640
1686 1525
1687 771
1688 135
1689 565
1690 582
1691 880
1692 1334
1693 1105
1694 815
1695 972
1696 1165
1697 1242
1698 317
1699 1398
1700 511
1701 972
1702 376
1703 982
1704 1404
1705 1203
1706 1157
1707 464
1708 1246
1709 1369
1710 410
1711 419
1712 1340
1713 301
1714 1264
1715 1449
1716 33
1717 1673
1718 300
1719 1118
1720 64
1721 1010
1722 1318
1723 403
1724 327
1725 514
1726 961
1727 779
1728 1075
1729 48
1730 952
1731 440
1732 564
1733 123
1734 517
1735 1059
1736 612
1737 1617
1738 1541
1739 1636
1740 1329
1741 382
1742 1490
1743 754
1744 187
1745 1585
1746 1205
1747 1129
1748 436
1749 1029
1750 891
1751 644
1752 745
1753 1187
1754 1653
1755 610
1756 632
1757 1700
1758 1083
1759 297
1760 1093
1761 1373
1762 84
1763 913
1764 185
1765 1578
1766 352
1767 739
1768 168
1769 615
1770 433
1771 263
1772 951
1773 1255
1774 689
1775 53
1776 154
1777 1328
1778 350
1779 984
1780 1646
1781 500
1782 1158
1783 1186
1784 935
1785 1681
1786 144
1787 198
1788 1394
1789 975
1790 1234
1791 661
1792 1523
1793 1703
1794 217
1795 1616
1796 723
1797 695
1798 1779
1799 1155
1800 1681
1801 1405
1802 984
1803 718
1804 1641
1805 630
1806 1616
1807 937
1808 1000
1809 400
1810 1405
1811 81
1812 83
1813 586
1814 1743
1815 1162
1816 696
1817 1394
1818 102
1819 178
1820 752
1821 35
1822 190
1823 227
1824 1780
1825 248
1826 1546
1827 1031
1828 1546
1829 924
1830 127
1831 298
1832 606
1833 740
1834 328
1835 546
1836 488
1837 690
1838 247
1839 732
1840 1067
1841 1803
1842 1252
1843 351
1844 25
1845 243
1846 1367
1847 1321
1848 339
1849 783
1850 7
1851 1279
1852 765
1853 356
1854 789
1855 904
1856 1617
1857 182
1858 119
1859 616
1860 1154
1861 1040
1862 1657
1863 134
1864 180
1865 1858
1866 1303
1867 590
1868 1638
1869 14
1870 499
1871 749
1872 634
1873 1255
1874 1586
1875 1790
1876 181
1877 1279
1878 1454
1879 1822
1880 922
1881 1145
1882 1384
1883 1791
1884 676
1885 1426
1886 1825
1887 1665
1888 289
1889 1131
1890 1327
1891 1003
1892 27
1893 1522
1894 1572
1895 109
1896 1601
1897 840
1898 713
1899 6
1900 965
1901 780
1902 1473
1903 728
1904 842
1905 606
1906 1385
1907 1099
1908 935
1909 278
1910 453
1911 1628
1912 269
1913 1902
1914 299
1915 609
1916 1559
1917 389
1918 754
1919 610
1920 1092
1921 1822
1922 510
1923 432
1924 471
1925 788
1926 1226
1927 658
1928 170
1929 1591
1930 865
1931 1602
1932 1663
1933 1243
1934 1040
1935 368
1936 18
1937 1831
1938 204
1939 1323
1940 639
1941 1257
1942 1731
1943 738
1944 1609
1945 1312
1946 307
1947 1241
1948 1144
1949 1450
1950 185
1951 1758
1952 1922
1953 1655
1954 1567
1955 470
1956 1185
1957 421
1958 1153
1959 581
1960 1190
1961 877
1962 334
1963 1782
1964 1787
1965 363
1966 1054
1967 448
1968 834
1969 154
1970 1885
1971 1065
1972 815
1973 858
1974 140
1975 1807
1976 1696
1977 1013
1978 107
1979 682
1980 303
1981 1251
1982 1397
1983 1653
1984 1467
1985 541
1986 1799
1987 1759
1988 186
1989 101
1990 1556
1991 23
1992 261
1993 348
1994 516
1995 186
1996 542
1997 768
1998 704
1999 1617
2000 316
2001 1119
2002 1223
2003 1314
2004 789
2005 566
2006 1677
2007 1718
2008 307
2009 831
2010 304
2011 2010
2012 318
2013 645
2014 1294
2015 704
2016 146
2017 1498
2018 203
2019 284
2020 445
2021 1564
2022 356
2023 1331
2024 724
2025 1563
2026 580
2027 1079
2028 1185
2029 586
2030 825
2031 50
2032 480
2033 1950
2034 1463
2035 929
2036 475
2037 642
2038 75
2039 447
2040 980
2041 1381
2042 353
2043 368
2044 1392
2045 21
2046 1012
2047 1465
2048 450
2049 1269
2050 510
2051 1943
2052 1225
2053 1498
2054 1878
2055 868
2056 1296
2057 145
2058 1840
2059 1597
2060 443
2061 1461
2062 777
2063 1832
2064 1307
2065 559
2066 294
2067 483
2068 327
2069 1129
2070 1761
2071 1437
2072 968
2073 1622
2074 61
2075 845
2076 913
2077 1157
2078 233
2079 1597
2080 475
2081 2038
2082 96
2083 862
2084 1368
2085 99
2086 200
2087 1609
2088 94
2089 1024
2090 569
2091 1493
2092 1269
2093 773
2094 675
2095 1190
2096 444
2097 1082
2098 746
2099 802
2100 254
2101 2086
2102 1097
2103 1868
2104 1594
2105 748
2106 2105
2107 287
2108 183
2109 263
2110 989
2111 491
2112 1879
2113 37
2114 1213
2115 1620
2116 1975
2117 1811
2118 1931
2119 109
2120 14
2121 359
2122 1333
2123 2073
2124 1591
2125 1926
2126 1559
2127 1032
2128 1370
2129 1383
2130 1912
2131 341
2132 1009
2133 1439
2134 1261
2135 361
2136 778
2137 1614
2138 1476
2139 1521
2140 1079
2141 1678
2142 211
2143 798
2144 1715
2145 459
2146 1872
2147 712
2148 2072
2149 382
2150 1639
2151 1967
2152 1502
2153 1398
2154 329
2155 1963
2156 1487
2157 1540
2158 1526
2159 557
2160 900
2161 782
2162 1871
2163 292
2164 1783
2165 1647
2166 1596
2167 914
2168 951
2169 612
2170 326
2171 2097
2172 1729
2173 1230
2174 1082
2175 441
2176 2165
2177 942
2178 1121
2179 1500
2180 848
2181 1309
2182 185
2183 1769
2184 800
2185 1837
2186 662
2187 1583
2188 242
2189 339
2190 500
2191 644
2192 446
2193 1623
2194 1600
2195 1275
2196 812
2197 1497
2198 284
2199 439
2200 430
2201 1942
2202 1771
2203 1956
2204 1210
2205 1598
2206 772
2207 634
2208 136
2209 1175
2210 1286
2211 1116
2212 1855
2213 806
2214 2104
2215 1266
2216 1126
2217 708
2218 1557
2219 229
2220 1
2221 2084
2222 1959
2223 126
2224 879
2225 826
2226 182
2227 823
2228 2180
2229 883
2230 997
2231 2184
2232 230
2233 44
2234 1589
2235 1164
2236 564
2237 792
2238 1786
2239 770
2240 1950
2241 1998
2242 399
2243 905
2244 1083
2245 1634
2246 1340
2247 683
2248 934
2249 2091
2250 943
2251 1492
2252 874
2253 857
2254 2119
2255 1500
2256 1502
2257 1744
2258 907
2259 613
2260 195
2261 1440
2262 1532
2263 150
2264 199
2265 1918
2266 857
2267 2252
2268 1910
2269 1275
2270 2033
2271 663
2272 1788
2273 444
2274 1058
2275 393
2276 242
2277 1522
2278 122
2279 1023
2280 152
2281 1578
2282 480
2283 775
2284 1849
2285 672
2286 737
2287 1939
2288 1069
2289 1647
2290 1126
2291 917
2292 886
2293 312
2294 1443
2295 989
2296 1181
2297 1372
2298 1000
2299 997
2300 1517
2301 1467
2302 1109
2303 345
2304 1880
2305 1735
2306 1706
2307 1663
2308 1195
2309 1008
2310 1510
2311 2179
2312 6
2313 1665
2314 1165
2315 1959
2316 1273
2317 1835
2318 658
2319 86
2320 305
2321 2065
2322 1006
2323 443
2324 563
2325 2163
2326 2260
2327 952
2328 1876
2329 1887
2330 183
2331 602
2332 49
2333 420
2334 986
2335 1803
2336 1841
2337 2265
2338 1106
2339 1008
2340 362
2341 1882
2342 865
2343 284
2344 991
2345 2313
2346 736
2347 2048
2348 1181
2349 1796
2350 1426
2351 1257
2352 1334
2353 2220
2354 1827
2355 280
2356 1015
2357 1621
2358 1016
2359 1876
2360 335
2361 989
2362 2315
2363 890
2364 2272
2365 43
2366 741
2367 410
2368 742
2369 1688
2370 1013
2371 1657
2372 1645
2373 2099
2374 1852
2375 2315
2376 175
2377 1648
2378 180
2379 1795
2380 1952
2381 1378
2382 2309
2383 1605
2384 1709
2385 1658
2386 1655
2387 736
2388 133
2389 499
2390 908
2391 2275
2392 1413
2393 1103
2394 1133
2395 1653
2396 1846
2397 258
2398 674
2399 1217
2400 280
2401 1358
2402 2297
2403 449
2404 925
2405 282
2406 1940
2407 158
2408 1379
2409 464
2410 538
2411 211
2412 1111
2413 8
2414 1113
2415 1980
2416 1638
2417 962
2418 1652
2419 1070
2420 284
2421 395
2422 1668
2423 743
2424 527
2425 606
2426 889
2427 2390
2428 1594
2429 1526
2430 1836
2431 1681
2432 1395
2433 1218
2434 1088
2435 639
2436 1376
2437 2413
2438 2018
2439 794
2440 150
2441 911
2442 1280
2443 2425
2444 689
2445 2060
2446 599
2447 654
2448 364
2449 1659
2450 151
2451 548
2452 1016
2453 1818
2454 1317
2455 923
2456 242
2457 1912
2458 1731
2459 1625
2460 522
2461 1415
2462 1137
2463 242
2464 2190
2465 59
2466 463
2467 1722
2468 2242
2469 1111
2470 168
2471 2331
2472 1737
2473 1831
2474 1223
2475 1870
2476 1521
2477 1377
2478 258
2479 2168
2480 984
2481 1247
2482 520
2483 1526
2484 905
2485 1229
2486 136
2487 1720
2488 2360
2489 1807
2490 2234
2491 1005
2492 796
2493 1222
2494 680
2495 1572
2496 2010
2497 1923
2498 1
2499 194
2500 123
2501 832
2502 2326
2503 1174
2504 2288
2505 934
2506 367
2507 922
2508 2174
2509 1427
2510 1795
2511 241
2512 1009
2513 501
2514 895
2515 495
2516 1702
2517 910
2518 1056
2519 778
2520 2408
2521 1689
2522 2478
2523 2330
2524 2404
2525 473
2526 590
2527 2394
2528 76
2529 225
2530 1448
2531 228
2532 372
2533 224
2534 755
2535 735
2536 358
2537 1158
2538 298
2539 1824
2540 12
2541 2206
2542 209
2543 781
2544 1461
2545 2085
2546 2411
2547 766
2548 688
2549 1591
2550 1097
2551 971
2552 2040
2553 1608
2554 326
2555 881
2556 827
2557 890
2558 467
2559 1376
2560 1482
2561 29
2562 185
2563 2323
2564 974
2565 719
2566 1527
2567 573
2568 613
2569 726
2570 2024
2571 1866
2572 1516
2573 890
2574 1025
2575 2434
2576 1623
2577 407
2578 1954
2579 1573
2580 41
2581 2486
2582 1228
2583 394
2584 269
2585 51
2586 2185
2587 1545
2588 223
2589 1539
2590 27
2591 543
2592 859
2593 1951
2594 1680
2595 1678
2596 306
2597 1481
2598 1665
2599 1273
2600 1793
2601 2541
2602 1465
2603 809
2604 382
2605 55
2606 782
2607 1069
2608 1386
2609 83
2610 1902
2611 1920
2612 2410
2613 429
2614 21
2615 911
2616 822
2617 178
2618 1801
2619 820
2620 2479
2621 1274
2622 2385
2623 196
2624 259
2625 1359
2626 811
2627 1256
2628 1036
2629 1726
2630 1225
2631 605
2632 1812
2633 2341
2634 406
2635 529
2636 2007
2637 13
2638 2445
2639 842
2640 2004
2641 1777
2642 58
2643 536
2644 150
2645 110
2646 734
2647 1355
2648 837
2649 2405
2650 2570
2651 147
2652 918
2653 546
2654 1119
2655 482
2656 82
2657 1301
2658 1142
2659 2588
2660 268
2661 1738
2662 1538
2663 1242
2664 580
2665 2485
2666 2362
2667 615
2668 1994
2669 2144
2670 2441
2671 692
2672 2597
2673 377
2674 292
2675 2181
2676 2044
2677 947
2678 1613
2679 189
2680 770
2681 924
2682 1176
2683 1244
2684 830
2685 2402
2686 815
2687 2240
2688 2007
2689 858
2690 395
2691 2661
2692 1537
2693 658
2694 815
2695 1922
2696 329
2697 2677
2698 1439
2699 2654
2700 523
2701 1501
2702 2426
2703 1729
2704 892
2705 2404
2706 1891
2707 280
2708 423
2709 2683
2710 2147
2711 2528
2712 1850
2713 1951
2714 146
2715 1844
2716 729
2717 184
2718 1537
2719 2390
2720 732
2721 804
2722 1227
2723 1620
2724 160
2725 2328
2726 2156
2727 12
2728 516
2729 597
2730 2596
2731 1847
2732 1051
2733 1002
2734 1703
2735 1555
2736 1641
2737 2136
2738 1074
2739 2546
2740 287
2741 2206
2742 241
2743 1785
2744 1720
2745 654
2746 1132
2747 765
2748 1589
2749 799
2750 2277
2751 2417
2752 1380
2753 636
2754 42
2755 2624
2756 1828
2757 237
2758 1701
2759 1464
2760 2446
2761 1605
2762 1813
2763 1829
2764 2634
2765 1704
2766 2138
2767 2422
2768 2140
2769 494
2770 2672
2771 818
2772 397
2773 2616
2774 2079
2775 1966
2776 522
2777 1961
2778 342
2779 1382
2780 1587
2781 1863
2782 2307
2783 2282
2784 1648
2785 715
2786 860
2787 1341
2788 1286
2789 2594
2790 2377
2791 1981
2792 2158
2793 1725
2794 849
2795 890
2796 2012
2797 244
2798 2567
2799 1788
2800 1468
2801 367
2802 2547
2803 1887
2804 1612
2805 565
2806 2580
2807 2768
2808 1304
2809 1640
2810 1752
2811 2368
2812 1751
2813 1908
2814 886
2815 178
2816 1801
2817 2039
2818 60
2819 2112
2820 2782
2821 2137
2822 1168
2823 1042
2824 1048
2825 486
2826 805
2827 725
2828 761
2829 2049
2830 1366
2831 1014
2832 579
2833 2081
2834 1276
2835 913
2836 1834
2837 1449
2838 1148
2839 131
2840 2743
2841 715
2842 1871
2843 1756
2844 720
2845 622
2846 849
2847 1837
2848 1625
2849 2506
2850 421
2851 2750
2852 1910
2853 1796
2854 1294
2855 245
2856 2424
2857 1430
2858 1804
2859 119
2860 2334
2861 1338
2862 1516
2863 685
2864 1676
2865 1182
2866 2278
2867 2507
2868 2701
2869 1124
2870 1156
2871 633
2872 2274
2873 587
2874 2556
2875 51
2876 314
2877 2029
2878 119
2879 2029
2880 2362
2881 202
2882 132
2883 134
2884 2026
2885 1058
2886 2669
2887 2520
2888 235
2889 246
2890 692
2891 1415
2892 811
2893 53
2894 689
2895 2282
2896 560
2897 1132
2898 2888
2899 2539
2900 1030
2901 1002
2902 739
2903 1427
2904 370
2905 742
2906 1168
2907 1715
2908 502
2909 2150
2910 871
2911 1008
2912 141
2913 1921
2914 360
2915 1961
2916 1895
2917 2274
2918 454
2919 2858
2920 1446
2921 679
2922 347
2923 2281
2924 2685
2925 237
2926 2868
2927 2171
2928 2112
2929 997
2930 1954
2931 754
2932 2466
2933 551
2934 2579
2935 2760
2936 1603
2937 277
2938 114
2939 1597
2940 2128
2941 391
2942 400
2943 730
2944 1150
2945 2550
2946 2511
2947 1266
2948 1712
2949 1566
2950 989
2951 987
2952 2812
2953 1823
2954 2526
2955 755
2956 1039
2957 1121
2958 1975
2959 1339
2960 759
2961 768
2962 1834
2963 2300
2964 2344
2965 416
2966 2264
2967 79
2968 2308
2969 1313
2970 132
2971 203
2972 175
2973 2129
2974 2164
2975 640
2976 235
2977 1712
2978 162
2979 726
2980 1240
2981 249
2982 2225
2983 1472
2984 616
2985 256
2986 711
2987 1173
2988 1075
2989 2143
2990 2245
2991 2445
2992 958
2993 2405
2994 487
2995 1238
2996 613
2997 1095
2998 901
2999 2841
3000 1165
3001 2905
3002 2235
3003 562
3004 2433
3005 305
3006 1330
3007 735
3008 2442
3009 1273
3010 905
3011 123
3012 263
3013 2403
3014 546
3015 224
3016 2488
3017 920
3018 2020
3019 1695
3020 744
3021 2566
3022 22
3023 2960
3024 2889
3025 2699
3026 844
3027 2841
3028 1007
3029 1906
3030 1449
3031 3008
3032 174
3033 1580
3034 1327
3035 2452
3036 295
3037 2441
3038 2038
3039 2029
3040 822
3041 2680
3042 2505
3043 1308
3044 409
3045 1744
3046 1363
3047 106
3048 2026
3049 81
3050 899
3051 102
3052 2796
3053 42
3054 1982
3055 1067
3056 2079
3057 1772
3058 1805
3059 487
3060 86
3061 359
3062 2862
3063 2498
3064 1254
3065 2956
3066 1289
3067 1592
3068 1863
3069 1994
3070 104
3071 649
3072 1317
3073 1365
3074 316
3075 274
3076 2845
3077 672
3078 2850
3079 197
3080 2328
3081 1338
3082 68
3083 132
3084 1969
3085 2663
3086 418
3087 518
3088 1689
3089 2831
3090 1073
3091 893
3092 1750
3093 1456
3094 1247
3095 2554
3096 3000
3097 1352
3098 240
3099 1339
3100 233
3101 2445
3102 1787
3103 339
3104 2028
3105 1848
3106 623
3107 728
3108 2255
3109 1275
3110 1470
3111 1434
3112 756
3113 683
3114 1905
3115 1772
3116 938
3117 1877
3118 2256
3119 428
3120 1551
3121 1132
3122 3037
3123 23
3124 3061
3125 1499
3126 1447
3127 488
3128 2181
3129 687
3130 2416
3131 995
3132 2038
3133 2193
3134 1282
3135 3093
3136 2637
3137 649
3138 1508
3139 1415
3140 1957
3141 3109
3142 1171
3143 2826
3144 1826
3145 2019
3146 16
3147 1978
3148 469
3149 2200
3150 2261
3151 2397
3152 3090
3153 1132
3154 930
3155 1142
3156 477
3157 2790
3158 2206
3159 1385
3160 2190
3161 3011
3162 722
3163 1650
3164 1440
3165 2089
3166 1
3167 97
3168 1874
3169 848
3170 877
3171 1558
3172 197
3173 2630
3174 1349
3175 3064
3176 3169
3177 2476
3178 251
3179 2660
3180 1794
3181 433
3182 208
3183 2250
3184 380
3185 1189
3186 2023
3187 1200
3188 693
3189 2752
3190 625
3191 1914
3192 1211
3193 523
3194 2397
3195 217
3196 769
3197 2295
3198 1930
3199 1745
3200 1538
3201 2326
3202 126
3203 2462
3204 1258
3205 1219
3206 1447
3207 768
3208 1083
3209 2373
3210 321
3211 406
3212 1447
3213 606
3214 1806
3215 255
3216 115
3217 528
3218 1767
3219 1554
3220 3039
3221 2617
3222 39
3223 2184
3224 802
3225 1599
3226 2004
3227 698
3228 685
3229 1002
3230 2033
3231 1316
3232 357
3233 673
3234 1149
3235 1653
3236 1408
3237 1234
3238 2070
3239 1775
3240 2769
3241 974
3242 1200
3243 882
3244 1501
3245 708
3246 603
3247 967
3248 2927
3249 1813
3250 1116
3251 295
3252 2749
3253 2748
3254 2373
3255 1456
3256 2961
3257 2015
3258 1578
3259 2468
3260 2637
3261 118
3262 1526
3263 1318
3264 513
3265 1594
3266 922
3267 3006
3268 2313
3269 1736
3270 2191
3271 945
3272 2415
3273 1111
3274 2014
3275 2095
3276 2524
3277 988
3278 930
3279 1913
3280 3201
3281 2445
3282 3208
3283 892
3284 1610
3285 1575
3286 2706
3287 2952
3288 422
3289 2291
3290 213
3291 2572
3292 1637
3293 15
3294 2508
3295 3140
3296 1191
3297 1994
3298 1901
3299 1801
3300 2642
3301 578
3302 2051
3303 2576
3304 535
3305 2257
3306 472
3307 154
3308 2919
3309 2452
3310 3107
3311 1106
3312 1588
3313 814
3314 2745
3315 758
3316 1844
3317 433
3318 2723
3319 791
3320 2047
3321 3228
3322 1404
3323 2109
3324 2385
3325 1345
3326 2437
3327 1713
3328 1809
3329 2359
3330 930
3331 1169
3332 1636
3333 1938
3334 301
3335 1079
3336 1693
3337 2626
3338 2372
3339 1150
3340 1376
3341 1874
3342 2490
3343 1103
3344 2032
3345 2210
3346 2557
3347 1764
3348 3337
3349 2622
3350 2996
3351 19
3352 1523
3353 1320
3354 620
3355 2950
3356 568
3357 2920
3358 1955
3359 177
3360 2093
3361 2955
3362 1198
3363 1940
3364 2073
3365 2
3366 1863
3367 3013
3368 253
3369 747
3370 212
3371 3285
3372 2122
3373 2104
3374 2959
3375 2010
3376 661
3377 335
3378 2060
3379 57
3380 1496
3381 2327
3382 1609
3383 2969
3384 635
3385 3272
3386 558
3387 2278
3388 367
3389 1356
3390 1047
3391 1822
3392 1321
3393 1292
3394 175
3395 2223
3396 439
3397 3173
3398 1931
3399 520
3400 914
3401 2588
3402 1267
3403 2396
3404 1617
3405 576
3406 2657
3407 398
3408 594
3409 3119
3410 462
3411 3319
3412 3356
3413 1614
3414 1632
3415 457
3416 678
3417 3133
3418 1834
3419 494
3420 2526
3421 2385
3422 3371
3423 2572
3424 1903
3425 836
3426 652
3427 1259
3428 3109
3429 1846
3430 665
3431 992
3432 2260
3433 166
3434 3122
3435 3162
3436 1520
3437 2945
3438 957
3439 858
3440 362
3441 216
3442 17
3443 1069
3444 1463
3445 1120
3446 1505
3447 2064
3448 390
3449 2221
3450 2149
3451 728
3452 1053
3453 1196
3454 839
3455 439
3456 2903
3457 2874
3458 172
3459 2030
3460 1967
3461 1471
3462 824
3463 1362
3464 57
3465 1663
3466 2701
3467 2378
3468 2375
3469 387
3470 2932
3471 493
3472 3132
3473 276
3474 150
3475 278
3476 2762
3477 2869
3478 836
3479 147
3480 1428
3481 1146
3482 330
3483 3023
3484 1862
3485 43
3486 1978
3487 850
3488 3030
3489 1461
3490 3132
3491 2999
3492 1852
3493 3007
3494 1384
3495 2188
3496 2546
3497 921
3498 2702
3499 2921
3500 623
3501 2677
3502 1242
3503 378
3504 756
3505 2154
3506 3476
3507 2231
3508 2141
3509 246
3510 2537
3511 2536
3512 2354
3513 1674
3514 2046
3515 521
3516 2338
3517 1571
3518 273
3519 2215
3520 1227
3521 383
3522 3422
3523 180
3524 1055
3525 782
3526 1869
3527 2687
3528 408
3529 1594
3530 1593
3531 107
3532 11
3533 1573
3534 1480
3535 1822
3536 131
3537 34
3538 1074
3539 1753
3540 3194
3541 1989
3542 3335
3543 3380
3544 2700
3545 2511
3546 1864
3547 2870
3548 604
3549 873
3550 3147
3551 1107
3552 3110
3553 2719
3554 1917
3555 3044
3556 1800
3557 1032
3558 3499
3559 1204
3560 234
3561 1020
3562 1407
3563 1421
3564 885
3565 2406
3566 1839
3567 2032
3568 2061
3569 3540
3570 142
3571 3297
3572 537
3573 984
3574 1685
3575 721
3576 803
3577 3200
3578 745
3579 2423
3580 2507
3581 2839
3582 3003
3583 3402
3584 2512
3585 3229
3586 907
3587 431
3588 180
3589 2917
3590 1821
3591 696
3592 2331
3593 1902
3594 2662
3595 1753
3596 31
3597 3064
3598 1542
3599 2571
3600 1021
3601 632
3602 196
3603 1156
3604 1226
3605 1169
3606 3305
3607 3490
3608 3485
3609 2228
3610 2730
3611 2579
3612 3476
3613 159
3614 489
3615 3068
3616 679
3617 3521
3618 2624
3619 2618
3620 1072
3621 3569
3622 95
3623 1482
3624 445
3625 1128
3626 3463
3627 2274
3628 297
3629 3036
3630 2555
3631 1020
3632 328
3633 1862
3634 2953
3635 1992
3636 3433
3637 2270
3638 1333
3639 761
3640 1717
3641 2365
3642 2414
3643 48
3644 575
3645 1640
3646 3253
3647 2046
3648 673
3649 339
3650 1384
3651 2676
3652 2336
3653 2032
3654 232
3655 2165
3656 2177
3657 1402
3658 1333
3659 1968
3660 246
3661 1020
3662 1723
3663 3241
3664 811
3665 1334
3666 380
3667 1216
3668 3528
3669 1149
3670 2948
3671 3261
3672 2834
3673 1802
3674 2388
3675 1554
3676 506
3677 2985
3678 1138
3679 3329
3680 1595
3681 411
3682 1075
3683 1358
3684 3458
3685 222
3686 633
3687 1500
3688 159
3689 3283
3690 1373
3691 3630
3692 114
3693 3493
3694 2715
3695 1539
3696 300
3697 2800
3698 800
3699 817
3700 320
3701 1476
3702 1058
3703 2029
3704 94
3705 355
3706 14
3707 1236
3708 1506
3709 2740
3710 1704
3711 3565
3712 3456
3713 609
3714 3525
3715 1879
3716 2584
3717 632
3718 1888
3719 3549
3720 1526
3721 3109
3722 3699
3723 1373
3724 3430
3725 1283
3726 2893
3727 1057
3728 639
3729 1404
3730 2763
3731 1728
3732 2582
3733 854
3734 1917
3735 2514
3736 813
3737 1128
3738 742
3739 1594
3740 3281
3741 1156
3742 1753
3743 528
3744 3478
3745 846
3746 1126
3747 2769
3748 1084
3749 984
3750 3381
3751 1335
3752 972
3753 367
3754 1805
3755 3468
3756 493
3757 2055
3758 1102
3759 2162
3760 2300
3761 3331
3762 3373
3763 747
3764 3576
3765 2775
3766 1945
3767 1607
3768 40
3769 2737
3770 1735
3771 2497
3772 3399
3773 2937
3774 2377
3775 2757
3776 2664
3777 2760
3778 1627
3779 3159
3780 585
3781 1744
3782 3243
3783 2527
3784 3718
3785 722
3786 3319
3787 3340
3788 48
3789 1359
3790 444
3791 2817
3792 2866
3793 827
3794 456
3795 1084
3796 1155
3797 895
3798 2604
3799 3397
3800 2472
3801 726
3802 3542
3803 3318
3804 1983
3805 2535
3806 2034
3807 284
3808 2367
3809 345
3810 3530
3811 2585
3812 1176
3813 3786
3814 1421
3815 446
3816 1396
3817 3180
3818 141
3819 3103
3820 791
3821 2093
3822 3107
3823 623
3824 2898
3825 3021
3826 275
3827 397
3828 1029
3829 3498
3830 2162
3831 2572
3832 511
3833 3247
3834 538
3835 3280
3836 198
3837 322
3838 1605
3839 1342
3840 613
3841 391
3842 738
3843 2677
3844 1318
3845 540
3846 1970
3847 1827
3848 72
3849 3478
3850 1175
3851 2046
3852 447
3853 1679
3854 1670
3855 3045
3856 779
3857 2018
3858 342
3859 1462
3860 3819
3861 248
3862 3197
3863 701
3864 1572
3865 877
3866 1400
3867 66
3868 3514
3869 938
3870 2578
3871 3452
3872 1913
3873 923
3874 482
3875 182
3876 46
3877 456
3878 3371
3879 2445
3880 2358
3881 1216
3882 3201
3883 3691
3884 453
3885 3427
3886 1147
3887 663
3888 3838
3889 3505
3890 3547
3891 2148
3892 2010
3893 2261
3894 3180
3895 276
3896 175
3897 2854
3898 3462
3899 3031
3900 3532
3901 3135
3902 1159
3903 3093
3904 2597
3905 3422
3906 1567
3907 3037
3908 2304
3909 2164
3910 1530
3911 2409
3912 2016
3913 11
3914 804
3915 222
3916 1990
3917 2395
3918 2607
3919 1408
3920 845
3921 17
3922 1074
3923 3691
3924 3555
3925 2501
3926 3758
3927 1087
3928 3548
3929 907
3930 259
3931 2878
3932 1871
3933 1093
3934 1657
3935 3512
3936 1015
3937 727
3938 315
3939 2547
3940 1878
3941 2379
3942 3146
3943 909
3944 3305
3945 733
3946 3045
3947 1088
3948 480
3949 2557
3950 3497
3951 1552
3952 339
3953 2748
3954 1329
3955 1412
3956 2128
3957 3401
3958 645
3959 843
3960 877
3961 3773
3962 3540
3963 2452
3964 3150
3965 2404
3966 568
3967 662
3968 2295
3969 2829
3970 1368
3971 755
3972 3101
3973 1756
3974 2157
3975 772
3976 2339
3977 72
3978 1803
3979 3594
3980 2256
3981 504
3982 1945
3983 840
3984 3168
3985 2937
3986 287
3987 3304
3988 1691
3989 2067
3990 725
3991 1975
3992 675
3993 2418
3994 886
3995 1789
3996 3622
3997 3149
3998 2728
3999 2092
4000 873
4001 1450
4002 1087
4003 3325
4004 1707
4005 37
4006 307
4007 3332
4008 2364
4009 50
4010 374
4011 382
4012 1023
4013 832
4014 1250
4015 1864
4016 378
4017 143
4018 1967
4019 3646
4020 192
4021 3784
4022 1970
4023 3648
4024 2051
4025 980
4026 714
4027 2996
4028 2628
4029 582
4030 1961
4031 1022
4032 859
4033 661
4034 448
4035 3221
4036 964
4037 489
4038 2829
4039 2488
4040 1622
4041 3829
4042 1669
4043 2272
4044 948
4045 1929
4046 3657
4047 1858
4048 269
4049 632
4050 2980
4051 2345
4052 1275
4053 677
4054 2353
4055 1465
4056 1098
4057 425
4058 149
4059 1498
4060 371
4061 3493
4062 1671
4063 347
4064 2248
4065 2326
4066 2754
4067 1131
4068 2334
4069 3152
4070 3174
4071 454
4072 776
4073 2975
4074 1003
4075 1771
4076 2659
4077 767
4078 1847
4079 3540
4080 1012
4081 1771
4082 4047
4083 2724
4084 18
4085 1404
4086 237
4087 1894
4088 761
4089 459
4090 2131
4091 1338
4092 2704
4093 2984
4094 2055
4095 3475
4096 3525
4097 1525
4098 4008
4099 1236
4100 690
4101 866
4102 2541
4103 1108
4104 622
4105 2506
4106 134
4107 3439
4108 3793
4109 690
4110 2861
4111 2949
4112 3234
4113 2944
4114 3794
4115 1968
4116 1673
4117 2831
4118 3866
4119 1176
4120 186
4121 2977
4122 1975
4123 101
4124 2191
4125 2493
4126 424
4127 2430
4128 2940
4129 1914
4130 959
4131 1102
4132 3287
4133 3647
4134 3388
4135 1114
4136 3191
4137 685
4138 919
4139 789
4140 2847
4141 2110
4142 2172
4143 805
4144 4002
4145 575
4146 1578
4147 2119
4148 248
4149 3268
4150 1834
4151 168
4152 71
4153 2291
4154 259
4155 3862
4156 3977
4157 2442
4158 3018
4159 2889
4160 455
4161 109
4162 3658
4163 3503
4164 1992
4165 2011
4166 1037
4167 2347
4168 2864
4169 4032
4170 2384
4171 781
4172 3538
4173 1515
4174 470
4175 3236
4176 1583
4177 3712
4178 1479
4179 2520
4180 1816
4181 2509
4182 313
4183 1789
4184 2462
4185 2249
4186 3249
4187 128
4188 1575
4189 1173
4190 343
4191 3419
4192 1614
4193 2070
4194 2513
4195 3569
4196 3232
4197 3619
4198 146
4199 2591
4200 654
4201 739
4202 400
4203 3085
4204 2741
4205 1381
4206 3491
4207 1228
4208 3807
4209 2444
4210 725
4211 2683
4212 3329
4213 193
4214 2767
4215 772
4216 1243
4217 2307
4218 534
4219 1449
4220 3776
4221 725
4222 2062
4223 2854
4224 2635
4225 2237
4226 1373
4227 2343
4228 417
4229 1689
4230 2823
4231 3280
4232 1202
4233 654
4234 1158
4235 1322
4236 1442
4237 421
4238 2600
4239 2602
4240 1701
4241 1081
4242 2176
4243 3873
4244 1479
4245 2356
4246 587
4247 1284
4248 3056
4249 633
4250 3634
4251 124
4252 15
4253 4186
4254 344
4255 2814
4256 3829
4257 4011
4258 821
4259 717
4260 1211
4261 1846
4262 2044
4263 2665
4264 1871
4265 433
4266 1496
4267 3471
4268 2979
4269 3845
4270 252
4271 9
4272 1821
4273 2688
4274 1505
4275 3904
4276 1232
4277 3045
4278 1751
4279 4240
4280 2391
4281 139
4282 2313
4283 3788
4284 1859
4285 155
4286 396
4287 2664
4288 2660
4289 1382
4290 3686
4291 2168
4292 2789
4293 3603
4294 2732
4295 958
4296 2455
4297 3444
4298 883
4299 2264
4300 3276
4301 362
4302 2417
4303 24
4304 1320
4305 4249
4306 593
4307 2326
4308 3493
4309 1810
4310 3008
4311 231
4312 3075
4313 145
4314 462
4315 2378
4316 2780
4317 790
4318 3374
4319 3786
4320 3052
4321 1975
4322 3924
4323 608
4324 1494
4325 2314
4326 2979
4327 2990
4328 2924
4329 1143
4330 2553
4331 4147
4332 1153
4333 2009
4334 1029
4335 1968
4336 1540
4337 1005
4338 1280
4339 3465
4340 832
4341 2226
4342 3924
4343 3502
4344 1571
4345 243
4346 2973
4347 4345
4348 2237
4349 74
4350 1006
4351 2633
4352 5
4353 3047
4354 2027
4355 1752
4356 3928
4357 3209
4358 3055
4359 4200
4360 46
4361 546
4362 1146
4363 3311
4364 910
4365 3364
4366 4079
4367 4149
4368 4260
4369 2562
4370 365
4371 2840
4372 1509
4373 2397
4374 3733
4375 233
4376 3351
4377 81
4378 3637
4379 784
4380 2107
4381 2128
4382 1761
4383 3722
4384 1394
4385 1436
4386 1676
4387 1111
4388 3812
4389 86
4390 4282
4391 3530
4392 2595
4393 997
4394 1482
4395 3088
4396 3727
4397 2001
4398 266
4399 3023
4400 2701
4401 3218
4402 2405
4403 4295
4404 2091
4405 116
4406 59
4407 4235
4408 1294
4409 2188
4410 2848
4411 2508
4412 42
4413 762
4414 454
4415 280
4416 3830
4417 512
4418 351
4419 352
4420 2035
4421 915
4422 371
4423 3116
4424 1363
4425 4249
4426 294
4427 4301
4428 3711
4429 2855
4430 3838
4431 3173
4432 565
4433 516
4434 115
4435 3376
4436 2816
4437 1777
4438 801
4439 2291
4440 601
4441 754
4442 4435
4443 922
4444 4186
4445 113
4446 453
4447 1028
4448 2879
4449 2426
4450 3478
4451 3708
4452 3484
4453 3251
4454 1105
4455 4143
4456 2691
4457 3420
4458 3341
4459 3917
4460 201
4461 2145
4462 2950
4463 1039
4464 643
4465 2735
4466 34
4467 1275
4468 1284
4469 3301
4470 506
4471 712
4472 1800
4473 2060
4474 3268
4475 2163
4476 2275
4477 2481
4478 4245
4479 139
4480 2542
4481 2033
4482 1619
4483 1798
4484 831
4485 2329
4486 463
4487 2361
4488 619
4489 1480
4490 4323
4491 71
4492 681
4493 1453
4494 2064
4495 3922
4496 1100
4497 1405
4498 845
4499 3875
4500 2312
4501 2612
4502 332
4503 4273
4504 4366
4505 835
4506 4472
4507 3769
4508 1063
4509 994
4510 1207
4511 2688
4512 2389
4513 2959
4514 3486
4515 1883
4516 2248
4517 3155
4518 849
4519 3583
4520 604
4521 3467
4522 2443
4523 1648
4524 3635
4525 2498
4526 1438
4527 843
4528 4352
4529 3125
4530 3011
4531 2089
4532 2138
4533 4447
4534 663
4535 855
4536 1060
4537 3518
4538 4312
4539 2661
4540 4367
4541 2221
4542 1498
4543 2673
4544 1340
4545 2235
4546 57
4547 2295
4548 2063
4549 1100
4550 413
4551 2168
4552 1011
4553 4143
4554 3304
4555 136
4556 2018
4557 2096
4558 3993
4559 2493
4560 3303
4561 2415
4562 4137
4563 54
4564 2885
4565 3396
4566 302
4567 2679
4568 1654
4569 2132
4570 3111
4571 2090
4572 4202
4573 456
4574 2859
4575 2853
4576 3523
4577 3005
4578 3512
4579 2463
4580 1983
4581 3524
4582 2654
4583 947
4584 2828
4585 2898
4586 2019
4587 3378
4588 1994
4589 423
4590 2670
4591 1847
4592 675
4593 1955
4594 1279
4595 1811
4596 2204
4597 417
4598 3105
4599 3537
4600 1485
4601 3343
4602 3525
4603 1963
4604 2459
4605 3861
4606 2322
4607 2933
4608 2324
4609 3933
4610 1434
4611 657
4612 3322
4613 1139
4614 1456
4615 3431
4616 1816
4617 3142
4618 611
4619 1694
4620 2483
4621 3231
4622 2840
4623 3200
4624 2169
4625 2841
4626 3794
4627 2978
4628 1214
4629 4052
4630 4166
4631 264
4632 830
4633 3302
4634 3857
4635 3755
4636 1336
4637 406
4638 1900
4639 1710
4640 2138
4641 2147
4642 3656
4643 2359
4644 1345
4645 197
4646 307
4647 1735
4648 4225
4649 4194
4650 456
4651 3543
4652 571
4653 2304
4654 1063
4655 2755
4656 1545
4657 553
4658 3811
4659 229
4660 3136
4661 4487
4662 4396
4663 1727
4664 1815
4665 3480
4666 3632
4667 3039
4668 2852
4669 1377
4670 698
4671 983
4672 3511
4673 3223
4674 1967
4675 2360
4676 1062
4677 4586
4678 3557
4679 1834
4680 3872
4681 822
4682 3239
4683 1645
4684 2602
4685 1978
4686 3547
4687 1340
4688 2653
4689 635
4690 2557
4691 1673
4692 419
4693 557
4694 3689
4695 2761
4696 3779
4697 911
4698 3105
4699 3904
4700 3543
4701 2889
4702 780
4703 2091
4704 4604
4705 2849
4706 3030
4707 3755
4708 1435
4709 2055
4710 978
4711 1929
4712 670
4713 666
4714 2043
4715 1695
4716 4507
4717 3882
4718 4073
4719 1574
4720 1574
4721 3687
4722 2192
4723 28
4724 3638
4725 1673
4726 4641
4727 4522
4728 3120
4729 962
4730 2421
4731 4194
4732 3566
4733 2614
4734 2515
4735 3433
4736 106
4737 1449
4738 4289
4739 3324
4740 497
4741 870
4742 3147
4743 1072
4744 944
4745 2958
4746 70
4747 3010
4748 1625
4749 1878
4750 4281
4751 1674
4752 991
4753 629
4754 5
4755 1555
4756 3529
4757 1501
4758 2519
4759 4100
4760 1783
4761 4745
4762 2582
4763 1204
4764 2104
4765 1299
4766 4263
4767 4476
4768 649
4769 4312
4770 3642
4771 1771
4772 1046
4773 2756
4774 733
4775 4230
4776 2772
4777 874
4778 131
4779 201
4780 2304
4781 2835
4782 4053
4783 2361
4784 843
4785 1166
4786 4177
4787 927
4788 3754
4789 3740
4790 1709
4791 4383
4792 3688
4793 3412
4794 4280
4795 3455
4796 3431
4797 822
4798 2073
4799 659
4800 3243
4801 2260
4802 3523
4803 3493
4804 4611
4805 1354
4806 262
4807 2978
4808 2154
4809 2486
4810 1690
4811 3473
4812 642
4813 154
4814 706
4815 4094
4816 1451
4817 1336
4818 2866
4819 967
4820 4524
4821 2786
4822 2383
4823 25
4824 1803
4825 3515
4826 3912
4827 274
4828 362
4829 1366
4830 4490
4831 1508
4832 4743
4833 3558
4834 3309
4835 476
4836 2293
4837 2538
4838 2994
4839 4043
4840 1616
4841 794
4842 4266
4843 3288
4844 2299
4845 185
4846 183
4847 3510
4848 2395
4849 4572
4850 1033
4851 22
4852 3032
4853 1471
4854 4847
4855 185
4856 1978
4857 3863
4858 475
4859 3768
4860 491
4861 67
4862 4193
4863 2292
4864 4595
4865 599
4866 3524
4867 3293
4868 2992
4869 534
4870 2059
4871 568
4872 1878
4873 174
4874 2624
4875 339
4876 2500
4877 154
4878 1436
4879 2766
4880 1059
4881 627
4882 1092
4883 2422
4884 1564
4885 2811
4886 2621
4887 2871
4888 3327
4889 366
4890 144
4891 80
4892 2990
4893 1313
4894 810
4895 416
4896 248
4897 557
4898 1153
4899 2645
4900 3843
4901 720
4902 3060
4903 4132
4904 1276
4905 1011
4906 1170
4907 4508
4908 4307
4909 2083
4910 3689
4911 3080
4912 1180
4913 1395
4914 921
4915 1154
4916 1229
4917 2034
4918 2769
4919 4822
4920 3554
4921 3585
4922 109
4923 3781
4924 965
4925 2452
4926 3859
4927 4593
4928 4175
4929 3762
4930 3192
4931 1965
4932 97
4933 4358
4934 1970
4935 2316
4936 1786
4937 1783
4938 2881
4939 4429
4940 2770
4941 3170
4942 773
4943 4449
4944 2827
4945 4614
4946 2867
4947 1516
4948 3341
4949 304
4950 1977
4951 3035
4952 4312
4953 2329
4954 1017
4955 2902
4956 3361
4957 1781
4958 1995
4959 1582
4960 207
4961 557
4962 2532
4963 4342
4964 1074
4965 655
4966 155
4967 2299
4968 59
4969 891
4970 3168
4971 171
4972 365
4973 4782
4974 4953
4975 487
4976 4587
4977 179
4978 4014
4979 3811
4980 2992
4981 1194
4982 1086
4983 1079
4984 2786
4985 4940
4986 2678
4987 2372
4988 4400
4989 2038
4990 200
4991 2080
4992 3509
4993 613
4994 4382
4995 3623
4996 713
4997 4338
4998 2192
4999 278
5000 2968
5001 1336
5002 1793
5003 1969
5004 2652
5005 4374
5006 1367
5007 1260
5008 4655
5009 4945
5010 2199
5011 2361
5012 3449
5013 978
5014 2005
5015 1163
5016 2145
5017 1332
5018 430
5019 3641
5020 3812
5021 2084
5022 622
5023 2366
5024 2705
5025 708
5026 3848
5027 2403
5028 4543
5029 1661
5030 3704
5031 75
5032 2697
5033 3068
5034 193
5035 1011
5036 4448
5037 4604
5038 921
5039 4317
5040 4134
5041 1738
5042 893
5043 953
5044 3393
5045 3769
5046 2123
5047 2552
5048 1282
5049 1167
5050 3239
5051 956
5052 4926
5053 992
5054 4381
5055 3172
5056 2669
5057 945
5058 257
5059 2924
5060 4753
5061 4603
5062 4743
5063 93
5064 622
5065 4529
5066 906
5067 1593
5068 1684
5069 3247
5070 135
5071 307
5072 4162
5073 773
5074 545
5075 744
5076 4799
5077 1692
5078 889
5079 3655
5080 1482
5081 4175
5082 1061
5083 3168
5084 3727
5085 620
5086 1148
5087 469
5088 328
5089 980
5090 638
5091 415
5092 2764
5093 612
5094 3770
5095 355
5096 2968
5097 790
5098 1053
5099 96
5100 919
5101 1375
5102 1729
5103 3590
5104 179
5105 3818
5106 4080
5107 460
5108 270
5109 2381
5110 3642
5111 902
5112 561
5113 1123
5114 3798
5115 1732
5116 4844
5117 958
5118 4850
5119 3806
5120 5035
5121 4821
5122 1369
5123 1753
5124 5005
5125 2172
5126 3104
5127 4636
5128 2322
5129 1754
5130 1023
5131 44
5132 4903
5133 5032
5134 3104
5135 1790
5136 5024
5137 4289
5138 76
5139 457
5140 2920
5141 1038
5142 2134
5143 4360
5144 1811
5145 2666
5146 621
5147 2433
5148 103
5149 4736
5150 714
5151 4312
5152 2340
5153 1916
5154 2952
5155 995
5156 4568
5157 2795
5158 4238
5159 1257
5160 3547
5161 351
5162 5148
5163 214
5164 1151
5165 854
5166 4078
5167 826
5168 2631
5169 1154
5170 2657
5171 1768
5172 2415
5173 4389
5174 4448
5175 2957
5176 1792
5177 3438
5178 2348
5179 1626
5180 4071
5181 2212
5182 4012
5183 3572
5184 5177
5185 209
5186 4138
5187 2898
5188 3705
5189 3505
5190 1056
5191 4282
5192 3624
5193 3108
5194 2804
5195 5058
5196 5179
5197 1462
5198 2505
5199 478
5200 4414
5201 373
5202 1675
5203 827
5204 652
5205 2040
5206 531
5207 4309
5208 1857
5209 3598
5210 1666
5211 1230
5212 892
5213 2277
5214 958
5215 3681
5216 2678
5217 348
5218 2988
5219 545
5220 444
5221 4571
5222 2025
5223 438
5224 3373
5225 105
5226 2615
5227 1968
5228 3091
5229 3634
5230 766
5231 417
5232 1769
5233 5122
5234 5154
5235 4743
5236 4247
5237 2122
5238 3694
5239 2805
5240 4191
5241 3730
5242 2817
5243 4987
5244 876
5245 1794
5246 4574
5247 4664
5248 218
5249 5029
5250 881
5251 1125
5252 2206
5253 4931
5254 761
5255 981
5256 4173
5257 1046
5258 4803
5259 3759
5260 821
5261 395
5262 3662
5263 689
5264 1701
5265 2594
5266 1515
5267 39
5268 4630
5269 4059
5270 5189
5271 1084
5272 543
5273 3602
5274 1588
5275 3298
5276 534
5277 3493
5278 2955
5279 236
5280 2095
5281 3957
5282 1382
5283 3591
5284 1451
5285 2278
5286 2520
5287 4492
5288 603
5289 475
5290 4006
5291 1860
5292 2560
5293 4317
5294 4989
5295 4244
5296 1211
5297 379
5298 1486
5299 476
5300 1108
5301 819
5302 4734
5303 4528
5304 5213
5305 2790
5306 339
5307 5034
5308 101
5309 69
5310 775
5311 4702
5312 5248
5313 2514
5314 4211
5315 4062
5316 2806
5317 5249
5318 3790
5319 4653
5320 4208
5321 1768
5322 4077
5323 1769
5324 5160
5325 2877
5326 3506
5327 3844
5328 4074
5329 2006
5330 4370
5331 3153
5332 4853
5333 2286
5334 3757
5335 3543
5336 979
5337 1726
5338 953
5339 2324
5340 4680
5341 4262
5342 3104
5343 1850
5344 2071
5345 2821
5346 3258
5347 2144
5348 555
5349 586
5350 4403
5351 4419
5352 4940
5353 5117
5354 5092
5355 524
5356 3484
5357 4701
5358 569
5359 643
5360 3142
5361 4396
5362 2575
5363 791
5364 140
5365 2768
5366 2639
5367 4702
5368 956
5369 2970
5370 3575
5371 4835
5372 3724
5373 2916
5374 3491
5375 3629
5376 3383
5377 2007
5378 1895
5379 112
5380 2420
5381 4527
5382 4072
5383 5063
5384 1556
5385 5138
5386 3752
5387 4678
5388 3346
5389 2067
5390 3045
5391 1570
5392 1567
5393 2355
5394 576
5395 4837
5396 2050
5397 4561
5398 652
5399 555
5400 379
5401 3739
5402 4052
5403 1598
5404 4923
5405 375
5406 183
5407 342
5408 1549
5409 4750
5410 3588
5411 1165
5412 2207
5413 822
5414 3582
5415 5058
5416 4545
5417 5136
5418 4342
5419 1549
5420 3731
5421 2138
5422 332
5423 2512
5424 1039
5425 517
5426 729
5427 4294
5428 5362
5429 3505
5430 3243
5431 769
5432 627
5433 1791
5434 3694
5435 4652
5436 3031
5437 5351
5438 2035
5439 408
5440 1406
5441 3828
5442 856
5443 3152
5444 1958
5445 3141
5446 1641
5447 3171
5448 2502
5449 1957
5450 4726
5451 604
5452 643
5453 4837
5454 347
5455 2094
5456 5248
5457 1400
5458 2336
5459 1306
5460 1905
5461 4396
5462 4214
5463 4352
5464 511
5465 3239
5466 2014
5467 4652
5468 73
5469 3024
5470 1719
5471 2484
5472 5229
5473 655
5474 2085
5475 512
5476 124
5477 1603
5478 2997
5479 4798
5480 3854
5481 595
5482 1865
5483 1690
5484 2507
5485 2434
5486 1091
5487 4358
5488 3737
5489 406
5490 266
5491 4104
5492 2643
5493 4990
5494 2386
5495 1058
5496 1208
5497 1860
5498 4628
5499 5041
5500 706
5501 4327
5502 2101
5503 187
5504 1228
5505 873
5506 4415
5507 4695
5508 3474
5509 1095
5510 934
5511 376
5512 2674
5513 4824
5514 3705
5515 72
5516 4192
5517 2516
5518 5037
5519 3889
5520 4961
5521 2246
5522 5264
5523 39
5524 4481
5525 1151
5526 1898
5527 3237
5528 679
5529 404
5530 433
5531 4065
5532 1002
5533 2422
5534 47
5535 5298
5536 1820
5537 3305
5538 4029
5539 738
5540 4312
5541 5231
5542 4992
5543 2239
5544 1453
5545 286
5546 1741
5547 3507
5548 3295
5549 4599
5550 3919
5551 1720
5552 3740
5553 4704
5554 5267
5555 4848
5556 968
5557 3288
5558 794
5559 2817
5560 232
5561 441
5562 4622
5563 1863
5564 4334
5565 3994
5566 3511
5567 2419
5568 4845
5569 3447
5570 3543
5571 2611
5572 2976
5573 4554
5574 1502
5575 3587
5576 3527
5577 3451
5578 2555
5579 2870
5580 4697
5581 2727
5582 5444
5583 4764
5584 2040
5585 3003
5586 118
5587 2280
5588 4926
5589 4223
5590 2368
5591 2639
5592 1338
5593 641
5594 4634
5595 3688
5596 1722
5597 4532
5598 3670
5599 4833
5600 1052
5601 3099
5602 4497
5603 2275
5604 3142
5605 4088
5606 594
5607 2081
5608 521
5609 2257
5610 3417
5611 3504
5612 4405
5613 2720
5614 5017
5615 612
5616 4525
5617 2545
5618 3686
5619 5410
5620 3666
5621 5082
5622 4398
5623 2812
5624 5074
5625 5046
5626 488
5627 1115
5628 683
5629 1890
5630 1946
5631 5597
5632 4501
5633 93
5634 1772
5635 5548
5636 2665
5637 1433
5638 3424
5639 2634
5640 2140
5641 4447
5642 3937
5643 3175
5644 2249
5645 1986
5646 5021
5647 2828
5648 1620
5649 521
5650 4161
5651 4809
5652 4214
5653 1467
5654 4960
5655 3312
5656 3127
5657 4143
5658 5479
5659 2973
5660 1564
5661 4162
5662 5224
5663 3760
5664 3142
5665 2757
5666 2713
5667 355
5668 87
5669 581
5670 3072
5671 1217
5672 1157
5673 1020
5674 5449
5675 4750
5676 4026
5677 2369
5678 690
5679 1529
5680 3264
5681 5451
5682 4478
5683 4525
5684 3362
5685 1440
5686 4407
5687 4750
5688 4154
5689 1708
5690 2382
5691 241
5692 2711
5693 2655
5694 2169
5695 4963
5696 847
5697 539
5698 758
5699 5115
5700 4649
5701 4132
5702 5390
5703 5431
5704 2688
5705 4250
5706 3636
5707 1602
5708 3966
5709 2545
5710 4154
5711 1663
5712 5290
5713 320
5714 2388
5715 3669
5716 2057
5717 2336
5718 738
5719 4204
5720 4368
5721 3053
5722 3919
5723 3156
5724 1962
5725 4720
5726 1206
5727 2829
5728 1979
5729 3303
5730 3991
5731 605
5732 1383
5733 2127
5734 2970
5735 1088
5736 1295
5737 3440
5738 2114
5739 1960
5740 1433
5741 1638
5742 3375
5743 4377
5744 4637
5745 3838
5746 4936
5747 1523
5748 1864
5749 4610
5750 1259
5751 4048
5752 2918
5753 4858
5754 1899
5755 2852
5756 1461
5757 2799
5758 5318
5759 3861
5760 1687
5761 3121
5762 4346
5763 4580
5764 4113
5765 2344
5766 1522
5767 1644
5768 3805
5769 3078
5770 2595
5771 931
5772 4426
5773 2072
5774 1114
5775 3917
5776 2318
5777 2750
5778 570
5779 4739
5780 3621
5781 5420
5782 90
5783 5362
5784 118
5785 1451
5786 3006
5787 4870
5788 1510
5789 3867
5790 4928
5791 138
5792 1281
5793 1409
5794 1576
5795 1350
5796 5030
5797 3260
5798 4680
5799 1917
5800 117
5801 4540
5802 5095
5803 246
5804 3408
5805 1968
5806 5123
5807 44
5808 392
5809 1112
5810 991
5811 1014
5812 2588
5813 4133
5814 4683
5815 4924
5816 892
5817 5624
5818 1797
5819 893
5820 435
5821 16
5822 1088
5823 1012
5824 5289
5825 3104
5826 2995
5827 2992
5828 4080
5829 5516
5830 5045
5831 4086
5832 2417
5833 3202
5834 4587
5835 3374
5836 551
5837 1468
5838 3440
5839 921
5840 5693
5841 853
5842 1290
5843 1059
5844 5563
5845 4617
5846 50
5847 339
5848 3102
5849 4641
5850 1747
5851 138
5852 4032
5853 3626
5854 459
5855 3752
5856 1427
5857 4788
5858 3221
5859 1848
5860 2823
5861 4426
5862 2786
5863 1329
5864 1975
5865 1728
5866 7
5867 1723
5868 1912
5869 746
5870 4633
5871 498
5872 95
5873 1131
5874 365
5875 494
5876 5085
5877 1776
5878 2220
5879 383
5880 5656
5881 1502
5882 5838
5883 5832
5884 361
5885 1941
5886 2245
5887 2294
5888 1480
5889 5223
5890 4834
5891 5771
5892 4987
5893 1868
5894 4486
5895 1206
5896 739
5897 719
5898 5363
5899 1256
5900 1022
5901 1668
5902 2762
5903 5167
5904 1839
5905 5332
5906 1173
5907 4671
5908 2066
5909 4810
5910 661
5911 3948
5912 2330
5913 1079
5914 2361
5915 2258
5916 4834
5917 277
5918 3289
5919 2610
5920 5622
5921 5023
5922 2746
5923 4351
5924 4305
5925 4780
5926 5848
5927 99
5928 3897
5929 1517
5930 1210
5931 3211
5932 716
5933 628
5934 5376
5935 1321
5936 3376
5937 3446
5938 1392
5939 723
5940 5888
5941 1255
5942 534
5943 498
5944 4583
5945 3733
5946 1912
5947 3257
5948 2026
5949 2858
5950 5343
5951 4179
5952 1146
5953 582
5954 1865
5955 2568
5956 4733
5957 1684
5958 634
5959 2519
5960 5133
5961 5115
5962 1402
5963 4752
5964 2060
5965 4673
5966 845
5967 274
5968 3397
5969 5707
5970 4467
5971 4496
5972 2929
5973 3635
5974 4611
5975 1976
5976 5575
5977 5022
5978 247
5979 1620
5980 4676
5981 3884
5982 4235
5983 766
5984 5920
5985 1218
5986 761
5987 4190
5988 2168
5989 19
5990 819
5991 1194
5992 664
5993 3994
5994 4005
5995 2478
5996 2170
5997 1086
5998 1538
5999 5265
6000 2566
0 0
