100
-77
-103
-105
2
65
-16
-49
-32
80
4
13
-11
-30
34
122
-103
121
18
-49
106
-50
-9
-77
77
-59
118
67
-81
-95
26
-14
17
116
-9
-109
-61
-38
-114
-76
-17
-25
-15
46
-38
94
40
-6
103
36
-46
70
-35
-12
15
-56
-23
83
-98
83
-25
-57
67
-88
93
68
108
-114
-56
-25
19
37
-100
-25
-26
119
-122
-56
-90
80
-12
-47
-51
80
-41
-63
115
62
-89
-66
114
-97
-88
-114
-55
-121
109
9
62
-80
-102
2 1
3 1
4 2
5 3
6 1
7 2
8 1
9 1
10 2
11 2
12 3
13 9
14 6
15 14
16 4
17 3
18 7
19 15
20 14
21 16
22 21
23 1
24 8
25 22
26 4
27 20
28 22
29 17
30 11
31 5
32 30
33 1
34 26
35 9
36 10
37 10
38 2
39 13
40 17
41 17
42 19
43 30
44 13
45 41
46 41
47 40
48 2
49 6
50 44
51 16
52 2
53 25
54 53
55 39
56 29
57 28
58 53
59 13
60 18
61 7
62 57
63 61
64 32
65 3
66 29
67 13
68 23
69 58
70 52
71 38
72 54
73 24
74 19
75 28
76 44
77 44
78 55
79 16
80 31
81 10
82 2
83 10
84 71
85 35
86 31
87 26
88 70
89 53
90 18
91 26
92 9
93 13
94 41
95 67
96 43
97 10
98 89
99 98
100 73
0 0
