2000
-74
-107
95
1
-116
70
-9
113
-48
0
122
33
93
-60
42
83
59
11
-10
79
101
112
89
-77
-48
-87
-128
11
-86
-69
-85
-95
-33
110
-43
-105
-30
-1
-105
50
-86
22
74
121
-5
-9
108
-1
-26
-4
68
-3
-109
67
-55
-93
62
-92
-63
-80
-128
-26
38
65
-48
50
-51
-26
73
-57
74
-5
-82
-16
14
54
-85
51
-46
124
93
-52
57
-7
21
90
-80
111
89
-41
-103
-50
44
-51
-86
6
-112
-57
-113
25
72
6
-41
116
-30
118
13
127
-11
-31
37
115
-88
97
27
108
115
27
-42
-65
42
42
82
-115
55
-38
-2
-104
38
23
99
86
104
37
7
68
80
-111
-111
125
98
103
45
-117
-51
-91
50
125
54
-16
3
57
-73
-122
51
20
40
116
-20
-96
-99
9
-111
-59
47
-118
-94
20
0
39
-32
87
121
46
-78
109
-42
127
-56
85
-27
64
-2
-120
10
-47
-125
-116
-121
2
58
-58
-6
-124
96
-112
39
-98
112
-117
-8
33
67
54
-62
-98
124
-64
-54
-42
35
27
8
114
-112
82
43
-11
-117
28
-35
-18
-79
-79
71
114
26
-36
-40
-55
56
82
66
104
2
66
-58
31
82
45
-78
-108
-116
-8
40
-16
-127
64
32
-40
-109
-19
-80
-97
25
10
-116
-70
5
-44
-55
116
-60
16
-26
-29
101
-94
12
26
-2
92
-107
-96
75
20
-52
33
-103
-7
-13
100
-30
39
-117
125
58
120
-49
68
105
-99
-126
5
-38
110
-22
121
-76
127
29
-11
70
-12
123
-30
-88
-106
124
109
-97
38
-84
127
-62
-15
-13
-16
-37
-92
26
-8
-112
98
-117
-26
67
20
88
20
54
0
127
26
-13
-98
109
66
-21
-90
-64
60
93
110
81
19
121
115
114
96
-58
53
116
-66
-63
73
109
125
-57
-87
55
-101
52
78
-68
-17
-51
1
113
-88
91
110
33
-10
-103
122
-20
7
80
-42
-113
53
-63
-44
-26
126
67
122
-81
52
45
-42
-112
-11
-10
-112
92
-34
-101
-58
-110
-4
65
19
38
3
28
-15
-124
67
-113
66
-45
-41
-107
41
118
32
95
30
-39
114
63
66
106
12
-60
-17
-27
78
39
-108
-43
38
-27
-64
88
-52
-82
124
34
-81
126
-34
-60
-81
10
-37
46
-116
93
93
115
-98
-61
-107
-51
-57
-26
-109
-31
-89
55
20
68
14
-113
-101
61
-73
22
-61
-51
51
101
-45
-20
35
-25
-109
22
-86
-123
94
6
34
-126
121
-62
14
-93
-93
-41
80
-108
-19
-26
-99
-121
-52
95
45
30
109
-115
-73
-117
72
-45
-100
-10
-8
53
99
30
74
25
101
68
-108
79
-55
69
72
80
-77
6
-56
-61
-71
20
124
70
-105
-116
35
106
35
57
102
-1
-125
-3
-77
-109
-99
114
72
53
-49
-48
-114
127
-32
18
-87
-45
55
84
77
-28
75
-128
-45
120
91
41
-116
109
95
-73
85
-6
62
-59
107
56
65
-57
-127
-31
-56
-16
16
87
60
83
-17
-24
68
72
35
80
60
17
-8
127
-29
-67
81
-99
83
77
60
76
55
22
-55
45
56
102
29
-91
-72
106
-62
-31
-61
79
65
23
66
-88
-13
15
114
16
20
-29
-107
16
25
3
-24
67
67
123
-44
-73
117
121
104
-105
67
9
7
7
75
36
94
80
-56
-23
-103
61
100
42
-41
-59
78
42
-37
-23
-115
-91
4
-32
-108
17
127
114
22
36
-69
-94
27
-106
29
-113
84
40
-10
-100
-85
-27
-78
-49
31
-88
82
119
-49
-34
28
18
84
-115
-112
109
84
-106
-97
13
84
55
24
-50
-50
-45
99
-54
-124
-10
113
124
19
-108
-13
38
-53
-111
-54
111
-66
-122
-65
81
23
-61
117
50
-82
-112
-101
81
-39
-71
102
100
-124
73
63
-128
-124
-107
-71
56
40
124
-59
9
17
-18
41
-10
68
-85
46
111
126
77
-103
119
-56
-119
-35
6
74
-78
-113
-84
100
126
26
120
-5
13
-76
24
17
39
-111
65
-103
-58
86
82
-119
-44
-48
52
48
53
-26
-124
-54
8
-52
-12
82
42
122
-18
-105
-4
93
123
-110
103
76
100
-9
29
-67
-105
10
33
57
-53
-76
-119
13
103
-42
-125
67
-96
-35
-106
-48
-30
-105
42
15
114
69
75
110
81
-15
-86
104
99
1
-28
-77
-48
13
7
-70
-85
-18
83
77
-46
23
61
-105
21
41
-70
81
-102
-63
-71
54
127
-108
-15
-73
-62
-65
-34
-17
94
88
6
-39
-73
73
-127
-63
56
94
-72
-8
59
-100
109
-52
41
-43
-4
-73
-30
121
-32
-41
95
-81
120
-98
-106
-92
11
-53
-99
35
11
-103
19
103
-106
54
-68
45
66
118
107
13
26
-55
37
9
-28
107
-125
103
-90
-38
88
-68
104
-115
-108
74
58
-29
104
-117
121
90
-85
14
79
1
125
-126
121
48
42
17
77
118
81
-17
-5
-45
69
50
19
39
-77
-28
71
-21
-123
86
115
31
7
-72
-38
-125
72
-25
-78
10
-60
-122
-28
-116
63
80
13
-69
-12
-84
-56
88
-17
-126
47
-89
-72
78
-97
32
49
115
-68
103
-63
-47
-75
126
-78
-103
-54
58
-40
96
11
-13
116
115
98
-128
87
107
-45
98
75
1
3
64
-82
35
-9
-108
96
71
31
-93
-32
-1
-109
-78
-79
-51
-100
119
3
57
118
-50
-113
34
84
-83
-61
82
-91
90
31
85
-106
-37
-33
-118
-40
-81
-38
122
-93
-69
-86
105
-5
-121
13
43
50
-86
-117
57
-82
-125
89
4
-20
42
126
-119
-59
-90
52
38
-16
97
-111
-84
-55
-39
102
-75
80
-105
104
56
117
101
-115
90
-109
-68
-71
-121
58
124
-102
-62
49
-33
-48
57
-69
-80
82
29
26
-72
13
-80
82
122
-50
-96
47
32
97
-109
-119
-76
-5
3
-57
-109
-43
76
-94
31
26
3
44
-75
3
-118
16
-33
64
-31
27
-54
-101
-65
-5
-6
-40
-30
71
60
-33
-93
-64
-36
29
-51
-41
25
39
-81
111
-42
-96
112
-29
-110
94
-93
75
-102
-56
27
-5
125
-126
1
77
-63
77
35
-95
-44
40
-113
-95
69
-69
97
-54
52
-10
-39
40
8
-10
-79
96
96
40
-83
-12
75
-80
115
-61
-69
12
-99
-49
55
-12
13
67
-47
-123
-128
-75
88
-97
102
-88
-50
-116
-14
85
28
-30
109
-85
5
-86
-49
-108
89
-63
-112
122
107
127
-68
10
-60
-105
70
55
25
62
-98
-126
123
-112
-123
121
-50
47
33
126
124
45
76
-54
107
44
50
-78
44
-61
27
40
117
36
-123
-124
-47
-4
118
-123
-106
-101
16
-110
23
85
102
70
28
40
-114
44
-113
-97
-8
-57
120
-11
-3
-42
44
126
-69
-43
-64
67
33
-57
-60
-20
70
51
46
-28
-1
109
-107
-73
-80
22
-96
-65
98
-26
-67
-1
22
-87
22
79
89
-120
-63
-70
25
-118
54
36
-73
91
7
47
93
75
-53
96
-110
-103
91
126
12
-14
66
59
-59
53
110
23
81
121
44
-128
110
81
83
62
-35
79
-66
14
112
-58
0
-115
101
-44
84
88
-14
-96
-45
114
33
-31
-22
-26
-34
-96
10
-83
78
62
-95
-47
99
-72
74
-45
-82
42
64
75
116
-110
25
-50
3
-41
-79
20
70
10
100
90
-104
-21
-128
6
-42
-81
-7
-118
-72
0
95
-118
97
70
14
65
52
37
-91
33
-22
70
-71
-71
-31
91
-54
-36
-73
93
117
0
24
24
-20
-28
-44
-22
-92
118
53
-56
77
-13
-113
-127
7
80
24
71
-45
-39
-6
107
71
24
-89
104
-121
-8
109
35
112
42
74
113
22
-56
1
-38
113
56
109
-99
83
84
22
-13
-99
-57
2
-104
-77
-70
-50
-120
45
-79
-3
6
-48
-81
-113
-29
-68
-95
-43
-3
-26
-7
-123
6
-55
-102
10
-121
89
-12
29
36
57
112
-103
33
45
14
-117
37
-46
76
-119
62
-115
75
70
38
-63
45
99
-59
69
-63
-121
-10
21
98
-79
-114
71
28
-51
-101
65
17
-122
-23
42
27
92
-53
-98
-77
-10
23
-90
18
-71
115
-25
-107
-103
-49
25
102
47
51
-69
89
12
-69
5
20
78
-32
31
115
113
-8
-112
43
103
0
-7
-83
-22
-102
3
77
17
82
-106
-93
33
37
76
49
-90
68
37
71
-61
21
124
36
-57
123
57
94
0
87
73
-124
-44
79
75
1
13
-50
-116
67
117
75
54
29
-93
-49
-60
106
20
-79
-71
-12
126
-92
-110
-108
96
-11
-7
-102
-34
13
59
110
-52
61
-4
120
9
-69
42
62
14
-25
47
-52
-58
-45
107
89
-95
3
-31
39
-28
113
48
-85
67
-44
-58
-18
-79
34
80
51
119
84
116
-38
-125
105
-61
-124
3
-83
-23
120
51
59
39
70
115
-63
4
-86
-99
-125
63
-78
-107
-93
7
35
34
-97
110
26
-4
27
28
-17
38
-31
64
94
125
38
-51
-23
-110
15
-30
120
-75
115
-119
67
82
-29
-91
-15
-127
-25
38
1
-40
-117
127
106
-125
26
90
126
-105
42
-118
20
-92
-40
65
-26
-118
85
-125
56
-115
-94
-38
-69
-85
-105
76
-80
44
42
-118
80
124
-18
106
108
54
-38
-105
81
-127
76
-121
-18
-97
77
-82
57
-61
23
-14
-50
35
-43
94
-39
79
-87
26
55
-63
-13
-101
-40
-75
-47
23
104
59
-30
60
46
-118
80
33
52
-105
13
125
-88
-26
92
23
-126
-96
-108
125
103
-25
32
-7
-51
102
-53
-63
97
44
59
110
-91
-70
-70
-81
-34
90
61
63
45
-77
-98
20
-4
-101
45
-38
-101
44
103
-97
43
26
5
-48
-68
67
57
100
-78
-120
52
87
109
-36
-21
90
41
-102
27
-55
34
28
-118
-35
-4
-119
-111
35
99
-18
-41
44
-17
-111
95
-122
74
-126
-59
-20
-108
114
-60
-70
6
-56
-4
-92
-42
-14
-14
-90
91
-7
89
62
114
89
-112
-38
32
15
107
-116
121
-13
54
5
-64
72
-9
-63
-49
-110
-12
127
-71
-89
117
-12
-81
9
-53
-64
32
115
-111
-95
36
-78
50
-25
27
-74
-84
40
-111
-23
-109
52
102
-64
88
75
43
-113
-53
-114
-50
-95
-33
-76
122
-120
-83
-2
-71
-78
-68
109
-36
61
2 1
3 1
4 3
5 1
6 5
7 3
8 4
9 4
10 3
11 4
12 8
13 4
14 1
15 12
16 13
17 3
18 4
19 10
20 17
21 18
22 15
23 2
24 3
25 23
26 20
27 15
28 14
29 10
30 26
31 5
32 27
33 3
34 22
35 20
36 21
37 10
38 29
39 18
40 16
41 33
42 26
43 41
44 3
45 5
46 23
47 46
48 34
49 35
50 38
51 44
52 36
53 21
54 16
55 48
56 44
57 21
58 45
59 9
60 24
61 50
62 58
63 25
64 36
65 9
66 2
67 64
68 50
69 29
70 60
71 1
72 6
73 2
74 24
75 72
76 41
77 34
78 12
79 67
80 41
81 25
82 43
83 49
84 67
85 18
86 71
87 53
88 48
89 27
90 34
91 59
92 74
93 42
94 5
95 42
96 93
97 24
98 81
99 9
100 27
101 15
102 80
103 100
104 38
105 22
106 31
107 8
108 87
109 31
110 35
111 90
112 48
113 28
114 26
115 91
116 10
117 106
118 5
119 5
120 75
121 48
122 11
123 40
124 43
125 11
126 53
127 2
128 83
129 121
130 69
131 97
132 111
133 75
134 24
135 109
136 110
137 110
138 63
139 47
140 111
141 45
142 71
143 94
144 67
145 117
146 88
147 12
148 120
149 117
150 101
151 150
152 26
153 100
154 18
155 32
156 147
157 104
158 64
159 1
160 53
161 148
162 40
163 120
164 34
165 153
166 104
167 46
168 148
169 49
170 17
171 152
172 74
173 164
174 52
175 138
176 160
177 108
178 62
179 88
180 57
181 130
182 169
183 54
184 99
185 32
186 178
187 36
188 21
189 62
190 28
191 127
192 16
193 16
194 66
195 70
196 78
197 131
198 81
199 111
200 150
201 32
202 163
203 135
204 78
205 115
206 198
207 178
208 87
209 72
210 24
211 163
212 105
213 37
214 176
215 31
216 10
217 92
218 211
219 167
220 82
221 88
222 52
223 134
224 164
225 182
226 208
227 199
228 100
229 39
230 156
231 29
232 177
233 138
234 205
235 61
236 30
237 171
238 123
239 87
240 123
241 209
242 195
243 215
244 237
245 240
246 135
247 119
248 64
249 127
250 240
251 215
252 10
253 23
254 130
255 24
256 204
257 206
258 46
259 187
260 136
261 21
262 39
263 123
264 239
265 56
266 181
267 202
268 37
269 183
270 34
271 120
272 74
273 256
274 43
275 179
276 96
277 252
278 58
279 11
280 161
281 170
282 248
283 214
284 98
285 243
286 42
287 162
288 60
289 287
290 21
291 71
292 184
293 54
294 259
295 137
296 159
297 18
298 286
299 240
300 116
301 156
302 44
303 229
304 1
305 253
306 172
307 82
308 58
309 87
310 280
311 45
312 35
313 69
314 108
315 120
316 30
317 159
318 302
319 210
320 8
321 177
322 214
323 161
324 256
325 254
326 245
327 220
328 107
329 159
330 205
331 97
332 45
333 289
334 326
335 59
336 119
337 288
338 54
339 188
340 273
341 169
342 143
343 220
344 326
345 151
346 17
347 281
348 162
349 320
350 294
351 313
352 270
353 333
354 223
355 245
356 26
357 16
358 201
359 332
360 49
361 128
362 164
363 107
364 225
365 207
366 80
367 224
368 94
369 15
370 101
371 302
372 173
373 10
374 142
375 259
376 55
377 344
378 325
379 181
380 365
381 325
382 64
383 132
384 276
385 315
386 165
387 64
388 248
389 4
390 92
391 39
392 195
393 188
394 221
395 17
396 180
397 6
398 14
399 386
400 68
401 293
402 299
403 138
404 209
405 349
406 398
407 10
408 335
409 401
410 165
411 96
412 47
413 163
414 47
415 114
416 116
417 258
418 1
419 47
420 207
421 344
422 58
423 9
424 163
425 348
426 372
427 175
428 263
429 177
430 98
431 127
432 195
433 344
434 141
435 422
436 23
437 250
438 384
439 141
440 117
441 170
442 193
443 5
444 434
445 221
446 413
447 62
448 170
449 299
450 4
451 189
452 385
453 129
454 9
455 377
456 273
457 64
458 137
459 297
460 194
461 141
462 115
463 401
464 419
465 288
466 38
467 434
468 326
469 338
470 10
471 329
472 430
473 18
474 198
475 102
476 242
477 400
478 49
479 246
480 111
481 349
482 446
483 9
484 448
485 306
486 118
487 237
488 374
489 455
490 320
491 202
492 226
493 1
494 428
495 487
496 408
497 199
498 60
499 263
500 224
501 389
502 451
503 225
504 243
505 274
506 164
507 235
508 233
509 368
510 453
511 299
512 226
513 321
514 295
515 195
516 386
517 481
518 478
519 436
520 245
521 153
522 76
523 264
524 120
525 290
526 349
527 271
528 137
529 514
530 290
531 21
532 205
533 202
534 98
535 379
536 192
537 337
538 523
539 300
540 258
541 432
542 148
543 177
544 539
545 63
546 264
547 517
548 67
549 502
550 342
551 34
552 285
553 247
554 4
555 254
556 442
557 447
558 260
559 188
560 464
561 412
562 544
563 197
564 197
565 534
566 408
567 484
568 257
569 296
570 350
571 325
572 58
573 537
574 114
575 261
576 92
577 62
578 245
579 132
580 151
581 502
582 211
583 14
584 268
585 113
586 339
587 271
588 326
589 61
590 447
591 23
592 139
593 58
594 253
595 424
596 328
597 96
598 294
599 34
600 171
601 103
602 448
603 36
604 377
605 346
606 495
607 135
608 577
609 486
610 550
611 202
612 601
613 513
614 62
615 444
616 112
617 326
618 143
619 79
620 183
621 148
622 187
623 402
624 480
625 231
626 217
627 68
628 202
629 317
630 226
631 255
632 525
633 77
634 270
635 151
636 414
637 8
638 221
639 240
640 219
641 96
642 23
643 78
644 495
645 478
646 531
647 4
648 360
649 575
650 244
651 237
652 524
653 287
654 478
655 231
656 209
657 489
658 587
659 582
660 542
661 408
662 476
663 407
664 121
665 410
666 556
667 621
668 610
669 502
670 321
671 130
672 204
673 596
674 641
675 225
676 506
677 150
678 76
679 368
680 363
681 587
682 554
683 607
684 73
685 230
686 399
687 510
688 657
689 184
690 689
691 199
692 242
693 359
694 97
695 606
696 643
697 487
698 228
699 348
700 23
701 645
702 367
703 148
704 94
705 233
706 503
707 618
708 480
709 252
710 412
711 618
712 383
713 59
714 584
715 424
716 339
717 503
718 138
719 19
720 244
721 653
722 330
723 10
724 190
725 55
726 347
727 461
728 128
729 316
730 675
731 585
732 51
733 428
734 393
735 260
736 671
737 488
738 648
739 188
740 349
741 61
742 331
743 567
744 252
745 239
746 587
747 702
748 176
749 163
750 418
751 625
752 96
753 608
754 515
755 182
756 398
757 22
758 410
759 204
760 209
761 672
762 572
763 275
764 66
765 300
766 750
767 371
768 395
769 281
770 68
771 661
772 38
773 276
774 761
775 43
776 231
777 622
778 154
779 56
780 570
781 113
782 442
783 86
784 644
785 712
786 322
787 205
788 189
789 156
790 399
791 718
792 606
793 316
794 502
795 76
796 189
797 441
798 159
799 789
800 583
801 771
802 440
803 622
804 557
805 450
806 401
807 457
808 516
809 784
810 396
811 35
812 629
813 234
814 638
815 654
816 730
817 270
818 46
819 604
820 652
821 708
822 87
823 521
824 378
825 368
826 755
827 128
828 568
829 618
830 125
831 429
832 572
833 366
834 517
835 63
836 835
837 675
838 110
839 307
840 619
841 223
842 776
843 710
844 119
845 301
846 209
847 284
848 103
849 137
850 526
851 383
852 412
853 375
854 657
855 460
856 614
857 187
858 674
859 687
860 38
861 548
862 495
863 39
864 753
865 675
866 348
867 591
868 269
869 706
870 109
871 694
872 87
873 384
874 305
875 136
876 183
877 276
878 23
879 838
880 303
881 290
882 289
883 594
884 288
885 20
886 513
887 141
888 87
889 285
890 107
891 641
892 633
893 318
894 538
895 505
896 522
897 746
898 243
899 386
900 624
901 160
902 61
903 486
904 242
905 342
906 737
907 259
908 504
909 159
910 566
911 229
912 660
913 144
914 317
915 211
916 50
917 112
918 743
919 306
920 821
921 135
922 490
923 809
924 665
925 813
926 355
927 161
928 574
929 618
930 717
931 611
932 426
933 448
934 393
935 463
936 199
937 710
938 913
939 24
940 376
941 284
942 106
943 216
944 65
945 460
946 940
947 552
948 931
949 647
950 515
951 408
952 251
953 409
954 238
955 627
956 752
957 312
958 97
959 321
960 349
961 652
962 582
963 829
964 253
965 311
966 654
967 922
968 17
969 643
970 38
971 423
972 911
973 552
974 456
975 499
976 699
977 78
978 609
979 919
980 546
981 964
982 283
983 96
984 435
985 650
986 826
987 779
988 739
989 500
990 141
991 712
992 813
993 759
994 129
995 64
996 737
997 280
998 901
999 155
1000 567
1001 867
1002 798
1003 502
1004 824
1005 482
1006 469
1007 565
1008 483
1009 429
1010 399
1011 122
1012 275
1013 640
1014 399
1015 182
1016 758
1017 955
1018 558
1019 827
1020 194
1021 425
1022 619
1023 548
1024 324
1025 852
1026 6
1027 17
1028 485
1029 592
1030 743
1031 857
1032 711
1033 542
1034 851
1035 675
1036 57
1037 687
1038 415
1039 710
1040 27
1041 594
1042 224
1043 63
1044 367
1045 474
1046 591
1047 815
1048 429
1049 899
1050 439
1051 687
1052 931
1053 606
1054 1052
1055 118
1056 687
1057 971
1058 960
1059 738
1060 958
1061 798
1062 564
1063 716
1064 286
1065 446
1066 45
1067 508
1068 676
1069 994
1070 589
1071 977
1072 775
1073 356
1074 287
1075 1007
1076 245
1077 51
1078 686
1079 903
1080 371
1081 603
1082 964
1083 1033
1084 160
1085 424
1086 527
1087 400
1088 848
1089 1027
1090 920
1091 267
1092 411
1093 319
1094 470
1095 687
1096 1086
1097 512
1098 379
1099 747
1100 249
1101 1085
1102 64
1103 1006
1104 856
1105 796
1106 807
1107 102
1108 833
1109 894
1110 13
1111 232
1112 1082
1113 18
1114 1072
1115 91
1116 1002
1117 254
1118 271
1119 911
1120 255
1121 260
1122 734
1123 289
1124 850
1125 859
1126 569
1127 838
1128 1107
1129 87
1130 387
1131 586
1132 966
1133 580
1134 187
1135 507
1136 127
1137 273
1138 1002
1139 451
1140 397
1141 964
1142 938
1143 910
1144 124
1145 777
1146 541
1147 563
1148 113
1149 1049
1150 634
1151 277
1152 1097
1153 600
1154 679
1155 602
1156 566
1157 1073
1158 186
1159 1075
1160 454
1161 688
1162 849
1163 797
1164 574
1165 956
1166 86
1167 1068
1168 227
1169 28
1170 556
1171 115
1172 35
1173 1072
1174 728
1175 373
1176 114
1177 344
1178 890
1179 887
1180 842
1181 596
1182 564
1183 766
1184 653
1185 1028
1186 963
1187 996
1188 347
1189 538
1190 473
1191 8
1192 570
1193 54
1194 721
1195 102
1196 502
1197 453
1198 425
1199 339
1200 492
1201 1173
1202 230
1203 258
1204 512
1205 1095
1206 95
1207 741
1208 843
1209 606
1210 983
1211 332
1212 297
1213 452
1214 249
1215 610
1216 3
1217 659
1218 1042
1219 273
1220 667
1221 625
1222 781
1223 541
1224 884
1225 847
1226 1186
1227 1140
1228 607
1229 122
1230 55
1231 484
1232 138
1233 803
1234 144
1235 1016
1236 962
1237 977
1238 1188
1239 956
1240 105
1241 68
1242 30
1243 340
1244 1239
1245 932
1246 133
1247 692
1248 213
1249 522
1250 613
1251 705
1252 805
1253 963
1254 859
1255 399
1256 282
1257 315
1258 1121
1259 687
1260 192
1261 448
1262 110
1263 151
1264 716
1265 1230
1266 660
1267 120
1268 971
1269 273
1270 984
1271 792
1272 1222
1273 489
1274 906
1275 1018
1276 345
1277 865
1278 263
1279 276
1280 575
1281 1012
1282 673
1283 721
1284 640
1285 687
1286 961
1287 630
1288 412
1289 411
1290 967
1291 485
1292 1156
1293 1134
1294 566
1295 879
1296 487
1297 1296
1298 287
1299 1293
1300 63
1301 716
1302 1013
1303 120
1304 477
1305 326
1306 591
1307 489
1308 489
1309 1015
1310 509
1311 1051
1312 991
1313 951
1314 1287
1315 849
1316 1157
1317 1202
1318 1204
1319 639
1320 536
1321 783
1322 310
1323 426
1324 1050
1325 485
1326 819
1327 1190
1328 1061
1329 30
1330 832
1331 829
1332 576
1333 497
1334 308
1335 392
1336 357
1337 802
1338 1053
1339 123
1340 1058
1341 33
1342 1028
1343 132
1344 987
1345 187
1346 157
1347 680
1348 1211
1349 1272
1350 55
1351 1262
1352 663
1353 1310
1354 507
1355 470
1356 609
1357 576
1358 402
1359 892
1360 1327
1361 323
1362 1315
1363 1345
1364 754
1365 197
1366 235
1367 463
1368 1010
1369 678
1370 1031
1371 44
1372 856
1373 1336
1374 847
1375 283
1376 594
1377 777
1378 1317
1379 1340
1380 212
1381 320
1382 1291
1383 316
1384 356
1385 841
1386 893
1387 1163
1388 1167
1389 1332
1390 903
1391 1149
1392 566
1393 453
1394 698
1395 157
1396 912
1397 495
1398 440
1399 808
1400 1372
1401 434
1402 63
1403 37
1404 1013
1405 435
1406 557
1407 938
1408 734
1409 169
1410 46
1411 1402
1412 1166
1413 1339
1414 670
1415 739
1416 319
1417 671
1418 598
1419 1061
1420 1172
1421 909
1422 436
1423 747
1424 1075
1425 220
1426 367
1427 1281
1428 1248
1429 44
1430 1062
1431 681
1432 1424
1433 205
1434 541
1435 926
1436 225
1437 299
1438 870
1439 1243
1440 959
1441 578
1442 381
1443 1224
1444 221
1445 1052
1446 546
1447 863
1448 332
1449 9
1450 127
1451 1307
1452 1037
1453 702
1454 456
1455 682
1456 569
1457 1169
1458 737
1459 375
1460 28
1461 1232
1462 1266
1463 1322
1464 517
1465 520
1466 1203
1467 1316
1468 165
1469 1263
1470 282
1471 1166
1472 1070
1473 1277
1474 849
1475 494
1476 976
1477 484
1478 1359
1479 213
1480 1276
1481 1198
1482 368
1483 111
1484 1191
1485 1152
1486 464
1487 420
1488 573
1489 1212
1490 1198
1491 883
1492 77
1493 378
1494 613
1495 1236
1496 1367
1497 1202
1498 616
1499 465
1500 854
1501 756
1502 1412
1503 158
1504 598
1505 1
1506 208
1507 951
1508 329
1509 1134
1510 1388
1511 665
1512 1169
1513 95
1514 82
1515 547
1516 966
1517 470
1518 649
1519 1471
1520 592
1521 4
1522 486
1523 17
1524 546
1525 286
1526 20
1527 339
1528 357
1529 1436
1530 349
1531 856
1532 454
1533 642
1534 1024
1535 96
1536 99
1537 1271
1538 13
1539 343
1540 59
1541 231
1542 501
1543 544
1544 915
1545 1420
1546 812
1547 961
1548 184
1549 465
1550 679
1551 980
1552 819
1553 593
1554 103
1555 958
1556 1069
1557 1162
1558 632
1559 526
1560 177
1561 1301
1562 1214
1563 985
1564 1287
1565 684
1566 829
1567 696
1568 1479
1569 1127
1570 1051
1571 51
1572 1124
1573 975
1574 398
1575 796
1576 1178
1577 420
1578 382
1579 441
1580 1197
1581 1448
1582 1380
1583 87
1584 839
1585 205
1586 887
1587 572
1588 1480
1589 1499
1590 654
1591 493
1592 908
1593 334
1594 319
1595 1494
1596 35
1597 843
1598 896
1599 1279
1600 393
1601 664
1602 248
1603 1231
1604 689
1605 21
1606 84
1607 988
1608 920
1609 1536
1610 172
1611 1363
1612 984
1613 1148
1614 1371
1615 43
1616 1144
1617 910
1618 1077
1619 1452
1620 1040
1621 40
1622 998
1623 33
1624 1436
1625 390
1626 450
1627 701
1628 123
1629 254
1630 1618
1631 1415
1632 1435
1633 1363
1634 436
1635 840
1636 1297
1637 189
1638 954
1639 188
1640 1574
1641 919
1642 1032
1643 685
1644 1295
1645 745
1646 430
1647 1125
1648 298
1649 220
1650 1413
1651 509
1652 845
1653 586
1654 678
1655 1634
1656 1372
1657 1086
1658 1354
1659 649
1660 273
1661 734
1662 913
1663 146
1664 1190
1665 607
1666 902
1667 778
1668 292
1669 276
1670 978
1671 1624
1672 1379
1673 210
1674 1069
1675 1391
1676 216
1677 470
1678 805
1679 611
1680 951
1681 672
1682 733
1683 1343
1684 763
1685 456
1686 995
1687 1194
1688 217
1689 1022
1690 600
1691 396
1692 303
1693 118
1694 1112
1695 1586
1696 849
1697 292
1698 960
1699 999
1700 1189
1701 1314
1702 104
1703 184
1704 719
1705 1168
1706 230
1707 642
1708 887
1709 803
1710 967
1711 1453
1712 483
1713 625
1714 1048
1715 1404
1716 379
1717 632
1718 1310
1719 91
1720 374
1721 1037
1722 353
1723 1351
1724 781
1725 79
1726 462
1727 1203
1728 1588
1729 716
1730 1119
1731 1017
1732 951
1733 1666
1734 1701
1735 428
1736 285
1737 906
1738 38
1739 1590
1740 1207
1741 277
1742 1282
1743 1010
1744 1113
1745 1720
1746 1726
1747 672
1748 1715
1749 1531
1750 614
1751 432
1752 1304
1753 1004
1754 1302
1755 1459
1756 1651
1757 424
1758 1070
1759 1449
1760 466
1761 413
1762 1753
1763 1750
1764 321
1765 25
1766 375
1767 1639
1768 251
1769 1095
1770 1712
1771 220
1772 184
1773 1668
1774 1629
1775 223
1776 1202
1777 77
1778 628
1779 1629
1780 1730
1781 540
1782 345
1783 1035
1784 1738
1785 722
1786 289
1787 562
1788 415
1789 1230
1790 1711
1791 1227
1792 693
1793 351
1794 1081
1795 333
1796 163
1797 951
1798 1632
1799 1583
1800 594
1801 1760
1802 1087
1803 197
1804 154
1805 1032
1806 1647
1807 1534
1808 1082
1809 247
1810 1581
1811 1764
1812 902
1813 271
1814 918
1815 157
1816 284
1817 360
1818 747
1819 310
1820 1104
1821 1165
1822 548
1823 483
1824 1126
1825 635
1826 192
1827 1726
1828 1499
1829 207
1830 387
1831 475
1832 876
1833 829
1834 1285
1835 757
1836 1635
1837 1655
1838 356
1839 108
1840 1266
1841 1631
1842 288
1843 1377
1844 966
1845 538
1846 563
1847 169
1848 414
1849 549
1850 1062
1851 661
1852 1500
1853 616
1854 475
1855 1012
1856 1845
1857 472
1858 56
1859 296
1860 1532
1861 601
1862 81
1863 1513
1864 132
1865 1525
1866 1419
1867 1180
1868 1476
1869 636
1870 1366
1871 1367
1872 1582
1873 556
1874 159
1875 320
1876 592
1877 1058
1878 411
1879 57
1880 1569
1881 570
1882 1456
1883 691
1884 1301
1885 792
1886 955
1887 1597
1888 333
1889 1376
1890 1106
1891 891
1892 1403
1893 1478
1894 100
1895 468
1896 674
1897 273
1898 354
1899 61
1900 35
1901 817
1902 640
1903 1723
1904 1182
1905 1255
1906 908
1907 674
1908 589
1909 1538
1910 841
1911 646
1912 456
1913 7
1914 219
1915 70
1916 441
1917 1160
1918 1775
1919 568
1920 661
1921 504
1922 45
1923 1732
1924 1678
1925 194
1926 947
1927 1096
1928 1526
1929 592
1930 1678
1931 147
1932 594
1933 1070
1934 1474
1935 858
1936 82
1937 504
1938 327
1939 1169
1940 1559
1941 308
1942 910
1943 535
1944 1827
1945 683
1946 1759
1947 1564
1948 127
1949 529
1950 823
1951 941
1952 270
1953 842
1954 1504
1955 159
1956 388
1957 632
1958 665
1959 753
1960 28
1961 43
1962 1939
1963 1598
1964 712
1965 1049
1966 650
1967 1216
1968 586
1969 790
1970 51
1971 1107
1972 766
1973 1672
1974 1798
1975 245
1976 628
1977 1886
1978 1550
1979 368
1980 645
1981 1338
1982 925
1983 203
1984 114
1985 510
1986 892
1987 966
1988 725
1989 1373
1990 981
1991 1274
1992 1836
1993 114
1994 175
1995 407
1996 1706
1997 627
1998 1476
1999 163
2000 169
0 0
